{
  "animation": [
    {
      "name": "Root",
      "time": [
        0.0,
        0.0083,
        0.0167,
        0.025,
        0.0333,
        0.0417,
        0.05,
        0.0583,
        0.0667,
        0.075,
        0.0833,
        0.0917,
        0.1,
        0.1083,
        0.1167,
        0.125,
        0.1333,
        0.1417,
        0.15,
        0.1583,
        0.1667,
        0.175,
        0.1833,
        0.1917,
        0.2,
        0.2083,
        0.2167,
        0.225,
        0.2333,
        0.2417,
        0.25,
        0.2583,
        0.2667,
        0.275,
        0.2833,
        0.2917,
        0.3,
        0.3083,
        0.3167,
        0.325,
        0.3333,
        0.3417,
        0.35,
        0.3583,
        0.3667,
        0.375,
        0.3833,
        0.3917,
        0.4,
        0.4083,
        0.4167,
        0.425,
        0.4333,
        0.4417,
        0.45,
        0.4583,
        0.4667,
        0.475,
        0.4833,
        0.4917,
        0.5,
        0.5083,
        0.5167,
        0.525,
        0.5333,
        0.5417,
        0.55,
        0.5583,
        0.5667,
        0.575,
        0.5833,
        0.5917,
        0.6,
        0.6083,
        0.6167,
        0.625,
        0.6333,
        0.6417,
        0.65,
        0.6583,
        0.6667,
        0.675,
        0.6833,
        0.6917,
        0.7,
        0.7083,
        0.7167,
        0.725,
        0.7333,
        0.7417,
        0.75,
        0.7583,
        0.7667,
        0.775,
        0.7833,
        0.7917,
        0.8,
        0.8083,
        0.8167,
        0.825,
        0.8333,
        0.8417,
        0.85,
        0.8583,
        0.8667,
        0.875,
        0.8833,
        0.8917,
        0.9,
        0.9083,
        0.9167,
        0.925,
        0.9333,
        0.9417,
        0.95,
        0.9583,
        0.9667,
        0.975,
        0.9833,
        0.9917,
        1.0,
        1.0083,
        1.0167,
        1.025,
        1.0333,
        1.0417,
        1.05,
        1.0583,
        1.0667,
        1.075,
        1.0833,
        1.0917,
        1.1,
        1.1083,
        1.1167,
        1.125,
        1.1333,
        1.1417,
        1.15,
        1.1583,
        1.1667,
        1.175,
        1.1833,
        1.1917,
        1.2,
        1.2083,
        1.2167,
        1.225,
        1.2333,
        1.2417,
        1.25,
        1.2583,
        1.2667,
        1.275,
        1.2833,
        1.2917,
        1.3,
        1.3083,
        1.3167,
        1.325,
        1.3333,
        1.3417,
        1.35,
        1.3583,
        1.3667,
        1.375,
        1.3833,
        1.3917,
        1.4,
        1.4083,
        1.4167,
        1.425,
        1.4333,
        1.4417,
        1.45,
        1.4583,
        1.4667,
        1.475,
        1.4833,
        1.4917,
        1.5,
        1.5083,
        1.5167,
        1.525,
        1.5333,
        1.5417,
        1.55,
        1.5583,
        1.5667,
        1.575,
        1.5833,
        1.5917,
        1.6,
        1.6083,
        1.6167,
        1.625,
        1.6333,
        1.6417,
        1.65,
        1.6583,
        1.6667,
        1.675,
        1.6833,
        1.6917,
        1.7,
        1.7083,
        1.7167,
        1.725,
        1.7333,
        1.7417,
        1.75,
        1.7583,
        1.7667,
        1.775,
        1.7833,
        1.7917,
        1.8,
        1.8083,
        1.8167,
        1.825,
        1.8333,
        1.8417,
        1.85,
        1.8583,
        1.8667,
        1.875,
        1.8833,
        1.8917,
        1.9,
        1.9083,
        1.9167,
        1.925,
        1.9333,
        1.9417,
        1.95,
        1.9583,
        1.9667,
        1.975,
        1.9833,
        1.9917,
        2.0,
        2.0083,
        2.0167,
        2.025,
        2.0333,
        2.0417,
        2.05,
        2.0583,
        2.0667,
        2.075,
        2.0833,
        2.0917,
        2.1,
        2.1083,
        2.1167,
        2.125,
        2.1333,
        2.1417,
        2.15,
        2.1583,
        2.1667,
        2.175,
        2.1833,
        2.1917,
        2.2,
        2.2083,
        2.2167,
        2.225,
        2.2333,
        2.2417,
        2.25,
        2.2583,
        2.2667,
        2.275,
        2.2833,
        2.2917,
        2.3,
        2.3083,
        2.3167,
        2.325,
        2.3333,
        2.3417,
        2.35,
        2.3583,
        2.3667,
        2.375,
        2.3833,
        2.3917,
        2.4,
        2.4083,
        2.4167,
        2.425,
        2.4333,
        2.4417,
        2.45,
        2.4583,
        2.4667,
        2.475,
        2.4833,
        2.4917,
        2.5,
        2.5083,
        2.5167,
        2.525,
        2.5333,
        2.5417
      ],
      "transform": [
        [
          -0.412119,
          -0.006334,
          -0.911108,
          -0.004881,
          -0.872987,
          0.289048,
          0.392867,
          0.017764,
          0.260866,
          0.957294,
          -0.124652,
          0.363036,
          0.0,
          0.0,
          0.0,
          1.0
        ],
        [
          -0.412119,
          -0.006334,
          -0.911108,
          -0.004881,
          -0.872987,
          0.289048,
          0.392867,
          0.017764,
          0.260866,
          0.957294,
          -0.124652,
          0.363036,
          0.0,
          0.0,
          0.0,
          1.0
        ],
        [
          -0.401427,
          -0.002167,
          -0.915888,
          -0.005117,
          -0.878225,
          0.284739,
          0.384246,
          0.027625,
          0.259956,
          0.958603,
          -0.116205,
          0.357676,
          0.0,
          0.0,
          0.0,
          1.0
        ],
        [
          -0.393251,
          0.001453,
          -0.91943,
          -0.005406,
          -0.882928,
          0.278381,
          0.378079,
          0.035883,
          0.256501,
          0.96047,
          -0.108191,
          0.352704,
          0.0,
          0.0,
          0.0,
          1.0
        ],
        [
          -0.38698,
          0.004604,
          -0.922077,
          -0.005736,
          -0.887267,
          0.27035,
          0.373721,
          0.042758,
          0.251004,
          0.962751,
          -0.100535,
          0.348115,
          0.0,
          0.0,
          0.0,
          1.0
        ],
        [
          -0.381985,
          0.00736,
          -0.92414,
          -0.006093,
          -0.891389,
          0.261029,
          0.370526,
          0.048471,
          0.243955,
          0.965303,
          -0.093149,
          0.343903,
          0.0,
          0.0,
          0.0,
          1.0
        ],
        [
          -0.37762,
          0.009793,
          -0.925909,
          -0.006463,
          -0.895425,
          0.250813,
          0.367841,
          0.05324,
          0.235832,
          0.967986,
          -0.085943,
          0.340063,
          0.0,
          0.0,
          0.0,
          1.0
        ],
        [
          -0.373237,
          0.011986,
          -0.927658,
          -0.006834,
          -0.899508,
          0.240103,
          0.365014,
          0.057288,
          0.227108,
          0.970673,
          -0.078834,
          0.336591,
          0.0,
          0.0,
          0.0,
          1.0
        ],
        [
          -0.368179,
          0.014031,
          -0.929649,
          -0.007191,
          -0.903777,
          0.229309,
          0.361394,
          0.060834,
          0.218247,
          0.973253,
          -0.071746,
          0.333483,
          0.0,
          0.0,
          0.0,
          1.0
        ],
        [
          -0.361783,
          0.016033,
          -0.932124,
          -0.007521,
          -0.908369,
          0.21885,
          0.356328,
          0.064099,
          0.209708,
          0.975627,
          -0.064612,
          0.330733,
          0.0,
          0.0,
          0.0,
          1.0
        ],
        [
          -0.353379,
          0.018104,
          -0.935305,
          -0.00781,
          -0.913424,
          0.209151,
          0.34916,
          0.067303,
          0.201942,
          0.977716,
          -0.057373,
          0.328337,
          0.0,
          0.0,
          0.0,
          1.0
        ],
        [
          -0.342283,
          0.020359,
          -0.939376,
          -0.008042,
          -0.919057,
          0.200646,
          0.339228,
          0.070668,
          0.195389,
          0.979452,
          -0.049967,
          0.326292,
          0.0,
          0.0,
          0.0,
          1.0
        ],
        [
          -0.327797,
          0.022906,
          -0.944471,
          -0.008205,
          -0.925347,
          0.193775,
          0.325859,
          0.074414,
          0.190479,
          0.980779,
          -0.042323,
          0.324594,
          0.0,
          0.0,
          0.0,
          1.0
        ],
        [
          -0.309197,
          0.025832,
          -0.950647,
          -0.008282,
          -0.932306,
          0.188988,
          0.308367,
          0.078762,
          0.187627,
          0.98164,
          -0.034351,
          0.323239,
          0.0,
          0.0,
          0.0,
          1.0
        ],
        [
          -0.285732,
          0.029194,
          -0.957865,
          -0.008259,
          -0.939842,
          0.186747,
          0.286047,
          0.083933,
          0.187229,
          0.981974,
          -0.025922,
          0.322223,
          0.0,
          0.0,
          0.0,
          1.0
        ],
        [
          -0.256621,
          0.032989,
          -0.965949,
          -0.008122,
          -0.947722,
          0.187522,
          0.258182,
          0.090148,
          0.189654,
          0.981706,
          -0.016858,
          0.321542,
          0.0,
          0.0,
          0.0,
          1.0
        ],
        [
          -0.221054,
          0.037139,
          -0.974554,
          -0.007857,
          -0.95552,
          0.191797,
          0.224045,
          0.097628,
          0.195238,
          0.980732,
          -0.00691,
          0.321194,
          0.0,
          0.0,
          0.0,
          1.0
        ],
        [
          -0.178207,
          0.041461,
          -0.983119,
          -0.007448,
          -0.962558,
          0.200059,
          0.182917,
          0.106595,
          0.204266,
          0.978906,
          0.004257,
          0.321175,
          0.0,
          0.0,
          0.0,
          1.0
        ],
        [
          -0.116818,
          0.045261,
          -0.992122,
          -0.006732,
          -0.967521,
          0.220306,
          0.123972,
          0.11805,
          0.224181,
          0.97438,
          0.018055,
          0.32244,
          0.0,
          0.0,
          0.0,
          1.0
        ],
        [
          -0.029573,
          0.046265,
          -0.998491,
          -0.005603,
          -0.965643,
          0.256697,
          0.040494,
          0.132495,
          0.258183,
          0.965384,
          0.037084,
          0.325702,
          0.0,
          0.0,
          0.0,
          1.0
        ],
        [
          0.077625,
          0.041867,
          -0.996103,
          -0.004137,
          -0.950847,
          0.303525,
          -0.061341,
          0.149398,
          0.299774,
          0.951903,
          0.06337,
          0.330587,
          0.0,
          0.0,
          0.0,
          1.0
        ],
        [
          0.197608,
          0.030322,
          -0.979812,
          -0.002402,
          -0.9186,
          0.354681,
          -0.174287,
          0.168229,
          0.342236,
          0.934496,
          0.097941,
          0.336728,
          0.0,
          0.0,
          0.0,
          1.0
        ],
        [
          0.32228,
          0.011481,
          -0.946575,
          -0.000454,
          -0.867391,
          0.404091,
          -0.290419,
          0.188461,
          0.379168,
          0.914647,
          0.140189,
          0.343761,
          0.0,
          0.0,
          0.0,
          1.0
        ],
        [
          0.443533,
          -0.012863,
          -0.896166,
          0.001662,
          -0.799441,
          0.446358,
          -0.402068,
          0.209574,
          0.405183,
          0.894762,
          0.187691,
          0.351324,
          0.0,
          0.0,
          0.0,
          1.0
        ],
        [
          0.554386,
          -0.039067,
          -0.831342,
          0.003916,
          -0.720552,
          0.477346,
          -0.502937,
          0.231062,
          0.416486,
          0.877846,
          0.236485,
          0.35906,
          0.0,
          0.0,
          0.0,
          1.0
        ],
        [
          0.649903,
          -0.062103,
          -0.757476,
          0.006282,
          -0.639219,
          0.494471,
          -0.58898,
          0.252426,
          0.411127,
          0.866973,
          0.281661,
          0.366604,
          0.0,
          0.0,
          0.0,
          1.0
        ],
        [
          0.741221,
          -0.069017,
          -0.667704,
          0.009451,
          -0.558847,
          0.487593,
          -0.670778,
          0.277368,
          0.371863,
          0.870339,
          0.322844,
          0.375572,
          0.0,
          0.0,
          0.0,
          1.0
        ],
        [
          0.828571,
          -0.056694,
          -0.557006,
          0.013704,
          -0.473549,
          0.459794,
          -0.751226,
          0.306859,
          0.298698,
          0.886214,
          0.354125,
          0.38667,
          0.0,
          0.0,
          0.0,
          1.0
        ],
        [
          0.897112,
          -0.038455,
          -0.440126,
          0.018313,
          -0.383378,
          0.427343,
          -0.818779,
          0.336277,
          0.219571,
          0.903271,
          0.368632,
          0.398217,
          0.0,
          0.0,
          0.0,
          1.0
        ],
        [
          0.941235,
          -0.033435,
          -0.336094,
          0.022443,
          -0.294951,
          0.403471,
          -0.86615,
          0.36093,
          0.164563,
          0.914382,
          0.369899,
          0.408643,
          0.0,
          0.0,
          0.0,
          1.0
        ],
        [
          0.963664,
          -0.059444,
          -0.26042,
          0.025566,
          -0.217746,
          0.389888,
          -0.894748,
          0.378481,
          0.154722,
          0.918941,
          0.362778,
          0.417334,
          0.0,
          0.0,
          0.0,
          1.0
        ],
        [
          0.973364,
          -0.104018,
          -0.204309,
          0.028176,
          -0.151492,
          0.377076,
          -0.913709,
          0.391716,
          0.172082,
          0.920323,
          0.351274,
          0.42523,
          0.0,
          0.0,
          0.0,
          1.0
        ],
        [
          0.978198,
          -0.143178,
          -0.150427,
          0.030934,
          -0.089806,
          0.361474,
          -0.928047,
          0.403629,
          0.187251,
          0.921323,
          0.340735,
          0.433169,
          0.0,
          0.0,
          0.0,
          1.0
        ],
        [
          0.984976,
          -0.152329,
          -0.081354,
          0.034516,
          -0.024671,
          0.342137,
          -0.939326,
          0.41727,
          0.170921,
          0.927221,
          0.333238,
          0.442012,
          0.0,
          0.0,
          0.0,
          1.0
        ],
        [
          0.993527,
          -0.113502,
          0.004723,
          0.038853,
          0.041479,
          0.323756,
          -0.945231,
          0.430861,
          0.105757,
          0.939308,
          0.326368,
          0.450877,
          0.0,
          0.0,
          0.0,
          1.0
        ],
        [
          0.994269,
          -0.042822,
          0.097959,
          0.043673,
          0.106435,
          0.310227,
          -0.944686,
          0.443718,
          0.010064,
          0.949698,
          0.313006,
          0.459567,
          0.0,
          0.0,
          0.0,
          1.0
        ],
        [
          0.979674,
          0.033188,
          0.197831,
          0.049337,
          0.179073,
          0.29973,
          -0.937067,
          0.460562,
          -0.090395,
          0.953447,
          0.287695,
          0.470008,
          0.0,
          0.0,
          0.0,
          1.0
        ],
        [
          0.948649,
          0.088238,
          0.303774,
          0.056205,
          0.267635,
          0.288038,
          -0.919459,
          0.48609,
          -0.16863,
          0.953545,
          0.249632,
          0.48427,
          0.0,
          0.0,
          0.0,
          1.0
        ],
        [
          0.896091,
          0.116884,
          0.428204,
          0.065358,
          0.386313,
          0.26972,
          -0.88205,
          0.526834,
          -0.218593,
          0.955819,
          0.19654,
          0.506846,
          0.0,
          0.0,
          0.0,
          1.0
        ],
        [
          0.817144,
          0.134578,
          0.560504,
          0.076266,
          0.520214,
          0.246684,
          -0.817634,
          0.578566,
          -0.248303,
          0.959706,
          0.131567,
          0.535369,
          0.0,
          0.0,
          0.0,
          1.0
        ],
        [
          0.726662,
          0.146201,
          0.671259,
          0.086912,
          0.636926,
          0.222815,
          -0.738024,
          0.629742,
          -0.257466,
          0.963835,
          0.068792,
          0.561726,
          0.0,
          0.0,
          0.0,
          1.0
        ],
        [
          0.652793,
          0.154075,
          0.741703,
          0.095298,
          0.71386,
          0.202537,
          -0.67036,
          0.66875,
          -0.253508,
          0.967078,
          0.022227,
          0.577804,
          0.0,
          0.0,
          0.0,
          1.0
        ],
        [
          0.598001,
          0.1612,
          0.785117,
          0.102121,
          0.7631,
          0.185042,
          -0.619224,
          0.695976,
          -0.245099,
          0.969419,
          -0.012356,
          0.585459,
          0.0,
          0.0,
          0.0,
          1.0
        ],
        [
          0.544087,
          0.169394,
          0.821751,
          0.109156,
          0.805965,
          0.166718,
          -0.568002,
          0.720009,
          -0.233216,
          0.971345,
          -0.045816,
          0.591748,
          0.0,
          0.0,
          0.0,
          1.0
        ],
        [
          0.493557,
          0.177419,
          0.851425,
          0.116043,
          0.841886,
          0.148195,
          -0.518909,
          0.741509,
          -0.218241,
          0.972914,
          -0.076224,
          0.596357,
          0.0,
          0.0,
          0.0,
          1.0
        ],
        [
          0.448936,
          0.18391,
          0.874433,
          0.122422,
          0.870695,
          0.129945,
          -0.474347,
          0.761131,
          -0.200865,
          0.974316,
          -0.101793,
          0.598974,
          0.0,
          0.0,
          0.0,
          1.0
        ],
        [
          0.412659,
          0.187403,
          0.891399,
          0.127931,
          0.892523,
          0.112316,
          -0.436792,
          0.77953,
          -0.181975,
          0.975841,
          -0.120914,
          0.599288,
          0.0,
          0.0,
          0.0,
          1.0
        ],
        [
          0.386994,
          0.186361,
          0.903053,
          0.132212,
          0.907649,
          0.095616,
          -0.408696,
          0.797358,
          -0.162511,
          0.977817,
          -0.132147,
          0.596986,
          0.0,
          0.0,
          0.0,
          1.0
        ],
        [
          0.373995,
          0.179191,
          0.909955,
          0.1349,
          0.916291,
          0.080219,
          -0.392396,
          0.815273,
          -0.14331,
          0.980538,
          -0.134189,
          0.591754,
          0.0,
          0.0,
          0.0,
          1.0
        ],
        [
          0.375477,
          0.164277,
          0.912157,
          0.135632,
          0.918372,
          0.066724,
          -0.390052,
          0.833931,
          -0.124939,
          0.984155,
          -0.125815,
          0.583279,
          0.0,
          0.0,
          0.0,
          1.0
        ],
        [
          0.393567,
          0.138404,
          0.908817,
          0.134009,
          0.91314,
          0.055362,
          -0.40387,
          0.85271,
          -0.106212,
          0.988827,
          -0.104594,
          0.56979,
          0.0,
          0.0,
          0.0,
          1.0
        ],
        [
          0.426954,
          0.101223,
          0.89859,
          0.130195,
          0.900217,
          0.046442,
          -0.432958,
          0.870724,
          -0.085558,
          0.993779,
          -0.071295,
          0.550818,
          0.0,
          0.0,
          0.0,
          1.0
        ],
        [
          0.471912,
          0.055613,
          0.87989,
          0.12467,
          0.879427,
          0.041055,
          -0.474259,
          0.888249,
          -0.062499,
          0.997608,
          -0.029533,
          0.527992,
          0.0,
          0.0,
          0.0,
          1.0
        ],
        [
          0.524591,
          0.00474,
          0.851341,
          0.117914,
          0.850564,
          0.04016,
          -0.524336,
          0.905562,
          -0.036675,
          0.999182,
          0.017036,
          0.502941,
          0.0,
          0.0,
          0.0,
          1.0
        ],
        [
          0.581189,
          -0.047984,
          0.812353,
          0.110419,
          0.813728,
          0.044278,
          -0.579557,
          0.922933,
          -0.00816,
          0.997866,
          0.064779,
          0.477307,
          0.0,
          0.0,
          0.0,
          1.0
        ],
        [
          0.638198,
          -0.09905,
          0.763474,
          0.102683,
          0.769548,
          0.053284,
          -0.636363,
          0.940624,
          0.02235,
          0.993655,
          0.110229,
          0.452737,
          0.0,
          0.0,
          0.0,
          1.0
        ],
        [
          0.69265,
          -0.145074,
          0.706533,
          0.095208,
          0.719288,
          0.066298,
          -0.691542,
          0.958883,
          0.053483,
          0.987197,
          0.150271,
          0.430893,
          0.0,
          0.0,
          0.0,
          1.0
        ],
        [
          0.74234,
          -0.183016,
          0.644544,
          0.088499,
          0.664833,
          0.081686,
          -0.742513,
          0.977945,
          0.083242,
          0.97971,
          0.182314,
          0.413446,
          0.0,
          0.0,
          0.0,
          1.0
        ],
        [
          0.801014,
          -0.208901,
          0.561015,
          0.081561,
          0.588576,
          0.103654,
          -0.801769,
          0.999861,
          0.109339,
          0.972428,
          0.205982,
          0.403611,
          0.0,
          0.0,
          0.0,
          1.0
        ],
        [
          0.866401,
          -0.221171,
          0.447697,
          0.073974,
          0.48168,
          0.13378,
          -0.866076,
          1.024336,
          0.131658,
          0.966016,
          0.222441,
          0.401464,
          0.0,
          0.0,
          0.0,
          1.0
        ],
        [
          0.918746,
          -0.22276,
          0.326013,
          0.067094,
          0.365146,
          0.165152,
          -0.916184,
          1.048033,
          0.150247,
          0.960783,
          0.233072,
          0.403975,
          0.0,
          0.0,
          0.0,
          1.0
        ],
        [
          0.949652,
          -0.219774,
          0.223292,
          0.062265,
          0.266427,
          0.191477,
          -0.944644,
          1.067561,
          0.164853,
          0.956575,
          0.240391,
          0.408116,
          0.0,
          0.0,
          0.0,
          1.0
        ],
        [
          0.964117,
          -0.217049,
          0.152864,
          0.059027,
          0.198412,
          0.206552,
          -0.958107,
          1.08092,
          0.176382,
          0.954058,
          0.242205,
          0.413111,
          0.0,
          0.0,
          0.0,
          1.0
        ],
        [
          0.971815,
          -0.212598,
          0.101867,
          0.056922,
          0.148114,
          0.214458,
          -0.965438,
          1.090232,
          0.183404,
          0.953315,
          0.239903,
          0.420578,
          0.0,
          0.0,
          0.0,
          1.0
        ],
        [
          0.977356,
          -0.203012,
          0.059674,
          0.057292,
          0.105939,
          0.225336,
          -0.968504,
          1.09827,
          0.183171,
          0.952896,
          0.24174,
          0.431072,
          0.0,
          0.0,
          0.0,
          1.0
        ],
        [
          0.98287,
          -0.183652,
          0.015469,
          0.061495,
          0.061705,
          0.24882,
          -0.966582,
          1.107815,
          0.173666,
          0.950979,
          0.25589,
          0.445144,
          0.0,
          0.0,
          0.0,
          1.0
        ],
        [
          0.988827,
          -0.144822,
          -0.035323,
          0.072702,
          0.009049,
          0.294839,
          -0.955504,
          1.121113,
          0.148792,
          0.944509,
          0.292856,
          0.466493,
          0.0,
          0.0,
          0.0,
          1.0
        ],
        [
          0.992433,
          -0.089769,
          -0.083779,
          0.089294,
          -0.046943,
          0.353087,
          -0.934412,
          1.136154,
          0.113463,
          0.931274,
          0.346201,
          0.493586,
          0.0,
          0.0,
          0.0,
          1.0
        ],
        [
          0.99188,
          -0.034733,
          -0.122342,
          0.10542,
          -0.097978,
          0.404623,
          -0.90922,
          1.149349,
          0.081082,
          0.913824,
          0.397934,
          0.519167,
          0.0,
          0.0,
          0.0,
          1.0
        ],
        [
          0.989079,
          0.001783,
          -0.147374,
          0.115173,
          -0.133496,
          0.434581,
          -0.890684,
          1.157144,
          0.062458,
          0.900631,
          0.430073,
          0.536064,
          0.0,
          0.0,
          0.0,
          1.0
        ],
        [
          0.98633,
          0.019917,
          -0.163575,
          0.118804,
          -0.15512,
          0.447169,
          -0.880896,
          1.160194,
          0.055601,
          0.894228,
          0.444146,
          0.544981,
          0.0,
          0.0,
          0.0,
          1.0
        ],
        [
          0.98367,
          0.033019,
          -0.176925,
          0.120741,
          -0.172378,
          0.455504,
          -0.873385,
          1.16171,
          0.051752,
          0.889621,
          0.453757,
          0.551652,
          0.0,
          0.0,
          0.0,
          1.0
        ],
        [
          0.981303,
          0.041862,
          -0.18786,
          0.121332,
          -0.185821,
          0.460356,
          -0.868068,
          1.161986,
          0.050144,
          0.886747,
          0.459528,
          0.556491,
          0.0,
          0.0,
          0.0,
          1.0
        ],
        [
          0.979318,
          0.047269,
          -0.196729,
          0.120924,
          -0.19603,
          0.462379,
          -0.864742,
          1.161315,
          0.050088,
          0.885422,
          0.462082,
          0.559913,
          0.0,
          0.0,
          0.0,
          1.0
        ],
        [
          0.977727,
          0.050097,
          -0.203814,
          0.119865,
          -0.203602,
          0.462136,
          -0.86312,
          1.159989,
          0.05095,
          0.885393,
          0.462043,
          0.56233,
          0.0,
          0.0,
          0.0,
          1.0
        ],
        [
          0.976495,
          0.051226,
          -0.209362,
          0.118506,
          -0.209138,
          0.460139,
          -0.862864,
          1.158302,
          0.052135,
          0.886368,
          0.460037,
          0.564154,
          0.0,
          0.0,
          0.0,
          1.0
        ],
        [
          0.975559,
          0.051553,
          -0.213605,
          0.117194,
          -0.213234,
          0.456866,
          -0.8636,
          1.156544,
          0.053068,
          0.88804,
          0.456693,
          0.565797,
          0.0,
          0.0,
          0.0,
          1.0
        ],
        [
          0.974838,
          0.051983,
          -0.216768,
          0.116281,
          -0.216476,
          0.452783,
          -0.864943,
          1.155008,
          0.053186,
          0.890104,
          0.452643,
          0.567669,
          0.0,
          0.0,
          0.0,
          1.0
        ],
        [
          0.97439,
          0.051985,
          -0.218771,
          0.11556,
          -0.218576,
          0.4474,
          -0.867212,
          1.153497,
          0.052797,
          0.892822,
          0.447305,
          0.569708,
          0.0,
          0.0,
          0.0,
          1.0
        ],
        [
          0.974298,
          0.050593,
          -0.219508,
          0.114624,
          -0.219044,
          0.440161,
          -0.870791,
          1.151664,
          0.052563,
          0.896492,
          0.43993,
          0.571567,
          0.0,
          0.0,
          0.0,
          1.0
        ],
        [
          0.974503,
          0.048075,
          -0.219164,
          0.113519,
          -0.218154,
          0.431418,
          -0.875378,
          1.149579,
          0.052468,
          0.90087,
          0.430906,
          0.573237,
          0.0,
          0.0,
          0.0,
          1.0
        ],
        [
          0.974941,
          0.044699,
          -0.217926,
          0.112288,
          -0.21618,
          0.421526,
          -0.880671,
          1.147308,
          0.052496,
          0.905714,
          0.420627,
          0.574711,
          0.0,
          0.0,
          0.0,
          1.0
        ],
        [
          0.975547,
          0.040734,
          -0.215982,
          0.110975,
          -0.213395,
          0.410848,
          -0.886378,
          1.144918,
          0.05263,
          0.910793,
          0.409494,
          0.575979,
          0.0,
          0.0,
          0.0,
          1.0
        ],
        [
          0.976256,
          0.036443,
          -0.21353,
          0.109625,
          -0.210073,
          0.399752,
          -0.892226,
          1.142478,
          0.052844,
          0.915899,
          0.397916,
          0.577033,
          0.0,
          0.0,
          0.0,
          1.0
        ],
        [
          0.977007,
          0.032083,
          -0.210778,
          0.108282,
          -0.206487,
          0.388622,
          -0.897962,
          1.140056,
          0.053104,
          0.920839,
          0.386311,
          0.577867,
          0.0,
          0.0,
          0.0,
          1.0
        ],
        [
          0.977742,
          0.027903,
          -0.207946,
          0.106991,
          -0.202909,
          0.377858,
          -0.903356,
          1.137718,
          0.053367,
          0.925443,
          0.375109,
          0.578472,
          0.0,
          0.0,
          0.0,
          1.0
        ],
        [
          0.978409,
          0.024147,
          -0.205263,
          0.105794,
          -0.199612,
          0.367866,
          -0.908201,
          1.135534,
          0.053579,
          0.929565,
          0.364743,
          0.578841,
          0.0,
          0.0,
          0.0,
          1.0
        ],
        [
          0.978959,
          0.021048,
          -0.202967,
          0.104736,
          -0.196869,
          0.359067,
          -0.912312,
          1.133571,
          0.053677,
          0.933074,
          0.355655,
          0.578967,
          0.0,
          0.0,
          0.0,
          1.0
        ],
        [
          0.979348,
          0.018836,
          -0.201304,
          0.10386,
          -0.194951,
          0.351888,
          -0.915516,
          1.131897,
          0.053592,
          0.935853,
          0.348292,
          0.578844,
          0.0,
          0.0,
          0.0,
          1.0
        ],
        [
          0.979529,
          0.017739,
          -0.200518,
          0.10321,
          -0.19413,
          0.346753,
          -0.917647,
          1.13058,
          0.053252,
          0.937789,
          0.343098,
          0.578466,
          0.0,
          0.0,
          0.0,
          1.0
        ],
        [
          0.979587,
          0.017327,
          -0.200271,
          0.102691,
          -0.193978,
          0.342852,
          -0.919143,
          1.12946,
          0.052738,
          0.939229,
          0.339215,
          0.577936,
          0.0,
          0.0,
          0.0,
          1.0
        ],
        [
          0.979636,
          0.017014,
          -0.200059,
          0.10218,
          -0.193884,
          0.339089,
          -0.920558,
          1.128335,
          0.052175,
          0.9406,
          0.335483,
          0.577366,
          0.0,
          0.0,
          0.0,
          1.0
        ],
        [
          0.979676,
          0.016797,
          -0.199882,
          0.101677,
          -0.193845,
          0.335464,
          -0.921894,
          1.127206,
          0.051568,
          0.941903,
          0.331902,
          0.576754,
          0.0,
          0.0,
          0.0,
          1.0
        ],
        [
          0.979707,
          0.01667,
          -0.199741,
          0.101183,
          -0.19386,
          0.331972,
          -0.923154,
          1.126078,
          0.050919,
          0.943142,
          0.328467,
          0.576103,
          0.0,
          0.0,
          0.0,
          1.0
        ],
        [
          0.979729,
          0.016629,
          -0.199635,
          0.100699,
          -0.193926,
          0.328614,
          -0.924341,
          1.124952,
          0.050232,
          0.944318,
          0.325177,
          0.575413,
          0.0,
          0.0,
          0.0,
          1.0
        ],
        [
          0.979743,
          0.016668,
          -0.199564,
          0.100224,
          -0.194042,
          0.325386,
          -0.925457,
          1.123831,
          0.04951,
          0.945434,
          0.322029,
          0.574686,
          0.0,
          0.0,
          0.0,
          1.0
        ],
        [
          0.979749,
          0.016782,
          -0.199527,
          0.09976,
          -0.194205,
          0.322288,
          -0.926507,
          1.122719,
          0.048756,
          0.946493,
          0.31902,
          0.573921,
          0.0,
          0.0,
          0.0,
          1.0
        ],
        [
          0.979746,
          0.016968,
          -0.199524,
          0.099307,
          -0.194412,
          0.319316,
          -0.927492,
          1.121618,
          0.047974,
          0.947496,
          0.316147,
          0.57312,
          0.0,
          0.0,
          0.0,
          1.0
        ],
        [
          0.979736,
          0.017219,
          -0.199554,
          0.098866,
          -0.194663,
          0.31647,
          -0.928414,
          1.120531,
          0.047167,
          0.948446,
          0.313409,
          0.572285,
          0.0,
          0.0,
          0.0,
          1.0
        ],
        [
          0.979717,
          0.017531,
          -0.199616,
          0.098437,
          -0.194954,
          0.313746,
          -0.929277,
          1.119461,
          0.046338,
          0.949345,
          0.3108,
          0.571414,
          0.0,
          0.0,
          0.0,
          1.0
        ],
        [
          0.979691,
          0.0179,
          -0.199711,
          0.098021,
          -0.195283,
          0.311144,
          -0.930083,
          1.11841,
          0.045491,
          0.950194,
          0.308321,
          0.570511,
          0.0,
          0.0,
          0.0,
          1.0
        ],
        [
          0.979658,
          0.01832,
          -0.199837,
          0.097618,
          -0.19565,
          0.30866,
          -0.930833,
          1.117382,
          0.044629,
          0.950996,
          0.305966,
          0.569574,
          0.0,
          0.0,
          0.0,
          1.0
        ],
        [
          0.979617,
          0.018787,
          -0.199994,
          0.09723,
          -0.196051,
          0.306293,
          -0.93153,
          1.11638,
          0.043756,
          0.951752,
          0.303733,
          0.568607,
          0.0,
          0.0,
          0.0,
          1.0
        ],
        [
          0.979569,
          0.019296,
          -0.20018,
          0.096855,
          -0.196485,
          0.30404,
          -0.932177,
          1.115405,
          0.042875,
          0.952464,
          0.301619,
          0.567608,
          0.0,
          0.0,
          0.0,
          1.0
        ],
        [
          0.979514,
          0.019842,
          -0.200396,
          0.096496,
          -0.196949,
          0.301899,
          -0.932774,
          1.114462,
          0.041991,
          0.953133,
          0.299623,
          0.56658,
          0.0,
          0.0,
          0.0,
          1.0
        ],
        [
          0.979452,
          0.020421,
          -0.200639,
          0.096153,
          -0.197442,
          0.299868,
          -0.933325,
          1.113553,
          0.041106,
          0.953762,
          0.297739,
          0.565522,
          0.0,
          0.0,
          0.0,
          1.0
        ],
        [
          0.979384,
          0.021028,
          -0.20091,
          0.095826,
          -0.197963,
          0.297944,
          -0.933831,
          1.11268,
          0.040223,
          0.954352,
          0.295965,
          0.564437,
          0.0,
          0.0,
          0.0,
          1.0
        ],
        [
          0.979309,
          0.021658,
          -0.201208,
          0.095515,
          -0.198508,
          0.296127,
          -0.934293,
          1.111847,
          0.039348,
          0.954903,
          0.294299,
          0.563324,
          0.0,
          0.0,
          0.0,
          1.0
        ],
        [
          0.979228,
          0.022307,
          -0.201531,
          0.095222,
          -0.199076,
          0.294411,
          -0.934714,
          1.111056,
          0.038482,
          0.955419,
          0.292736,
          0.562185,
          0.0,
          0.0,
          0.0,
          1.0
        ],
        [
          0.979141,
          0.022969,
          -0.201878,
