{
  "animation": [
    {
      "name": "Root",
      "time": [
        0.0,
        0.0083,
        0.0167,
        0.025,
        0.0333,
        0.0417,
        0.05,
        0.0583,
        0.0667,
        0.075,
        0.0833,
        0.0917,
        0.1,
        0.1083,
        0.1167,
        0.125,
        0.1333,
        0.1417,
        0.15,
        0.1583,
        0.1667,
        0.175,
        0.1833,
        0.1917,
        0.2,
        0.2083,
        0.2167,
        0.225,
        0.2333,
        0.2417,
        0.25,
        0.2583,
        0.2667,
        0.275,
        0.2833,
        0.2917,
        0.3,
        0.3083,
        0.3167,
        0.325,
        0.3333,
        0.3417,
        0.35,
        0.3583,
        0.3667,
        0.375,
        0.3833,
        0.3917,
        0.4,
        0.4083,
        0.4167,
        0.425,
        0.4333,
        0.4417,
        0.45,
        0.4583,
        0.4667,
        0.475,
        0.4833,
        0.4917,
        0.5,
        0.5083,
        0.5167,
        0.525,
        0.5333,
        0.5417,
        0.55,
        0.5583,
        0.5667,
        0.575,
        0.5833,
        0.5917,
        0.6,
        0.6083,
        0.6167,
        0.625,
        0.6333,
        0.6417,
        0.65,
        0.6583,
        0.6667,
        0.675,
        0.6833,
        0.6917,
        0.7,
        0.7083,
        0.7167,
        0.725,
        0.7333,
        0.7417,
        0.75,
        0.7583,
        0.7667,
        0.775,
        0.7833,
        0.7917,
        0.8,
        0.8083,
        0.8167,
        0.825,
        0.8333,
        0.8417,
        0.85,
        0.8583,
        0.8667,
        0.875,
        0.8833,
        0.8917,
        0.9,
        0.9083,
        0.9167,
        0.925,
        0.9333,
        0.9417,
        0.95,
        0.9583,
        0.9667,
        0.975,
        0.9833,
        0.9917,
        1.0,
        1.0083,
        1.0167,
        1.025,
        1.0333,
        1.0417,
        1.05,
        1.0583,
        1.0667,
        1.075,
        1.0833,
        1.0917,
        1.1,
        1.1083,
        1.1167,
        1.125,
        1.1333,
        1.1417,
        1.15,
        1.1583,
        1.1667,
        1.175,
        1.1833,
        1.1917,
        1.2,
        1.2083,
        1.2167,
        1.225,
        1.2333,
        1.2417,
        1.25,
        1.2583,
        1.2667,
        1.275,
        1.2833,
        1.2917,
        1.3,
        1.3083,
        1.3167,
        1.325,
        1.3333,
        1.3417,
        1.35,
        1.3583,
        1.3667,
        1.375,
        1.3833,
        1.3917,
        1.4,
        1.4083,
        1.4167,
        1.425,
        1.4333,
        1.4417,
        1.45,
        1.4583,
        1.4667,
        1.475,
        1.4833,
        1.4917,
        1.5,
        1.5083,
        1.5167,
        1.525,
        1.5333,
        1.5417,
        1.55,
        1.5583,
        1.5667,
        1.575,
        1.5833,
        1.5917,
        1.6,
        1.6083,
        1.6167,
        1.625,
        1.6333,
        1.6417,
        1.65,
        1.6583,
        1.6667,
        1.675,
        1.6833,
        1.6917,
        1.7,
        1.7083,
        1.7167,
        1.725,
        1.7333,
        1.7417,
        1.75,
        1.7583,
        1.7667,
        1.775,
        1.7833,
        1.7917,
        1.8,
        1.8083,
        1.8167,
        1.825,
        1.8333,
        1.8417,
        1.85,
        1.8583,
        1.8667,
        1.875,
        1.8833,
        1.8917,
        1.9,
        1.9083,
        1.9167,
        1.925,
        1.9333,
        1.9417,
        1.95,
        1.9583,
        1.9667,
        1.975,
        1.9833,
        1.9917,
        2.0,
        2.0083,
        2.0167,
        2.025,
        2.0333,
        2.0417,
        2.05,
        2.0583,
        2.0667,
        2.075,
        2.0833,
        2.0917,
        2.1,
        2.1083,
        2.1167,
        2.125,
        2.1333,
        2.1417,
        2.15,
        2.1583,
        2.1667,
        2.175,
        2.1833,
        2.1917,
        2.2,
        2.2083,
        2.2167,
        2.225,
        2.2333,
        2.2417,
        2.25,
        2.2583,
        2.2667,
        2.275,
        2.2833,
        2.2917,
        2.3,
        2.3083,
        2.3167,
        2.325,
        2.3333,
        2.3417,
        2.35,
        2.3583,
        2.3667,
        2.375,
        2.3833,
        2.3917,
        2.4,
        2.4083,
        2.4167,
        2.425,
        2.4333,
        2.4417,
        2.45,
        2.4583,
        2.4667,
        2.475,
        2.4833,
        2.4917,
        2.5,
        2.5083,
        2.5167,
        2.525,
        2.5333,
        2.5417,
        2.55,
        2.5583,
        2.5667,
        2.575,
        2.5833,
        2.5917,
        2.6,
        2.6083,
        2.6167,
        2.625,
        2.6333,
        2.6417,
        2.65,
        2.6583,
        2.6667,
        2.675,
        2.6833,
        2.6917,
        2.7,
        2.7083,
        2.7167,
        2.725,
        2.7333,
        2.7417,
        2.75
      ],
      "transform": [
        [
          0.989079,
          0.001783,
          -0.147375,
          -0.000753,
          -0.133497,
          0.434581,
          -0.890684,
          0.013135,
          0.062458,
          0.900631,
          0.430072,
          0.636064,
          0.0,
          0.0,
          0.0,
          1.0
        ],
        [
          0.989079,
          0.001783,
          -0.147375,
          -0.000753,
          -0.133497,
          0.434581,
          -0.890684,
          0.013135,
          0.062458,
          0.900631,
          0.430072,
          0.636064,
          0.0,
          0.0,
          0.0,
          1.0
        ],
        [
          0.976199,
          0.020089,
          -0.215942,
          0.005825,
          -0.203269,
          0.431865,
          -0.878734,
          0.046402,
          0.075605,
          0.901715,
          0.42567,
          0.64856,
          0.0,
          0.0,
          0.0,
          1.0
        ],
        [
          0.955974,
          0.032088,
          -0.291692,
          0.011481,
          -0.277709,
          0.420122,
          -0.86393,
          0.084579,
          0.094824,
          0.9069,
          0.410536,
          0.659672,
          0.0,
          0.0,
          0.0,
          1.0
        ],
        [
          0.927882,
          0.037855,
          -0.370946,
          0.016271,
          -0.354015,
          0.401809,
          -0.844526,
          0.126093,
          0.11708,
          0.914941,
          0.386232,
          0.669514,
          0.0,
          0.0,
          0.0,
          1.0
        ],
        [
          0.89224,
          0.037896,
          -0.449969,
          0.020255,
          -0.429421,
          0.379409,
          -0.819541,
          0.169366,
          0.139665,
          0.924453,
          0.354797,
          0.678201,
          0.0,
          0.0,
          0.0,
          1.0
        ],
        [
          0.850288,
          0.033271,
          -0.525265,
          0.023501,
          -0.501279,
          0.355353,
          -0.788951,
          0.212816,
          0.160405,
          0.93414,
          0.31883,
          0.68585,
          0.0,
          0.0,
          0.0,
          1.0
        ],
        [
          0.804157,
          0.025625,
          -0.593865,
          0.026083,
          -0.567202,
          0.33192,
          -0.753731,
          0.254851,
          0.177801,
          0.942959,
          0.28145,
          0.692589,
          0.0,
          0.0,
          0.0,
          1.0
        ],
        [
          0.756703,
          0.017133,
          -0.653534,
          0.028077,
          -0.625211,
          0.311144,
          -0.715752,
          0.293873,
          0.19108,
          0.950208,
          0.246155,
          0.698548,
          0.0,
          0.0,
          0.0,
          1.0
        ],
        [
          0.711272,
          0.010368,
          -0.702841,
          0.029564,
          -0.67382,
          0.294763,
          -0.677555,
          0.328275,
          0.200147,
          0.955514,
          0.216642,
          0.703866,
          0.0,
          0.0,
          0.0,
          1.0
        ],
        [
          0.667985,
          0.004278,
          -0.744162,
          0.030645,
          -0.714994,
          0.280969,
          -0.640188,
          0.358965,
          0.206348,
          0.959707,
          0.190742,
          0.708799,
          0.0,
          0.0,
          0.0,
          1.0
        ],
        [
          0.624773,
          -0.003748,
          -0.780797,
          0.031386,
          -0.751791,
          0.267184,
          -0.602846,
          0.388081,
          0.210876,
          0.963638,
          0.164111,
          0.71348,
          0.0,
          0.0,
          0.0,
          1.0
        ],
        [
          0.58181,
          -0.013264,
          -0.813216,
          0.031807,
          -0.784709,
          0.253735,
          -0.565553,
          0.415859,
          0.213843,
          0.967183,
          0.137217,
          0.717866,
          0.0,
          0.0,
          0.0,
          1.0
        ],
        [
          0.539163,
          -0.023801,
          -0.841865,
          0.03193,
          -0.814194,
          0.24091,
          -0.528252,
          0.442533,
          0.215387,
          0.970256,
          0.110511,
          0.721913,
          0.0,
          0.0,
          0.0,
          1.0
        ],
        [
          0.496814,
          -0.034881,
          -0.867156,
          0.031776,
          -0.840633,
          0.228961,
          -0.490829,
          0.468337,
          0.215666,
          0.97281,
          0.084429,
          0.725578,
          0.0,
          0.0,
          0.0,
          1.0
        ],
        [
          0.454664,
          -0.046018,
          -0.889474,
          0.031367,
          -0.864361,
          0.218107,
          -0.453111,
          0.493505,
          0.214852,
          0.974839,
          0.05939,
          0.728818,
          0.0,
          0.0,
          0.0,
          1.0
        ],
        [
          0.412549,
          -0.056721,
          -0.909168,
          0.030726,
          -0.885652,
          0.208539,
          -0.414889,
          0.518272,
          0.21313,
          0.976368,
          0.035798,
          0.731592,
          0.0,
          0.0,
          0.0,
          1.0
        ],
        [
          0.370255,
          -0.0665,
          -0.926547,
          0.029875,
          -0.904721,
          0.200416,
          -0.375917,
          0.542869,
          0.210693,
          0.977451,
          0.014042,
          0.733857,
          0.0,
          0.0,
          0.0,
          1.0
        ],
        [
          0.32752,
          -0.074864,
          -0.941874,
          0.028836,
          -0.921722,
          0.193867,
          -0.335922,
          0.567532,
          0.207747,
          0.978167,
          -0.005509,
          0.735572,
          0.0,
          0.0,
          0.0,
          1.0
        ],
        [
          0.284046,
          -0.081323,
          -0.955356,
          0.027632,
          -0.936747,
          0.188986,
          -0.294601,
          0.592493,
          0.204507,
          0.978607,
          -0.022498,
          0.736696,
          0.0,
          0.0,
          0.0,
          1.0
        ],
        [
          0.239516,
          -0.085385,
          -0.967131,
          0.026286,
          -0.949814,
          0.18583,
          -0.251634,
          0.617983,
          0.201208,
          0.978865,
          -0.03659,
          0.737187,
          0.0,
          0.0,
          0.0,
          1.0
        ],
        [
          0.193592,
          -0.086554,
          -0.977257,
          0.024823,
          -0.960873,
          0.184407,
          -0.206679,
          0.644237,
          0.198102,
          0.979031,
          -0.047467,
          0.737003,
          0.0,
          0.0,
          0.0,
          1.0
        ],
        [
          0.147794,
          -0.085445,
          -0.98532,
          0.023236,
          -0.96949,
          0.184483,
          -0.161418,
          0.670429,
          0.195568,
          0.979114,
          -0.055573,
          0.736412,
          0.0,
          0.0,
          0.0,
          1.0
        ],
        [
          0.103683,
          -0.082992,
          -0.991142,
          0.021509,
          -0.975546,
          0.185689,
          -0.1176,
          0.695726,
          0.193804,
          0.979097,
          -0.061709,
          0.73568,
          0.0,
          0.0,
          0.0,
          1.0
        ],
        [
          0.060951,
          -0.079185,
          -0.994995,
          0.019651,
          -0.979346,
          0.187793,
          -0.074938,
          0.720338,
          0.192787,
          0.979012,
          -0.066103,
          0.73477,
          0.0,
          0.0,
          0.0,
          1.0
        ],
        [
          0.019269,
          -0.074039,
          -0.997069,
          0.017674,
          -0.981115,
          0.19057,
          -0.033112,
          0.744477,
          0.192463,
          0.978878,
          -0.068968,
          0.733643,
          0.0,
          0.0,
          0.0,
          1.0
        ],
        [
          -0.021712,
          -0.067584,
          -0.997477,
          0.015586,
          -0.981008,
          0.193793,
          0.008223,
          0.768356,
          0.192749,
          0.978712,
          -0.070508,
          0.73226,
          0.0,
          0.0,
          0.0,
          1.0
        ],
        [
          -0.062345,
          -0.05987,
          -0.996257,
          0.013398,
          -0.979108,
          0.197242,
          0.049419,
          0.792187,
          0.193545,
          0.978525,
          -0.070917,
          0.730582,
          0.0,
          0.0,
          0.0,
          1.0
        ],
        [
          -0.10299,
          -0.05096,
          -0.993376,
          0.011121,
          -0.975435,
          0.200691,
          0.090834,
          0.816183,
          0.194733,
          0.978328,
          -0.070378,
          0.728571,
          0.0,
          0.0,
          0.0,
          1.0
        ],
        [
          -0.143997,
          -0.040933,
          -0.988731,
          0.008764,
          -0.969937,
          0.203914,
          0.132818,
          0.840555,
          0.19618,
          0.978133,
          -0.069065,
          0.726189,
          0.0,
          0.0,
          0.0,
          1.0
        ],
        [
          -0.185709,
          -0.029882,
          -0.98215,
          0.006338,
          -0.962502,
          0.206682,
          0.175706,
          0.865515,
          0.197742,
          0.977952,
          -0.067144,
          0.723395,
          0.0,
          0.0,
          0.0,
          1.0
        ],
        [
          -0.228448,
          -0.017919,
          -0.973391,
          0.003855,
          -0.952945,
          0.208762,
          0.219806,
          0.891275,
          0.199268,
          0.977802,
          -0.064767,
          0.720153,
          0.0,
          0.0,
          0.0,
          1.0
        ],
        [
          -0.27251,
          -0.005175,
          -0.962139,
          0.001325,
          -0.94101,
          0.209917,
          0.265397,
          0.918047,
          0.200596,
          0.977705,
          -0.062074,
          0.716424,
          0.0,
          0.0,
          0.0,
          1.0
        ],
        [
          -0.318155,
          0.008197,
          -0.948003,
          -0.001241,
          -0.926365,
          0.209909,
          0.312708,
          0.946043,
          0.201557,
          0.977687,
          -0.05919,
          0.712169,
          0.0,
          0.0,
          0.0,
          1.0
        ],
        [
          -0.365588,
          0.022016,
          -0.930516,
          -0.003833,
          -0.908598,
          0.208495,
          0.36191,
          0.975473,
          0.201976,
          0.977776,
          -0.05622,
          0.707351,
          0.0,
          0.0,
          0.0,
          1.0
        ],
        [
          -0.414952,
          0.036068,
          -0.909128,
          -0.006439,
          -0.887212,
          0.205435,
          0.4131,
          1.006547,
          0.201667,
          0.978006,
          -0.053246,
          0.701931,
          0.0,
          0.0,
          0.0,
          1.0
        ],
        [
          -0.466299,
          0.050103,
          -0.883207,
          -0.009048,
          -0.86162,
          0.200496,
          0.466276,
          1.039477,
          0.200442,
          0.978412,
          -0.050322,
          0.695873,
          0.0,
          0.0,
          0.0,
          1.0
        ],
        [
          -0.519569,
          0.063822,
          -0.852042,
          -0.011651,
          -0.831146,
          0.193453,
          0.521318,
          1.074472,
          0.198102,
          0.979031,
          -0.047467,
          0.689139,
          0.0,
          0.0,
          0.0,
          1.0
        ],
        [
          -0.573379,
          0.078133,
          -0.815556,
          -0.014286,
          -0.795628,
          0.184408,
          0.577035,
          1.111665,
          0.19548,
          0.979739,
          -0.043571,
          0.681533,
          0.0,
          0.0,
          0.0,
          1.0
        ],
        [
          -0.626165,
          0.093807,
          -0.774027,
          -0.016997,
          -0.755283,
          0.173471,
          0.632025,
          1.150908,
          0.19356,
          0.980361,
          -0.03777,
          0.672957,
          0.0,
          0.0,
          0.0,
          1.0
        ],
        [
          -0.67746,
          0.110284,
          -0.727245,
          -0.019777,
          -0.709967,
          0.160496,
          0.685703,
          1.191981,
          0.192342,
          0.980856,
          -0.030431,
          0.663514,
          0.0,
          0.0,
          0.0,
          1.0
        ],
        [
          -0.726756,
          0.126982,
          -0.675057,
          -0.022621,
          -0.659576,
          0.145399,
          0.737441,
          1.234669,
          0.191794,
          0.981191,
          -0.021915,
          0.653309,
          0.0,
          0.0,
          0.0,
          1.0
        ],
        [
          -0.773505,
          0.143307,
          -0.617376,
          -0.025523,
          -0.604057,
          0.128167,
          0.786568,
          1.278755,
          0.191848,
          0.981344,
          -0.012573,
          0.642449,
          0.0,
          0.0,
          0.0,
          1.0
        ],
        [
          -0.817122,
          0.158659,
          -0.554201,
          -0.028479,
          -0.54341,
          0.108864,
          0.832379,
          1.324024,
          0.192397,
          0.981313,
          -0.002738,
          0.631038,
          0.0,
          0.0,
          0.0,
          1.0
        ],
        [
          -0.856993,
          0.17245,
          -0.485616,
          -0.031484,
          -0.477699,
          0.087635,
          0.874142,
          1.370263,
          0.193303,
          0.981112,
          0.007277,
          0.619182,
          0.0,
          0.0,
          0.0,
          1.0
        ],
        [
          -0.892478,
          0.184107,
          -0.41181,
          -0.034535,
          -0.407058,
          0.064708,
          0.911107,
          1.417257,
          0.194388,
          0.980774,
          0.017191,
          0.606987,
          0.0,
          0.0,
          0.0,
          1.0
        ],
        [
          -0.92292,
          0.193087,
          -0.333071,
          -0.037627,
          -0.331694,
          0.040399,
          0.942522,
          1.464797,
          0.195445,
          0.98035,
          0.026761,
          0.59456,
          0.0,
          0.0,
          0.0,
          1.0
        ],
        [
          -0.94765,
          0.198896,
          -0.249799,
          -0.040756,
          -0.251897,
          0.015105,
          0.967636,
          1.51267,
          0.196232,
          0.979904,
          0.035787,
          0.582009,
          0.0,
          0.0,
          0.0,
          1.0
        ],
        [
          -0.965999,
          0.201091,
          -0.162503,
          -0.043919,
          -0.168046,
          -0.01069,
          0.985721,
          1.560668,
          0.196482,
          0.979514,
          0.044119,
          0.569441,
          0.0,
          0.0,
          0.0,
          1.0
        ],
        [
          -0.977303,
          0.199303,
          -0.071809,
          -0.047111,
          -0.080617,
          -0.036424,
          0.996079,
          1.608584,
          0.195906,
          0.979261,
          0.051664,
          0.556964,
          0.0,
          0.0,
          0.0,
          1.0
        ],
        [
          -0.980914,
          0.193246,
          0.021546,
          -0.050325,
          0.009815,
          -0.061462,
          0.998062,
          1.65621,
          0.194196,
          0.979223,
          0.058392,
          0.544686,
          0.0,
          0.0,
          0.0,
          1.0
        ],
        [
          -0.976211,
          0.182729,
          0.116712,
          -0.053557,
          0.10256,
          -0.085102,
          0.99108,
          1.703342,
          0.191032,
          0.979473,
          0.064337,
          0.532716,
          0.0,
          0.0,
          0.0,
          1.0
        ],
        [
          -0.962617,
          0.167674,
          0.212729,
          -0.056799,
          0.196817,
          -0.106588,
          0.974629,
          1.749775,
          0.186094,
          0.980063,
          0.069602,
          0.521162,
          0.0,
          0.0,
          0.0,
          1.0
        ],
        [
          -0.939612,
          0.148121,
          0.308528,
          -0.060043,
          0.291659,
          -0.125117,
          0.948304,
          1.795307,
          0.179065,
          0.981023,
          0.074361,
          0.510133,
          0.0,
          0.0,
          0.0,
          1.0
        ],
        [
          -0.905941,
          0.120773,
          0.405814,
          -0.063351,
          0.38923,
          -0.139683,
          0.910488,
          1.841027,
          0.166647,
          0.982803,
          0.079536,
          0.499495,
          0.0,
          0.0,
          0.0,
          1.0
        ],
        [
          -0.858757,
          0.083387,
          0.505553,
          -0.066779,
          0.490963,
          -0.148388,
          0.85845,
          1.8878,
          0.146602,
          0.985407,
          0.08649,
          0.489059,
          0.0,
          0.0,
          0.0,
          1.0
        ],
        [
          -0.795269,
          0.038071,
          0.60506,
          -0.0703,
          0.594186,
          -0.149218,
          0.790365,
          1.935086,
          0.120376,
          0.988071,
          0.096048,
          0.478847,
          0.0,
          0.0,
          0.0,
          1.0
        ],
        [
          -0.713011,
          -0.012543,
          0.701041,
          -0.073887,
          0.695398,
          -0.140487,
          0.704758,
          1.982343,
          0.089647,
          0.990003,
          0.108892,
          0.468881,
          0.0,
          0.0,
          0.0,
          1.0
        ],
        [
          -0.610167,
          -0.065326,
          0.789575,
          -0.077505,
          0.790269,
          -0.121013,
          0.600692,
          2.029024,
          0.056308,
          0.990499,
          0.125463,
          0.459182,
          0.0,
          0.0,
          0.0,
          1.0
        ],
        [
          -0.485906,
          -0.116746,
          0.866179,
          -0.081119,
          0.873724,
          -0.090299,
          0.477968,
          2.074576,
          0.022415,
          0.989048,
          0.14588,
          0.449774,
          0.0,
          0.0,
          0.0,
          1.0
        ],
        [
          -0.340703,
          -0.16302,
          0.92593,
          -0.084691,
          0.940119,
          -0.048703,
          0.337349,
          2.118439,
          -0.009899,
          0.98542,
          0.169852,
          0.440681,
          0.0,
          0.0,
          0.0,
          1.0
        ],
        [
          -0.176608,
          -0.20035,
          0.963675,
          -0.088186,
          0.983526,
          0.00243,
          0.180751,
          2.160044,
          -0.038555,
          0.979721,
          0.19662,
          0.43193,
          0.0,
          0.0,
          0.0,
          1.0
        ],
        [
          0.016678,
          -0.227189,
          0.973708,
          -0.091727,
          0.997752,
          0.066994,
          -0.001458,
          2.199486,
          -0.064901,
          0.971544,
          0.227796,
          0.42336,
          0.0,
          0.0,
          0.0,
          1.0
        ],
        [
          0.238582,
          -0.238681,
          0.941334,
          -0.095379,
          0.967091,
          0.146623,
          -0.207933,
          2.237367,
          -0.088392,
          0.959965,
          0.265808,
          0.414872,
          0.0,
          0.0,
          0.0,
          1.0
        ],
        [
          0.464381,
          -0.228633,
          0.855615,
          -0.099013,
          0.879426,
          0.233246,
          -0.414977,
          2.273858,
          -0.104691,
          0.945158,
          0.309381,
          0.406589,
          0.0,
          0.0,
          0.0,
          1.0
        ],
        [
          0.667238,
          -0.195642,
          0.718691,
          -0.102501,
          0.736546,
          0.316935,
          -0.597539,
          2.309108,
          -0.110874,
          0.92805,
          0.35557,
          0.398638,
          0.0,
          0.0,
          0.0,
          1.0
        ],
        [
          0.825585,
          -0.14378,
          0.545653,
          -0.105727,
          0.554186,
          0.388665,
          -0.736082,
          2.343253,
          -0.106242,
          0.910092,
          0.400556,
          0.391147,
          0.0,
          0.0,
          0.0,
          1.0
        ],
        [
          0.929333,
          -0.0815,
          0.360137,
          -0.108591,
          0.357465,
          0.442958,
          -0.822196,
          2.37642,
          -0.092517,
          0.89283,
          0.440789,
          0.384247,
          0.0,
          0.0,
          0.0,
          1.0
        ],
        [
          0.982037,
          -0.019333,
          0.187697,
          -0.111017,
          0.173866,
          0.479203,
          -0.860311,
          2.408739,
          -0.073312,
          0.877491,
          0.473956,
          0.378072,
          0.0,
          0.0,
          0.0,
          1.0
        ],
        [
          0.998215,
          0.032463,
          0.050126,
          -0.112941,
          0.027138,
          0.501112,
          -0.864957,
          2.440351,
          -0.053198,
          0.864773,
          0.499337,
          0.372756,
          0.0,
          0.0,
          0.0,
          1.0
        ],
        [
          0.996559,
          0.069253,
          -0.045535,
          -0.114258,
          -0.074839,
          0.515795,
          -0.853437,
          2.471898,
          -0.035616,
          0.853908,
          0.519203,
          0.368134,
          0.0,
          0.0,
          0.0,
          1.0
        ],
        [
          0.989711,
          0.093822,
          -0.108027,
          -0.115005,
          -0.141469,
          0.528623,
          -0.836985,
          2.503513,
          -0.021422,
          0.843656,
          0.536457,
          0.364011,
          0.0,
          0.0,
          0.0,
          1.0
        ],
        [
          0.98354,
          0.108568,
          -0.144439,
          -0.115344,
          -0.180358,
          0.541299,
          -0.821259,
          2.534582,
          -0.010977,
          0.833792,
          0.55197,
          0.360475,
          0.0,
          0.0,
          0.0,
          1.0
        ],
        [
          0.979954,
          0.116148,
          -0.161864,
          -0.115433,
          -0.19918,
          0.554138,
          -0.808244,
          2.564491,
          -0.004181,
          0.824282,
          0.566165,
          0.357616,
          0.0,
          0.0,
          0.0,
          1.0
        ],
        [
          0.978686,
          0.119395,
          -0.167088,
          -0.115426,
          -0.205361,
          0.566683,
          -0.797933,
          2.592621,
          -0.000583,
          0.815239,
          0.579124,
          0.355521,
          0.0,
          0.0,
          0.0,
          1.0
        ],
        [
          0.978522,
          0.121335,
          -0.166649,
          -0.115471,
          -0.20614,
          0.578134,
          -0.789473,
          2.618358,
          0.000554,
          0.80687,
          0.590729,
          0.354281,
          0.0,
          0.0,
          0.0,
          1.0
        ],
        [
          0.977987,
          0.125199,
          -0.166935,
          -0.115714,
          -0.208667,
          0.587591,
          -0.781789,
          2.641085,
          0.00021,
          0.799414,
          0.600781,
          0.353985,
          0.0,
          0.0,
          0.0,
          1.0
        ],
        [
          0.975491,
          0.13437,
          -0.174248,
          -0.116299,
          -0.22004,
          0.594068,
          -0.773735,
          2.660184,
          -0.000451,
          0.793113,
          0.609075,
          0.354723,
          0.0,
          0.0,
          0.0,
          1.0
        ],
        [
          0.971702,
          0.148492,
          -0.1837,
          -0.117329,
          -0.236176,
          0.597479,
          -0.766316,
          2.675421,
          -0.004035,
          0.788016,
          0.615642,
          0.357006,
          0.0,
          0.0,
          0.0,
          1.0
        ],
        [
          0.968506,
          0.164123,
          -0.18724,
          -0.118712,
          -0.248658,
          0.598822,
          -0.761303,
          2.687285,
          -0.012824,
          0.783885,
          0.620773,
          0.360968,
          0.0,
          0.0,
          0.0,
          1.0
        ],
        [
          0.965838,
          0.180105,
          -0.186331,
          -0.120299,
          -0.257933,
          0.598581,
          -0.758401,
          2.696242,
          -0.025057,
          0.780553,
          0.624587,
          0.366133,
          0.0,
          0.0,
          0.0,
          1.0
        ],
        [
          0.963622,
          0.195323,
          -0.182431,
          -0.121939,
          -0.264415,
          0.597245,
          -0.757221,
          2.702752,
          -0.038947,
          0.777912,
          0.627164,
          0.372024,
          0.0,
          0.0,
          0.0,
          1.0
        ],
        [
          0.961833,
          0.208694,
          -0.176984,
          -0.123484,
          -0.268514,
          0.595292,
          -0.757316,
          2.707284,
          -0.05269,
          0.775935,
          0.628609,
          0.378166,
          0.0,
          0.0,
          0.0,
          1.0
        ],
        [
          0.960515,
          0.219146,
          -0.171424,
          -0.12478,
          -0.270655,
          0.593183,
          -0.758208,
          2.710301,
          -0.064472,
          0.774667,
          0.629074,
          0.384085,
          0.0,
          0.0,
          0.0,
          1.0
        ],
        [
          0.959767,
          0.225614,
          -0.167172,
          -0.125678,
          -0.271285,
          0.591356,
          -0.759409,
          2.712268,
          -0.072475,
          0.774207,
          0.628769,
          0.389308,
          0.0,
          0.0,
          0.0,
          1.0
        ],
        [
          0.959701,
          0.227025,
          -0.165631,
          -0.126026,
          -0.270863,
          0.590225,
          -0.760439,
          2.713648,
          -0.074879,
          0.774657,
          0.627932,
          0.393362,
          0.0,
          0.0,
          0.0,
          1.0
        ],
        [
          0.960072,
          0.225216,
          -0.165948,
          -0.126023,
          -0.269893,
          0.589583,
          -0.761282,
          2.714773,
          -0.073613,
          0.775674,
          0.626826,
          0.396641,
          0.0,
          0.0,
          0.0,
          1.0
        ],
        [
          0.960576,
          0.222776,
          -0.166328,
          -0.12597,
          -0.268575,
          0.588954,
          -0.762234,
          2.715671,
          -0.071848,
          0.776855,
          0.625567,
          0.399834,
          0.0,
          0.0,
          0.0,
          1.0
        ],
        [
          0.961197,
          0.219749,
          -0.166768,
          -0.125871,
          -0.266935,
          0.588333,
          -0.763288,
          2.716357,
          -0.069617,
          0.778186,
          0.624163,
          0.402913,
          0.0,
          0.0,
          0.0,
          1.0
        ],
        [
          0.961921,
          0.216175,
          -0.167259,
          -0.125728,
          -0.264999,
          0.587717,
          -0.764437,
          2.716845,
          -0.066952,
          0.779652,
          0.622624,
          0.40585,
          0.0,
          0.0,
          0.0,
          1.0
        ],
        [
          0.962735,
          0.212098,
          -0.167793,
          -0.125544,
          -0.26279,
          0.587099,
          -0.765674,
          2.717147,
          -0.063887,
          0.781236,
          0.620959,
          0.408615,
          0.0,
          0.0,
          0.0,
          1.0
        ],
        [
          0.963624,
          0.207561,
          -0.168367,
          -0.125323,
          -0.260335,
          0.586475,
          -0.766989,
          2.717279,
          -0.060454,
          0.782921,
          0.619177,
          0.411182,
          0.0,
          0.0,
          0.0,
          1.0
        ],
        [
          0.964572,
          0.202606,
          -0.168971,
          -0.125067,
          -0.257656,
          0.58584,
          -0.768378,
          2.717254,
          -0.056688,
          0.784692,
          0.617288,
          0.413521,
          0.0,
          0.0,
          0.0,
          1.0
        ],
        [
          0.965566,
          0.197276,
          -0.1696,
          -0.12478,
          -0.25478,
          0.585189,
          -0.769832,
          2.717084,
          -0.052622,
          0.786534,
          0.615301,
          0.415604,
          0.0,
          0.0,
          0.0,
          1.0
        ],
        [
          0.966592,
          0.191614,
          -0.170246,
          -0.124465,
          -0.25173,
          0.584519,
          -0.771343,
          2.716785,
          -0.048287,
          0.78843,
          0.613226,
          0.417404,
          0.0,
          0.0,
          0.0,
          1.0
        ],
        [
          0.967636,
          0.185663,
          -0.170906,
          -0.124124,
          -0.248532,
          0.583823,
          -0.772905,
          2.716371,
          -0.043721,
          0.790367,
          0.611072,
          0.418891,
          0.0,
          0.0,
          0.0,
          1.0
        ],
        [
          0.968687,
          0.179467,
          -0.171572,
          -0.123761,
          -0.24521,
          0.583101,
          -0.77451,
          2.715854,
          -0.038955,
          0.792329,
          0.608849,
          0.420038,
          0.0,
          0.0,
          0.0,
          1.0
        ],
        [
          0.969732,
          0.17307,
          -0.172239,
          -0.123379,
          -0.241789,
          0.582347,
          -0.776151,
          2.715249,
          -0.034025,
          0.794304,
          0.606567,
          0.420817,
          0.0,
          0.0,
          0.0,
          1.0
        ],
        [
          0.970761,
          0.166514,
          -0.172903,
          -0.12298,
          -0.238293,
          0.581561,
          -0.77782,
          2.71457,
          -0.028965,
          0.796279,
          0.604236,
          0.421263,
          0.0,
          0.0,
          0.0,
          1.0
        ],
        [
          0.971765,
          0.159846,
          -0.173557,
          -0.122568,
          -0.234746,
          0.58074,
          -0.77951,
          2.713829,
          -0.02381,
          0.798242,
          0.601866,
          0.421448,
          0.0,
          0.0,
          0.0,
          1.0
        ],
        [
          0.972734,
          0.153108,
          -0.174199,
          -0.122146,
          -0.231175,
          0.579884,
          -0.781213,
          2.713041,
          -0.018595,
          0.800183,
          0.599468,
          0.421396,
          0.0,
          0.0,
          0.0,
          1.0
        ],
        [
          0.973663,
          0.146346,
          -0.174825,
          -0.121717,
          -0.227602,
          0.578991,
          -0.782922,
          2.71222,
          -0.013355,
          0.802092,
          0.59705,
          0.421129,
          0.0,
          0.0,
          0.0,
          1.0
        ],
        [
          0.974543,
          0.139604,
          -0.17543,
          -0.121285,
          -0.224052,
          0.578063,
          -0.78463,
          2.711381,
          -0.008128,
          0.803961,
          0.594626,
          0.420671,
          0.0,
          0.0,
          0.0,
          1.0
        ],
        [
          0.975371,
          0.132928,
          -0.176013,
          -0.12085,
          -0.220549,
          0.577101,
          -0.786329,
          2.710536,
          -0.002948,
          0.805782,
          0.592205,
          0.420044,
          0.0,
          0.0,
          0.0,
          1.0
        ],
        [
          0.976143,
          0.126363,
          -0.17657,
          -0.120419,
          -0.217117,
          0.576106,
          -0.788012,
          2.709698,
          0.002147,
          0.807548,
          0.589797,
          0.419272,
          0.0,
          0.0,
          0.0,
          1.0
        ],
        [
          0.976855,
          0.119953,
          -0.1771,
          -0.119992,
          -0.213781,
          0.575081,
          -0.789671,
          2.708883,
          0.007123,
          0.809255,
          0.587414,
          0.418378,
          0.0,
          0.0,
          0.0,
          1.0
        ],
        [
          0.977507,
          0.113746,
          -0.177601,
          -0.119573,
          -0.210565,
          0.574028,
          -0.791299,
          2.708105,
          0.011941,
          0.810897,
          0.585067,
          0.417386,
          0.0,
          0.0,
          0.0,
          1.0
        ],
        [
          0.978096,
          0.107786,
          -0.178072,
          -0.119165,
          -0.207492,
          0.572952,
          -0.792889,
          2.707376,
          0.016565,
          0.81247,
