{
    "animation": [
        {
            "name": "Root",
            "time": [0.0, 0.0167, 0.0333, 0.05, 0.0667, 0.0833, 0.1, 0.1167, 0.1333, 0.15, 0.1667, 0.1833, 0.2, 0.2167, 0.2333, 0.25, 0.2667, 0.2833, 0.3, 0.3167, 0.3333, 0.35, 0.3667, 0.3833, 0.4, 0.4167, 0.4333, 0.45, 0.4667, 0.4833, 0.5, 0.5167, 0.5333, 0.55, 0.5667, 0.5833, 0.6, 0.6167, 0.6333, 0.65, 0.6667, 0.6833, 0.7, 0.7167, 0.7333, 0.75, 0.7667, 0.7833, 0.8, 0.8167, 0.8333, 0.85, 0.8667, 0.8833, 0.9, 0.9167, 0.9333, 0.95, 0.9667, 0.9833, 1.0, 1.0167, 1.0333, 1.05, 1.0667, 1.0833, 1.1, 1.1167, 1.1333, 1.15, 1.1667, 1.1833, 1.2, 1.2167, 1.2333, 1.25, 1.2667, 1.2833, 1.3, 1.3167, 1.3333, 1.35, 1.3667, 1.3833, 1.4, 1.4167, 1.4333, 1.45, 1.4667, 1.4833, 1.5, 1.5167, 1.5333, 1.55, 1.5667, 1.5833, 1.6, 1.6167, 1.6333, 1.65, 1.6667, 1.6833, 1.7, 1.7167, 1.7333, 1.75, 1.7667, 1.7833, 1.8, 1.8167, 1.8333, 1.85, 1.8667, 1.8833, 1.9, 1.9167, 1.9333, 1.95, 1.9667, 1.9833, 2.0, 2.0167, 2.0333, 2.05, 2.0667, 2.0833, 2.1, 2.1167, 2.1333, 2.15, 2.1667, 2.1833, 2.2, 2.2167, 2.2333, 2.25],
            "transform": [
                [0.708169, -0.080555, -0.701432, -0.004857, -0.702166, -0.184316, -0.687743, 0.005223, -0.073884, 0.97956, -0.18709, 0.809694, 0.0, 0.0, 0.0, 1.0],
                [0.702774, -0.079785, -0.706925, -0.007628, -0.708091, -0.174363, -0.684255, 0.014899, -0.068668, 0.981444, -0.179033, 0.807139, 0.0, 0.0, 0.0, 1.0],
                [0.684032, -0.07801, -0.725269, -0.016011, -0.72736, -0.1482, -0.670063, 0.038409, -0.055213, 0.985876, -0.158114, 0.800637, 0.0, 0.0, 0.0, 1.0],
                [0.660478, -0.07263, -0.747324, -0.027869, -0.750215, -0.104592, -0.652869, 0.08098, -0.030746, 0.99186, -0.123569, 0.78942, 0.0, 0.0, 0.0, 1.0],
                [0.668002, -0.067398, -0.741101, -0.029253, -0.743996, -0.081372, -0.663211, 0.111819, -0.015605, 0.994402, -0.1045, 0.782553, 0.0, 0.0, 0.0, 1.0],
                [0.680564, -0.064477, -0.729846, -0.027191, -0.732636, -0.071817, -0.676821, 0.12687, -0.008776, 0.995332, -0.096114, 0.779422, 0.0, 0.0, 0.0, 1.0],
                [0.731084, -0.05512, -0.680057, -0.015424, -0.682178, -0.041158, -0.730027, 0.16864, 0.01225, 0.997631, -0.067691, 0.769735, 0.0, 0.0, 0.0, 1.0],
                [0.750708, -0.052291, -0.658561, -0.010254, -0.660369, -0.031183, -0.750293, 0.182605, 0.018698, 0.998145, -0.057941, 0.766528, 0.0, 0.0, 0.0, 1.0],
                [0.791502, -0.047685, -0.609303, 0.000855, -0.610446, -0.013316, -0.791946, 0.212699, 0.02965, 0.998774, -0.039648, 0.760365, 0.0, 0.0, 0.0, 1.0],
                [0.850776, -0.043969, -0.523686, 0.016698, -0.524048, 0.003788, -0.851681, 0.268502, 0.039431, 0.999026, -0.019819, 0.752292, 0.0, 0.0, 0.0, 1.0],
                [0.885431, -0.043372, -0.462742, 0.024582, -0.462972, 0.005183, -0.886358, 0.316886, 0.040841, 0.999045, -0.01549, 0.748115, 0.0, 0.0, 0.0, 1.0],
                [0.901075, -0.043527, -0.431474, 0.027173, -0.43185, 0.000845, -0.901945, 0.347178, 0.039624, 0.999052, -0.018036, 0.746749, 0.0, 0.0, 0.0, 1.0],
                [0.944171, -0.043354, -0.32659, 0.030588, -0.328197, -0.037248, -0.943874, 0.467679, 0.028756, 0.998365, -0.049398, 0.746191, 0.0, 0.0, 0.0, 1.0],
                [0.957106, -0.041983, -0.28668, 0.031013, -0.288736, -0.055976, -0.955771, 0.513659, 0.024079, 0.997549, -0.065697, 0.746559, 0.0, 0.0, 0.0, 1.0],
                [0.979721, -0.035567, -0.197185, 0.03212, -0.199778, -0.097992, -0.974929, 0.607036, 0.015353, 0.994551, -0.103111, 0.747001, 0.0, 0.0, 0.0, 1.0],
                [0.999369, -0.011732, -0.033528, 0.035029, -0.035096, -0.180526, -0.982944, 0.743683, 0.005479, 0.9835, -0.180824, 0.746581, 0.0, 0.0, 0.0, 1.0],
                [0.995611, 0.01905, 0.091625, 0.036404, 0.093454, -0.25395, -0.962692, 0.839477, 0.004929, 0.96703, -0.254616, 0.746822, 0.0, 0.0, 0.0, 1.0],
                [0.987023, 0.037984, 0.156023, 0.037712, 0.160352, -0.284946, -0.945036, 0.886968, 0.008562, 0.957791, -0.287339, 0.746326, 0.0, 0.0, 0.0, 1.0],
                [0.933331, 0.090166, 0.347511, 0.047651, 0.357843, -0.311876, -0.88016, 1.01829, 0.02902, 0.945835, -0.323349, 0.738905, 0.0, 0.0, 0.0, 1.0],
                [0.903787, 0.087054, 0.419036, 0.055838, 0.42651, -0.264373, -0.864983, 1.052279, 0.035481, 0.960483, -0.276066, 0.731743, 0.0, 0.0, 0.0, 1.0],
                [0.825315, 0.027854, 0.563985, 0.082354, 0.564417, -0.070744, -0.822452, 1.100759, 0.01699, 0.997105, -0.074107, 0.706444, 0.0, 0.0, 0.0, 1.0],
                [0.746094, 0.058136, 0.663298, 0.127082, 0.658416, 0.083937, -0.747959, 1.170452, -0.099158, 0.994774, 0.024347, 0.661024, 0.0, 0.0, 0.0, 1.0],
                [0.709372, 0.136817, 0.691428, 0.156534, 0.678422, 0.133491, -0.722443, 1.214622, -0.191142, 0.981561, 0.001876, 0.624204, 0.0, 0.0, 0.0, 1.0],
                [0.686415, 0.171694, 0.706651, 0.168661, 0.688994, 0.15732, -0.707487, 1.237972, -0.232642, 0.972508, -0.01031, 0.599629, 0.0, 0.0, 0.0, 1.0],
                [0.617579, 0.263342, 0.741112, 0.195727, 0.713485, 0.208928, -0.668796, 1.299504, -0.330961, 0.941807, -0.058861, 0.52799, 0.0, 0.0, 0.0, 1.0],
                [0.601048, 0.269199, 0.752511, 0.198935, 0.723399, 0.217027, -0.655434, 1.308175, -0.339757, 0.938313, -0.064295, 0.523482, 0.0, 0.0, 0.0, 1.0],
                [0.578744, 0.255905, 0.774318, 0.198472, 0.744713, 0.221113, -0.629692, 1.311887, -0.332353, 0.941075, -0.062608, 0.534828, 0.0, 0.0, 0.0, 1.0],
                [0.566252, 0.245571, 0.7868, 0.199073, 0.7516, 0.237977, -0.615195, 1.312048, -0.338314, 0.939714, -0.049817, 0.545658, 0.0, 0.0, 0.0, 1.0],
                [0.561752, 0.240927, 0.791447, 0.200162, 0.750814, 0.253292, -0.610017, 1.311492, -0.347437, 0.936908, -0.038604, 0.551447, 0.0, 0.0, 0.0, 1.0],
                [0.560178, 0.238664, 0.793247, 0.200702, 0.74972, 0.261198, -0.608026, 1.310977, -0.352309, 0.935315, -0.032614, 0.554329, 0.0, 0.0, 0.0, 1.0],
                [0.557408, 0.232588, 0.796994, 0.202058, 0.744967, 0.283642, -0.603797, 1.308873, -0.366497, 0.930296, -0.015166, 0.562317, 0.0, 0.0, 0.0, 1.0],
                [0.556921, 0.230928, 0.797817, 0.202353, 0.743283, 0.290076, -0.602816, 1.308095, -0.370635, 0.928724, -0.010095, 0.564594, 0.0, 0.0, 0.0, 1.0],
                [0.556197, 0.228375, 0.799055, 0.202583, 0.740495, 0.300268, -0.601254, 1.306623, -0.377242, 0.926112, -0.002102, 0.568269, 0.0, 0.0, 0.0, 1.0],
                [0.555112, 0.226444, 0.800359, 0.201996, 0.738527, 0.308494, -0.599508, 1.304822, -0.382661, 0.92388, 0.004014, 0.571594, 0.0, 0.0, 0.0, 1.0],
                [0.554591, 0.225709, 0.800927, 0.201339, 0.737605, 0.312199, -0.598725, 1.303623, -0.385186, 0.922815, 0.006659, 0.573314, 0.0, 0.0, 0.0, 1.0],
                [0.554399, 0.225467, 0.801128, 0.200952, 0.737204, 0.31368, -0.598444, 1.303015, -0.386227, 0.922372, 0.007689, 0.574068, 0.0, 0.0, 0.0, 1.0],
                [0.554085, 0.225162, 0.801431, 0.199604, 0.736186, 0.31689, -0.598006, 1.301158, -0.388614, 0.921348, 0.009823, 0.575946, 0.0, 0.0, 0.0, 1.0],
                [0.554061, 0.225179, 0.801443, 0.199104, 0.73589, 0.317619, -0.597983, 1.300531, -0.389207, 0.921093, 0.010274, 0.576455, 0.0, 0.0, 0.0, 1.0],
                [0.55413, 0.225354, 0.801346, 0.198048, 0.73533, 0.31869, -0.598102, 1.299265, -0.390166, 0.92068, 0.010886, 0.577317, 0.0, 0.0, 0.0, 1.0],
                [0.554505, 0.225867, 0.800942, 0.196382, 0.734485, 0.319638, -0.598634, 1.297347, -0.391223, 0.920226, 0.011345, 0.578272, 0.0, 0.0, 0.0, 1.0],
                [0.55492, 0.226299, 0.800532, 0.195257, 0.733852, 0.320073, -0.599178, 1.296062, -0.391822, 0.919968, 0.011546, 0.578721, 0.0, 0.0, 0.0, 1.0],
                [0.555174, 0.226522, 0.800293, 0.194702, 0.733497, 0.320294, -0.599495, 1.295419, -0.392128, 0.919837, 0.011666, 0.578899, 0.0, 0.0, 0.0, 1.0],
                [0.556107, 0.227143, 0.799469, 0.193103, 0.732206, 0.321212, -0.600581, 1.293493, -0.393217, 0.919363, 0.012313, 0.57929, 0.0, 0.0, 0.0, 1.0],
                [0.55647, 0.227311, 0.799169, 0.192605, 0.731682, 0.321674, -0.600972, 1.292853, -0.393679, 0.91916, 0.012682, 0.579383, 0.0, 0.0, 0.0, 1.0],
                [0.557268, 0.227551, 0.798544, 0.191683, 0.730455, 0.322952, -0.601779, 1.291581, -0.394828, 0.918652, 0.013755, 0.579534, 0.0, 0.0, 0.0, 1.0],
                [0.558845, 0.227793, 0.797372, 0.190433, 0.727961, 0.32579, -0.603269, 1.289627, -0.397197, 0.91759, 0.016242, 0.579596, 0.0, 0.0, 0.0, 1.0],
                [0.56043, 0.228154, 0.796156, 0.189558, 0.725712, 0.327931, -0.604817, 1.288207, -0.399076, 0.916737, 0.018208, 0.579359, 0.0, 0.0, 0.0, 1.0],
                [0.56135, 0.22838, 0.795442, 0.189115, 0.724451, 0.329045, -0.605723, 1.287473, -0.400071, 0.916281, 0.01926, 0.579161, 0.0, 0.0, 0.0, 1.0],
                [0.564449, 0.229144, 0.793026, 0.187808, 0.720312, 0.332494, -0.608768, 1.285239, -0.403172, 0.914845, 0.022621, 0.578291, 0.0, 0.0, 0.0, 1.0],
                [0.565547, 0.229398, 0.79217, 0.187394, 0.718868, 0.333659, -0.609836, 1.2845, -0.40421, 0.914357, 0.023793, 0.57792, 0.0, 0.0, 0.0, 1.0],
                [0.567755, 0.229857, 0.790456, 0.186622, 0.715979, 0.335975, -0.61196, 1.283063, -0.406236, 0.913393, 0.026178, 0.577077, 0.0, 0.0, 0.0, 1.0],
                [0.570884, 0.230288, 0.788073, 0.185662, 0.7119, 0.339328, -0.614862, 1.281083, -0.40901, 0.912044, 0.029775, 0.575612, 0.0, 0.0, 0.0, 1.0],
                [0.57269, 0.230301, 0.786758, 0.185202, 0.709546, 0.341415, -0.616426, 1.279941, -0.410575, 0.911261, 0.032116, 0.574541, 0.0, 0.0, 0.0, 1.0],
                [0.573467, 0.230198, 0.786222, 0.185038, 0.708529, 0.342398, -0.617049, 1.279438, -0.411244, 0.910918, 0.033252, 0.573988, 0.0, 0.0, 0.0, 1.0],
                [0.575131, 0.229347, 0.785254, 0.184855, 0.706331, 0.345033, -0.6181, 1.278267, -0.412698, 0.910138, 0.036445, 0.572295, 0.0, 0.0, 0.0, 1.0],
                [0.575369, 0.228835, 0.785229, 0.184921, 0.705917, 0.345937, -0.618068, 1.277989, -0.413076, 0.909924, 0.037503, 0.571704, 0.0, 0.0, 0.0, 1.0],
                [0.5752, 0.227407, 0.785768, 0.185281, 0.705481, 0.348312, -0.617232, 1.277542, -0.414055, 0.909376, 0.039918, 0.570377, 0.0, 0.0, 0.0, 1.0],
                [0.573798, 0.224473, 0.787634, 0.186271, 0.705634, 0.352678, -0.614572, 1.277138, -0.415736, 0.908422, 0.04397, 0.568107, 0.0, 0.0, 0.0, 1.0],
                [0.572458, 0.222164, 0.789262, 0.187142, 0.706139, 0.355648, -0.612276, 1.27704, -0.416725, 0.907831, 0.046715, 0.566467, 0.0, 0.0, 0.0, 1.0],
                [0.571759, 0.220949, 0.790109, 0.187618, 0.706478, 0.357029, -0.61108, 1.277041, -0.41711, 0.907586, 0.048039, 0.565624, 0.0, 0.0, 0.0, 1.0],
                [0.569916, 0.217248, 0.792464, 0.189114, 0.707715, 0.360277, -0.607734, 1.277237, -0.417535, 0.907196, 0.051578, 0.563072, 0.0, 0.0, 0.0, 1.0],
                [0.569206, 0.214894, 0.793615, 0.190091, 0.708617, 0.361298, -0.606075, 1.277524, -0.416973, 0.90735, 0.053375, 0.561401, 0.0, 0.0, 0.0, 1.0],
                [0.569099, 0.2138, 0.793987, 0.19055, 0.709059, 0.361346, -0.605528, 1.277713, -0.416366, 0.907589, 0.054045, 0.560591, 0.0, 0.0, 0.0, 1.0],
                [0.570145, 0.211036, 0.793977, 0.191721, 0.71022, 0.359165, -0.605465, 1.278456, -0.412944, 0.9091, 0.054894, 0.558321, 0.0, 0.0, 0.0, 1.0],
                [0.572285, 0.209776, 0.79277, 0.192251, 0.710732, 0.355374, -0.607099, 1.279093, -0.409084, 0.910881, 0.054281, 0.556996, 0.0, 0.0, 0.0, 1.0],
                [0.573743, 0.209338, 0.791831, 0.192444, 0.710988, 0.352639, -0.608393, 1.279436, -0.40659, 0.912043, 0.053487, 0.55635, 0.0, 0.0, 0.0, 1.0],
                [0.578757, 0.208568, 0.788378, 0.192917, 0.712418, 0.341157, -0.613248, 1.280469, -0.396865, 0.916576, 0.048859, 0.554146, 0.0, 0.0, 0.0, 1.0],
                [0.580673, 0.208451, 0.786999, 0.193039, 0.713013, 0.336395, -0.615184, 1.280835, -0.392978, 0.918361, 0.046707, 0.553362, 0.0, 0.0, 0.0, 1.0],
                [0.584926, 0.208351, 0.78387, 0.193232, 0.714197, 0.325756, -0.619521, 1.281634, -0.384428, 0.922211, 0.04174, 0.55179, 0.0, 0.0, 0.0, 1.0],
                [0.592488, 0.208344, 0.778172, 0.193394, 0.715512, 0.307734, -0.62717, 1.283091, -0.370137, 0.928382, 0.033256, 0.549598, 0.0, 0.0, 0.0, 1.0],
                [0.598413, 0.208288, 0.77364, 0.193418, 0.715747, 0.294917, -0.633033, 1.284303, -0.360012, 0.932545, 0.027401, 0.548382, 0.0, 0.0, 0.0, 1.0],
                [0.601663, 0.208206, 0.771137, 0.193406, 0.71559, 0.288418, -0.636196, 1.284999, -0.35487, 0.934594, 0.02454, 0.547884, 0.0, 0.0, 0.0, 1.0],
                [0.612644, 0.207606, 0.762605, 0.19327, 0.713716, 0.269179, -0.646647, 1.287518, -0.339526, 0.940448, 0.016739, 0.546968, 0.0, 0.0, 0.0, 1.0],
                [0.616735, 0.207251, 0.759398, 0.193193, 0.712541, 0.263024, -0.650464, 1.288521, -0.334549, 0.942266, 0.014541, 0.546895, 0.0, 0.0, 0.0, 1.0],
                [0.625593, 0.206244, 0.752394, 0.192992, 0.709229, 0.251421, -0.658621, 1.290808, -0.325004, 0.945648, 0.011013, 0.547168, 0.0, 0.0, 0.0, 1.0],
                [0.639855, 0.203984, 0.740929, 0.192642, 0.702203, 0.236541, -0.671535, 1.294421, -0.312243, 0.949968, 0.008114, 0.548292, 0.0, 0.0, 0.0, 1.0],
                [0.649035, 0.202155, 0.733407, 0.19246, 0.697019, 0.228261, -0.679751, 1.296204, -0.304823, 0.952381, 0.007243, 0.548891, 0.0, 0.0, 0.0, 1.0],
                [0.653647, 0.201156, 0.729576, 0.192371, 0.69423, 0.224447, -0.683863, 1.297006, -0.301315, 0.953499, 0.007061, 0.549202, 0.0, 0.0, 0.0, 1.0],
                [0.668201, 0.197821, 0.717199, 0.19204, 0.684685, 0.213621, -0.69683, 1.299568, -0.291057, 0.956678, 0.007297, 0.550525, 0.0, 0.0, 0.0, 1.0],
                [0.673461, 0.196589, 0.712603, 0.191889, 0.680993, 0.210023, -0.701526, 1.300621, -0.287575, 0.957728, 0.007567, 0.551189, 0.0, 0.0, 0.0, 1.0],
                [0.684876, 0.193913, 0.702383, 0.19149, 0.672611, 0.202497, -0.711751, 1.303285, -0.280248, 0.959892, 0.008258, 0.553022, 0.0, 0.0, 0.0, 1.0],
                [0.704895, 0.189245, 0.6836, 0.190556, 0.65687, 0.189517, -0.729798, 1.309335, -0.267664, 0.963467, 0.00928, 0.557454, 0.0, 0.0, 0.0, 1.0],
                [0.720613, 0.185549, 0.668049, 0.189639, 0.643673, 0.179072, -0.744056, 1.315246, -0.257688, 0.96618, 0.009609, 0.561858, 0.0, 0.0, 0.0, 1.0],
                [0.729274, 0.183471, 0.659164, 0.189074, 0.636089, 0.173145, -0.751938, 1.318895, -0.25209, 0.967656, 0.009566, 0.564579, 0.0, 0.0, 0.0, 1.0],
                [0.75872, 0.176012, 0.627187, 0.186872, 0.608573, 0.151885, -0.778826, 1.33315, -0.232343, 0.9726, 0.008123, 0.575155, 0.0, 0.0, 0.0, 1.0],
                [0.769548, 0.172958, 0.614721, 0.185993, 0.597752, 0.143613, -0.788713, 1.339052, -0.224696, 0.974403, 0.007131, 0.579513, 0.0, 0.0, 0.0, 1.0],
                [0.791787, 0.165683, 0.587897, 0.184198, 0.574271, 0.125925, -0.808923, 1.352187, -0.208056, 0.978106, 0.004558, 0.589204, 0.0, 0.0, 0.0, 1.0],
                [0.825754, 0.151916, 0.543187, 0.181387, 0.534429, 0.097156, -0.839611, 1.374732, -0.180324, 0.983607, -0.000961, 0.605828, 0.0, 0.0, 0.0, 1.0],
                [0.848172, 0.140924, 0.510631, 0.179415, 0.504831, 0.076972, -0.85978, 1.391287, -0.160468, 0.987024, -0.005857, 0.618026, 0.0, 0.0, 0.0, 1.0],
                [0.859159, 0.134919, 0.493602, 0.178396, 0.489151, 0.066702, -0.869645, 1.399927, -0.150256, 0.988609, -0.008688, 0.62439, 0.0, 0.0, 0.0, 1.0],
                [0.890668, 0.115068, 0.439852, 0.175184, 0.438802, 0.03567, -0.897875, 1.426907, -0.119006, 0.992717, -0.018722, 0.644259, 0.0, 0.0, 0.0, 1.0],
                [0.900548, 0.107906, 0.421153, 0.174059, 0.420993, 0.02538, -0.906709, 1.436148, -0.108528, 0.993837, -0.022572, 0.651064, 0.0, 0.0, 0.0, 1.0],
                [0.91915, 0.092913, 0.382792, 0.171717, 0.38401, 0.005106, -0.923315, 1.454811, -0.087743, 0.995661, -0.030987, 0.664806, 0.0, 0.0, 0.0, 1.0],
                [0.943729, 0.069183, 0.323404, 0.167962, 0.325663, -0.024039, -0.94518, 1.482772, -0.057616, 0.997314, -0.045217, 0.685404, 0.0, 0.0, 0.0, 1.0],
                [0.957646, 0.052924, 0.283043, 0.165283, 0.285335, -0.042269, -0.957495, 1.501016, -0.03871, 0.997704, -0.05558, 0.698856, 0.0, 0.0, 0.0, 1.0],
                [0.963824, 0.044772, 0.262752, 0.163888, 0.264877, -0.050945, -0.962936, 1.509922, -0.029726, 0.997697, -0.060961, 0.70543, 0.0, 0.0, 0.0, 1.0],
                [0.979179, 0.020703, 0.201942, 0.159469, 0.202937, -0.074959, -0.976319, 1.535388, -0.005075, 0.996972, -0.077599, 0.724263, 0.0, 0.0, 0.0, 1.0],
                [0.983245, 0.012948, 0.181826, 0.157914, 0.182272, -0.082232, -0.979803, 1.543351, 0.002265, 0.996529, -0.083215, 0.73017, 0.0, 0.0, 0.0, 1.0],
                [0.989855, -0.001899, 0.142067, 0.154677, 0.141237, -0.095601, -0.985349, 1.558293, 0.015453, 0.995418, -0.094363, 0.741287, 0.0, 0.0, 0.0, 1.0],
                [0.99621, -0.021843, 0.084188, 0.149487, 0.081221, -0.112577, -0.990318, 1.577757, 0.031109, 0.993403, -0.110376, 0.755885, 0.0, 0.0, 0.0, 1.0],
                [0.998338, -0.033064, 0.047201, 0.145793, 0.04285, -0.121787, -0.991631, 1.588384, 0.038536, 0.992005, -0.120168, 0.763965, 0.0, 0.0, 0.0, 1.0],
                [0.998854, -0.038004, 0.029089, 0.143842, 0.024095, -0.12582, -0.99176, 1.593027, 0.041351, 0.991325, -0.12476, 0.76752, 0.0, 0.0, 0.0, 1.0],
                [0.998394, -0.050753, -0.025155, 0.137385, -0.031876, -0.136299, -0.990155, 1.605275, 0.046824, 0.989367, -0.137698, 0.776853, 0.0, 0.0, 0.0, 1.0],
                [0.997588, -0.054351, -0.043174, 0.135056, -0.050391, -0.13931, -0.988966, 1.608827, 0.047737, 0.988756, -0.141712, 0.779552, 0.0, 0.0, 0.0, 1.0],
                [0.995023, -0.060647, -0.079059, 0.130173, -0.087133, -0.144704, -0.985631, 1.615185, 0.048335, 0.987615, -0.149268, 0.78439, 0.0, 0.0, 0.0, 1.0],
                [0.988863, -0.068042, -0.132362, 0.1224, -0.141369, -0.151458, -0.978302, 1.622992, 0.046518, 0.986119, -0.15939, 0.790387, 0.0, 0.0, 0.0, 1.0],
                [0.983268, -0.071777, -0.167428, 0.117004, -0.176828, -0.155229, -0.971924, 1.627144, 0.043772, 0.985267, -0.165324, 0.793654, 0.0, 0.0, 0.0, 1.0],
                [0.980038, -0.073333, -0.184791, 0.114263, -0.194321, -0.156933, -0.968303, 1.62893, 0.042009, 0.984883, -0.168051, 0.795097, 0.0, 0.0, 0.0, 1.0],
                [0.968684, -0.076949, -0.236072, 0.105956, -0.245755, -0.161452, -0.955792, 1.633236, 0.035433, 0.983876, -0.175307, 0.798775, 0.0, 0.0, 0.0, 1.0],
                [0.964364, -0.07786, -0.252864, 0.103183, -0.262527, -0.162793, -0.951093, 1.63435, 0.032887, 0.983583, -0.177432, 0.799815, 0.0, 0.0, 0.0, 1.0],
                [0.954959, -0.079347, -0.285934, 0.097673, -0.295471, -0.165281, -0.940946, 1.636146, 0.027401, 0.983049, -0.181281, 0.801673, 0.0, 0.0, 0.0, 1.0],
                [0.939045, -0.08101, -0.334114, 0.089608, -0.343296, -0.168632, -0.923965, 1.637898, 0.018508, 0.982344, -0.186164, 0.804045, 0.0, 0.0, 0.0, 1.0],
                [0.927323, -0.081959, -0.365177, 0.084448, -0.374056, -0.170681, -0.911565, 1.638541, 0.012382, 0.981912, -0.188934, 0.805458, 0.0, 0.0, 0.0, 1.0],
                [0.921155, -0.082443, -0.380364, 0.081954, -0.389084, -0.171664, -0.905066, 1.63873, 0.009322, 0.9817, -0.190207, 0.806142, 0.0, 0.0, 0.0, 1.0],
                [0.901528, -0.084167, -0.424456, 0.074905, -0.43272, -0.174483, -0.884482, 1.63888, 0.000384, 0.981056, -0.193722, 0.808217, 0.0, 0.0, 0.0, 1.0],
                [0.894645, -0.084897, -0.438637, 0.072723, -0.446771, -0.175386, -0.877289, 1.63882, -0.002452, 0.980832, -0.194838, 0.808947, 0.0, 0.0, 0.0, 1.0],
                [0.880429, -0.086711, -0.466182, 0.068653, -0.474114, -0.177142, -0.86246, 1.638589, -0.007796, 0.980358, -0.197072, 0.810521, 0.0, 0.0, 0.0, 1.0],
                [0.858427, -0.089685, -0.505033, 0.063518, -0.512706, -0.179438, -0.839604, 1.636962, -0.015322, 0.979673, -0.200017, 0.812811, 0.0, 0.0, 0.0, 1.0],
                [0.843896, -0.090526, -0.528814, 0.060925, -0.536104, -0.180461, -0.824637, 1.633454, -0.020779, 0.979407, -0.200822, 0.813597, 0.0, 0.0, 0.0, 1.0],
                [0.836702, -0.09062, -0.540109, 0.059846, -0.547149, -0.180849, -0.817265, 1.63106, -0.023617, 0.979327, -0.2009, 0.813785, 0.0, 0.0, 0.0, 1.0],
                [0.815439, -0.089856, -0.571826, 0.057316, -0.577937, -0.181653, -0.795608, 1.621896, -0.032383, 0.979249, -0.200058, 0.813698, 0.0, 0.0, 0.0, 1.0],
                [0.808459, -0.089328, -0.581735, 0.056664, -0.587491, -0.181834, -0.788537, 1.618345, -0.035341, 0.979263, -0.199485, 0.813499, 0.0, 0.0, 0.0, 1.0],
                [0.794648, -0.087996, -0.600658, 0.055566, -0.605668, -0.182122, -0.774595, 1.610791, -0.041232, 0.979331, -0.198019, 0.81293, 0.0, 0.0, 0.0, 1.0],
                [0.774263, -0.085663, -0.627039, 0.054235, -0.630899, -0.182475, -0.754101, 1.599067, -0.04982, 0.979472, -0.195329, 0.81186, 0.0, 0.0, 0.0, 1.0],
                [0.767536, -0.084891, -0.635359, 0.053822, -0.638846, -0.182598, -0.747351, 1.595249, -0.052572, 0.979516, -0.194383, 0.811501, 0.0, 0.0, 0.0, 1.0],
                [0.75415, -0.0835, -0.651373, 0.052961, -0.65415, -0.182887, -0.733921, 1.588044, -0.057846, 0.979582, -0.192546, 0.810868, 0.0, 0.0, 0.0, 1.0],
                [0.734122, -0.082159, -0.674029, 0.05138, -0.675896, -0.183494, -0.713789, 1.579045, -0.065036, 0.979581, -0.190238, 0.810334, 0.0, 0.0, 0.0, 1.0],
                [0.728113, -0.081924, -0.680543, 0.050839, -0.68217, -0.183711, -0.707739, 1.576742, -0.067042, 0.97956, -0.189649, 0.810267, 0.0, 0.0, 0.0, 1.0],
                [0.719563, -0.081471, -0.689631, 0.050142, -0.690897, -0.183995, -0.699147, 1.573226, -0.069929, 0.979545, -0.188684, 0.8101, 0.0, 0.0, 0.0, 1.0],
                [0.712165, -0.080868, -0.697339, 0.049655, -0.698257, -0.184201, -0.691742, 1.569749, -0.072511, 0.979556, -0.187648, 0.809831, 0.0, 0.0, 0.0, 1.0],
                [0.708169, -0.080555, -0.701432, 0.04939, -0.702166, -0.184316, -0.687743, 1.567907, -0.073884, 0.97956, -0.18709, 0.809694, 0.0, 0.0, 0.0, 1.0],
                [0.708169, -0.080555, -0.701432, 0.04939, -0.702166, -0.184316, -0.687743, 1.567907, -0.073884, 0.97956, -0.18709, 0.809694, 0.0, 0.0, 0.0, 1.0],
                [0.708169, -0.080555, -0.701432, 0.04939, -0.702166, -0.184316, -0.687743, 1.567907, -0.073884, 0.97956, -0.18709, 0.809694, 0.0, 0.0, 0.0, 1.0],
                [0.708169, -0.080555, -0.701432, 0.04939, -0.702166, -0.184316, -0.687743, 1.567907, -0.073884, 0.97956, -0.18709, 0.809694, 0.0, 0.0, 0.0, 1.0],
                [0.708169, -0.080555, -0.701432, 0.04939, -0.702166, -0.184316, -0.687743, 1.567907, -0.073884, 0.97956, -0.18709, 0.809694, 0.0, 0.0, 0.0, 1.0],
                [0.708169, -0.080555, -0.701432, 0.04939, -0.702166, -0.184316, -0.687743, 1.567907, -0.073884, 0.97956, -0.18709, 0.809694, 0.0, 0.0, 0.0, 1.0]
            ]
        },
        {
            "name": "Thigh_R",
            "time": [0.0, 0.0167, 0.0333, 0.05, 0.0667, 0.0833, 0.1, 0.1167, 0.1333, 0.15, 0.1667, 0.1833, 0.2, 0.2167, 0.2333, 0.25, 0.2667, 0.2833, 0.3, 0.3167, 0.3333, 0.35, 0.3667, 0.3833, 0.4, 0.4167, 0.4333, 0.45, 0.4667, 0.4833, 0.5, 0.5167, 0.5333, 0.55, 0.5667, 0.5833, 0.6, 0.6167, 0.6333, 0.65, 0.6667, 0.6833, 0.7, 0.7167, 0.7333, 0.75, 0.7667, 0.7833, 0.8, 0.8167, 0.8333, 0.85, 0.8667, 0.8833, 0.9, 0.9167, 0.9333, 0.95, 0.9667, 0.9833, 1.0, 1.0167, 1.0333, 1.05, 1.0667, 1.0833, 1.1, 1.1167, 1.1333, 1.15, 1.1667, 1.1833, 1.2, 1.2167, 1.2333, 1.25, 1.2667, 1.2833, 1.3, 1.3167, 1.3333, 1.35, 1.3667, 1.3833, 1.4, 1.4167, 1.4333, 1.45, 1.4667, 1.4833, 1.5, 1.5167, 1.5333, 1.55, 1.5667, 1.5833, 1.6, 1.6167, 1.6333, 1.65, 1.6667, 1.6833, 1.7, 1.7167, 1.7333, 1.75, 1.7667, 1.7833, 1.8, 1.8167, 1.8333, 1.85, 1.8667, 1.8833, 1.9, 1.9167, 1.9333, 1.95, 1.9667, 1.9833, 2.0, 2.0167, 2.0333, 2.05, 2.0667, 2.0833, 2.1, 2.1167, 2.1333, 2.15, 2.1667, 2.1833, 2.2, 2.2167, 2.2333, 2.25],
            "transform": [
                [0.949187, 0.294924, 0.109835, 0.124994, 0.29166, -0.95546, 0.04505, -0.002831, 0.118229, -0.010725, -0.992929, -1.2e-05, 0.0, 0.0, 0.0, 1.0],
                [0.948256, 0.299666, 0.104933, 0.124994, 0.294816, -0.953706, 0.059393, -0.002831, 0.117873, -0.025384, -0.992704, -1.2e-05, 0.0, 0.0, 0.0, 1.0],
                [0.945223, 0.311482, 0.097629, 0.124994, 0.302311, -0.948145, 0.098122, -0.002831, 0.12313, -0.063233, -0.990374, -1.2e-05, 0.0, 0.0, 0.0, 1.0],
                [0.941337, 0.328511, 0.077227, 0.124994, 0.314452, -0.936926, 0.152607, -0.002831, 0.122489, -0.11937, -0.985265, -1.2e-05, 0.0, 0.0, 0.0, 1.0],
                [0.941012, 0.334594, 0.050427, 0.124994, 0.323708, -0.933575, 0.153786, -0.002831, 0.098534, -0.128391, -0.986816, -1.2e-05, 0.0, 0.0, 0.0, 1.0],
                [0.942328, 0.333091, 0.032679, 0.124994, 0.326064, -0.93568, 0.134851, -0.002831, 0.075495, -0.116418, -0.990327, -1.2e-05, 0.0, 0.0, 0.0, 1.0],
                [0.951121, 0.306341, -0.039029, 0.124994, 0.307667, -0.950878, 0.034219, -0.002831, -0.026629, -0.044554, -0.998652, -1.2e-05, 0.0, 0.0, 0.0, 1.0],
                [0.953784, 0.293201, -0.065798, 0.124994, 0.293396, -0.955966, -0.006893, -0.002831, -0.064922, -0.01273, -0.997809, -1.2e-05, 0.0, 0.0, 0.0, 1.0],
                [0.95704, 0.265238, -0.117147, 0.124994, 0.256064, -0.962673, -0.087698, -0.002831, -0.136035, 0.053933, -0.989235, -1.2e-05, 0.0, 0.0, 0.0, 1.0],
                [0.957534, 0.223798, -0.181777, 0.124994, 0.198769, -0.969098, -0.14608, -0.002831, -0.208853, 0.103745, -0.972429, -1.2e-05, 0.0, 0.0, 0.0, 1.0],
                [0.960565, 0.212892, -0.178861, 0.124994, 0.179804, -0.966251, -0.184468, -0.002831, -0.212096, 0.145034, -0.966427, -1.2e-05, 0.0, 0.0, 0.0, 1.0],
                [0.966722, 0.194656, -0.166003, 0.124994, 0.165755, -0.970849, -0.173141, -0.002831, -0.194867, 0.139863, -0.970807, -1.2e-05, 0.0, 0.0, 0.0, 1.0],
                [0.979961, 0.15537, -0.124646, 0.124994, 0.151843, -0.987697, -0.03737, -0.002831, -0.128919, 0.017694, -0.991497, -1.2e-05, 0.0, 0.0, 0.0, 1.0],
                [0.982033, 0.146663, -0.118749, 0.124994, 0.155496, -0.985435, 0.068841, -0.002831, -0.106923, -0.086069, -0.990535, -1.2e-05, 0.0, 0.0, 0.0, 1.0],
                [0.9835, 0.142803, -0.111065, 0.124994, 0.170968, -0.934391, 0.312544, -0.002831, -0.059146, -0.326375, -0.943388, -1.2e-05, 0.0, 0.0, 0.0, 1.0],
                [0.979965, 0.185475, -0.072577, 0.124994, 0.195965, -0.832797, 0.517732, -0.002831, 0.035584, -0.521581, -0.852459, -1.2e-05, 0.0, 0.0, 0.0, 1.0],
                [0.967802, 0.245306, -0.05643, 0.124994, 0.230616, -0.77427, 0.589341, -0.002831, 0.100877, -0.583379, -0.805911, -1.2e-05, 0.0, 0.0, 0.0, 1.0],
                [0.958964, 0.278759, -0.051784, 0.124994, 0.25078, -0.748725, 0.613613, -0.002831, 0.132278, -0.601419, -0.787907, -1.2e-05, 0.0, 0.0, 0.0, 1.0],
                [0.92652, 0.372463, -0.053221, 0.124994, 0.308648, -0.671522, 0.673642, -0.002831, 0.215168, -0.640569, -0.737139, -1.2e-05, 0.0, 0.0, 0.0, 1.0],
                [0.922492, 0.382275, -0.053617, 0.124994, 0.308399, -0.646322, 0.697967, -0.002831, 0.232162, -0.660404, -0.71412, -1.2e-05, 0.0, 0.0, 0.0, 1.0],
                [0.924163, 0.380278, -0.036218, 0.124994, 0.293571, -0.646367, 0.70429, -0.002831, 0.244416, -0.661512, -0.708987, -1.2e-05, 0.0, 0.0, 0.0, 1.0],
                [0.859366, 0.502487, -0.094858, 0.124994, 0.392688, -0.529656, 0.751838, -0.002831, 0.327546, -0.683353, -0.652489, -1.2e-05, 0.0, 0.0, 0.0, 1.0],
                [0.795697, 0.568771, -0.208242, 0.124994, 0.474005, -0.370701, 0.798686, -0.002831, 0.377073, -0.734221, -0.564568, -1.2e-05, 0.0, 0.0, 0.0, 1.0],
                [0.765706, 0.578032, -0.282088, 0.124994, 0.527986, -0.314412, 0.788908, -0.002831, 0.367322, -0.753011, -0.54594, -1.2e-05, 0.0, 0.0, 0.0, 1.0],
                [0.676404, 0.568845, -0.46786, 0.124994, 0.678136, -0.233104, 0.696989, -0.002831, 0.287418, -0.788719, -0.543428, -1.2e-05, 0.0, 0.0, 0.0, 1.0],
                [0.66738, 0.576464, -0.47148, 0.124994, 0.688348, -0.235875, 0.685959, -0.002831, 0.284221, -0.782337, -0.554227, -1.2e-05, 0.0, 0.0, 0.0, 1.0],
                [0.676787, 0.596806, -0.431024, 0.124994, 0.674096, -0.267062, 0.688674, -0.002831, 0.295894, -0.756637, -0.583049, -1.2e-05, 0.0, 0.0, 0.0, 1.0],
                [0.679133, 0.603216, -0.41822, 0.124994, 0.669288, -0.274955, 0.690255, -0.002831, 0.301381, -0.748686, -0.590457, -1.2e-05, 0.0, 0.0, 0.0, 1.0],
                [0.677429, 0.60272, -0.421685, 0.124994, 0.670791, -0.270911, 0.690396, -0.002831, 0.301877, -0.750557, -0.587822, -1.2e-05, 0.0, 0.0, 0.0, 1.0],
                [0.676376, 0.601954, -0.424462, 0.124994, 0.671833, -0.267975, 0.690528, -0.002831, 0.30192, -0.752224, -0.585665, -1.2e-05, 0.0, 0.0, 0.0, 1.0],
                [0.672676, 0.598837, -0.434628, 0.124994, 0.675687, -0.25772, 0.690672, -0.002831, 0.301587, -0.75827, -0.577989, -1.2e-05, 0.0, 0.0, 0.0, 1.0],
                [0.671364, 0.597863, -0.437984, 0.124994, 0.67707, -0.254433, 0.690536, -0.002831, 0.301408, -0.760147, -0.575613, -1.2e-05, 0.0, 0.0, 0.0, 1.0],
                [0.668836, 0.596623, -0.443507, 0.124994, 0.679709, -0.249155, 0.689868, -0.002831, 0.301088, -0.762864, -0.572174, -1.2e-05, 0.0, 0.0, 0.0, 1.0],
                [0.665587, 0.597062, -0.447784, 0.124994, 0.683011, -0.245471, 0.687924, -0.002831, 0.300815, -0.763715, -0.571183, -1.2e-05, 0.0, 0.0, 0.0, 1.0],
                [0.66354, 0.597839, -0.449782, 0.124994, 0.685101, -0.244005, 0.686366, -0.002831, 0.300588, -0.763577, -0.571487, -1.2e-05, 0.0, 0.0, 0.0, 1.0],
                [0.662537, 0.59831, -0.450633, 0.124994, 0.686129, -0.243453, 0.685535, -0.002831, 0.300454, -0.763384, -0.571814, -1.2e-05, 0.0, 0.0, 0.0, 1.0],
                [0.659601, 0.599955, -0.452747, 0.124994, 0.689156, -0.242336, 0.682889, -0.002831, 0.299986, -0.762447, -0.573308, -1.2e-05, 0.0, 0.0, 0.0, 1.0],
                [0.658638, 0.60056, -0.453347, 0.124994, 0.690152, -0.242094, 0.681968, -0.002831, 0.29981, -0.762048, -0.57393, -1.2e-05, 0.0, 0.0, 0.0, 1.0],
                [0.656726, 0.601797, -0.454478, 0.124994, 0.692133, -0.241696, 0.680098, -0.002831, 0.299435, -0.761198, -0.575253, -1.2e-05, 0.0, 0.0, 0.0, 1.0],
                [0.653858, 0.603615, -0.456201, 0.124994, 0.695102, -0.241083, 0.677283, -0.002831, 0.298836, -0.759954, -0.577208, -1.2e-05, 0.0, 0.0, 0.0, 1.0],
                [0.651916, 0.604711, -0.457525, 0.124994, 0.697098, -0.240472, 0.675445, -0.002831, 0.298427, -0.759274, -0.578311, -1.2e-05, 0.0, 0.0, 0.0, 1.0],
                [0.650929, 0.605202, -0.458281, 0.124994, 0.698107, -0.240058, 0.674551, -0.002831, 0.298225, -0.759014, -0.578757, -1.2e-05, 0.0, 0.0, 0.0, 1.0],
                [0.647873, 0.606342, -0.461097, 0.124994, 0.701191, -0.238179, 0.672014, -0.002831, 0.297647, -0.758696, -0.579471, -1.2e-05, 0.0, 0.0, 0.0, 1.0],
                [0.646814, 0.606585, -0.462262, 0.124994, 0.702242, -0.237288, 0.67123, -0.002831, 0.297469, -0.758781, -0.579451, -1.2e-05, 0.0, 0.0, 0.0, 1.0],
                [0.644618, 0.606815, -0.465019, 0.124994, 0.704392, -0.235004, 0.669779, -0.002831, 0.297151, -0.759307, -0.578924, -1.2e-05, 0.0, 0.0, 0.0, 1.0],
                [0.640908, 0.606391, -0.470667, 0.124994, 0.708034, -0.23014, 0.667625, -0.002831, 0.296523, -0.761134, -0.576844, -1.2e-05, 0.0, 0.0, 0.0, 1.0],
                [0.637912, 0.605561, -0.475777, 0.124994, 0.711113, -0.226035, 0.665753, -0.002831, 0.295612, -0.763023, -0.574813, -1.2e-05, 0.0, 0.0, 0.0, 1.0],
                [0.636291, 0.604989, -0.478666, 0.124994, 0.712808, -0.223777, 0.664702, -0.002831, 0.295022, -0.764141, -0.573629, -1.2e-05, 0.0, 0.0, 0.0, 1.0],
                [0.631103, 0.602749, -0.488264, 0.124994, 0.718298, -0.216473, 0.661201, -0.002831, 0.292842, -0.768005, -0.569571, -1.2e-05, 0.0, 0.0, 0.0, 1.0],
                [0.629315, 0.601847, -0.491674, 0.124994, 0.720204, -0.213929, 0.659955, -0.002831, 0.292009, -0.769425, -0.568081, -1.2e-05, 0.0, 0.0, 0.0, 1.0],
                [0.625738, 0.599843, -0.498638, 0.124994, 0.724026, -0.208786, 0.657415, -0.002831, 0.290237, -0.772396, -0.564948, -1.2e-05, 0.0, 0.0, 0.0, 1.0],
                [0.620601, 0.596485, -0.50898, 0.124994, 0.729537, -0.201268, 0.653656, -0.002831, 0.287454, -0.77698, -0.560065, -1.2e-05, 0.0, 0.0, 0.0, 1.0],
                [0.617507, 0.594121, -0.515466, 0.124994, 0.732876, -0.196622, 0.651331, -0.002831, 0.285617, -0.779974, -0.556833, -1.2e-05, 0.0, 0.0, 0.0, 1.0],
                [0.616107, 0.592936, -0.518497, 0.124994, 0.734398, -0.194472, 0.650261, -0.002831, 0.28473, -0.781413, -0.555267, -1.2e-05, 0.0, 0.0, 0.0, 1.0],
                [0.612689, 0.589489, -0.526416, 0.124994, 0.738187, -0.188931, 0.647599, -0.002831, 0.282295, -0.785371, -0.55091, -1.2e-05, 0.0, 0.0, 0.0, 1.0],
                [0.611741, 0.588407, -0.528726, 0.124994, 0.73924, -0.187292, 0.646874, -0.002831, 0.281598, -0.786574, -0.549548, -1.2e-05, 0.0, 0.0, 0.0, 1.0],
                [0.609694, 0.58632, -0.533388, 0.124994, 0.741355, -0.183701, 0.645482, -0.002831, 0.280475, -0.788977, -0.546673, -1.2e-05, 0.0, 0.0, 0.0, 1.0],
                [0.606654, 0.583393, -0.540022, 0.124994, 0.744188, -0.177873, 0.643852, -0.002831, 0.279564, -0.792473, -0.542061, -1.2e-05, 0.0, 0.0, 0.0, 1.0],
                [0.604982, 0.581545, -0.543877, 0.124994, 0.745557, -0.173928, 0.643346, -0.002831, 0.279539, -0.794703, -0.538799, -1.2e-05, 0.0, 0.0, 0.0, 1.0],
                [0.604342, 0.58064, -0.545553, 0.124994, 0.746009, -0.171996, 0.643341, -0.002831, 0.279717, -0.795785, -0.537108, -1.2e-05, 0.0, 0.0, 0.0, 1.0],
                [0.603566, 0.577989, -0.549215, 0.124994, 0.746129, -0.166623, 0.644614, -0.002831, 0.281068, -0.798853, -0.531822, -1.2e-05, 0.0, 0.0, 0.0, 1.0],
                [0.604306, 0.576239, -0.550239, 0.124994, 0.744915, -0.163587, 0.646793, -0.002831, 0.282695, -0.800742, -0.528106, -1.2e-05, 0.0, 0.0, 0.0, 1.0],
                [0.605144, 0.575363, -0.550234, 0.124994, 0.743836, -0.162297, 0.648357, -0.002831, 0.283739, -0.801634, -0.526189, -1.2e-05, 0.0, 0.0, 0.0, 1.0],
                [0.609862, 0.572731, -0.547765, 0.124994, 0.738384, -0.159591, 0.655225, -0.002831, 0.287849, -0.804058, -0.520224, -1.2e-05, 0.0, 0.0, 0.0, 1.0],
                [0.615101, 0.57099, -0.54371, 0.124994, 0.732603, -0.158993, 0.661826, -0.002831, 0.29145, -0.805414, -0.516106, -1.2e-05, 0.0, 0.0, 0.0, 1.0],
                [0.617614, 0.571301, -0.540526, 0.124994, 0.729503, -0.159304, 0.665167, -0.002831, 0.293903, -0.805132, -0.515154, -1.2e-05, 0.0, 0.0, 0.0, 1.0],
                [0.626615, 0.574176, -0.526949, 0.124994, 0.717432, -0.160915, 0.677788, -0.002831, 0.304375, -0.802763, -0.512764, -1.2e-05, 0.0, 0.0, 0.0, 1.0],
                [0.630016, 0.575689, -0.521212, 0.124994, 0.712554, -0.161666, 0.682738, -0.002831, 0.308782, -0.801527, -0.512062, -1.2e-05, 0.0, 0.0, 0.0, 1.0],
                [0.637265, 0.579373, -0.508153, 0.124994, 0.701635, -0.163465, 0.693532, -0.002831, 0.318748, -0.798503, -0.510679, -1.2e-05, 0.0, 0.0, 0.0, 1.0],
                [0.648883, 0.586135, -0.485177, 0.124994, 0.68267, -0.16687, 0.711418, -0.002831, 0.336025, -0.792843, -0.508416, -1.2e-05, 0.0, 0.0, 0.0, 1.0],
                [0.656878, 0.591128, -0.468058, 0.124994, 0.668541, -0.169568, 0.724085, -0.002831, 0.348659, -0.788552, -0.506579, -1.2e-05, 0.0, 0.0, 0.0, 1.0],
                [0.660902, 0.593682, -0.459076, 0.124994, 0.661092, -0.171031, 0.730552, -0.002831, 0.355199, -0.786315, -0.505513, -1.2e-05, 0.0, 0.0, 0.0, 1.0],
                [0.672937, 0.601233, -0.4309, 0.124994, 0.637446, -0.175828, 0.750165, -0.002831, 0.37526, -0.779489, -0.501574, -1.2e-05, 0.0, 0.0, 0.0, 1.0],
                [0.676917, 0.603611, -0.421233, 0.124994, 0.629191, -0.177534, 0.756703, -0.002831, 0.381971, -0.777261, -0.499963, -1.2e-05, 0.0, 0.0, 0.0, 1.0],
                [0.684825, 0.607982, -0.401712, 0.124994, 0.612228, -0.181063, 0.769671, -0.002831, 0.395211, -0.773029, -0.49622, -1.2e-05, 0.0, 0.0, 0.0, 1.0],
                [0.695795, 0.613406, -0.373632, 0.124994, 0.58677, -0.185463, 0.788228, -0.002831, 0.414209, -0.767682, -0.488973, -1.2e-05, 0.0, 0.0, 0.0, 1.0],
                [0.701734, 0.61639, -0.357256, 0.124994, 0.570994, -0.186702, 0.799442, -0.002831, 0.426068, -0.764987, -0.482971, -1.2e-05, 0.0, 0.0, 0.0, 1.0],
                [0.704523, 0.617638, -0.34953, 0.124994, 0.563317, -0.187129, 0.804771, -0.002831, 0.43165, -0.763876, -0.479762, -1.2e-05, 0.0, 0.0, 0.0, 1.0],
                [0.713152, 0.620116, -0.326911, 0.124994, 0.540359, -0.189204, 0.819887, -0.002831, 0.446572, -0.761353, -0.470017, -1.2e-05, 0.0, 0.0, 0.0, 1.0],
                [0.71636, 0.620445, -0.319181, 0.124994, 0.532534, -0.190619, 0.824665, -0.002831, 0.450817, -0.760732, -0.46696, -1.2e-05, 0.0, 0.0, 0.0, 1.0],
                [0.723653, 0.620214, -0.302755, 0.124994, 0.516302, -0.195384, 0.833821, -0.002831, 0.457994, -0.75971, -0.461608, -1.2e-05, 0.0, 0.0, 0.0, 1.0],
                [0.737551, 0.617205, -0.274, 0.124994, 0.489755, -0.209544, 0.846305, -0.002831, 0.464928, -0.758386, -0.456829, -1.2e-05, 0.0, 0.0, 0.0, 1.0],
                [0.749208, 0.613012, -0.250806, 0.124994, 0.47007, -0.225361, 0.853373, -0.002831, 0.466606, -0.757251, -0.457001, -1.2e-05, 0.0, 0.0, 0.0, 1.0],
                [0.755809, 0.610126, -0.237694, 0.124994, 0.459511, -0.235613, 0.85635, -0.002831, 0.466478, -0.756461, -0.458438, -1.2e-05, 0.0, 0.0, 0.0, 1.0],
                [0.778642, 0.597618, -0.191232, 0.124994, 0.42455, -0.277356, 0.861877, -0.002831, 0.462034, -0.75228, -0.46968, -1.2e-05, 0.0, 0.0, 0.0, 1.0],
                [0.788357, 0.590179, -0.173729, 0.124994, 0.4112, -0.295433, 0.862342, -0.002831, 0.457611, -0.75127, -0.475589, -1.2e-05, 0.0, 0.0, 0.0, 1.0],
                [0.810134, 0.569047, -0.140954, 0.124994, 0.387319, -0.339048, 0.857339, -0.002831, 0.440076, -0.749154, -0.495077, -1.2e-05, 0.0, 0.0, 0.0, 1.0],
                [0.846434, 0.523361, -0.098193, 0.124994, 0.355333, -0.417798, 0.836171, -0.002831, 0.396594, -0.742655, -0.539607, -1.2e-05, 0.0, 0.0, 0.0, 1.0],
                [0.871141, 0.485375, -0.074333, 0.124994, 0.334248, -0.475258, 0.813885, -0.002831, 0.359712, -0.733854, -0.576252, -1.2e-05, 0.0, 0.0, 0.0, 1.0],
                [0.88316, 0.464714, -0.063785, 0.124994, 0.323307, -0.504541, 0.800569, -0.002831, 0.339853, -0.727653, -0.595836, -1.1e-05, 0.0, 0.0, 0.0, 1.0],
                [0.916256, 0.398877, -0.037046, 0.124994, 0.287852, -0.591251, 0.753368, -0.002831, 0.278597, -0.700942, -0.656555, -1.2e-05, 0.0, 0.0, 0.0, 1.0],
                [0.925956, 0.376483, -0.029425, 0.124994, 0.275053, -0.618992, 0.735659, -0.002831, 0.258749, -0.689281, -0.676712, -1.2e-05, 0.0, 0.0, 0.0, 1.0],
                [0.942964, 0.332545, -0.015231, 0.124994, 0.248111, -0.671567, 0.698168, -0.002831, 0.221944, -0.662126, -0.715772, -1.2e-05, 0.0, 0.0, 0.0, 1.0],
                [0.962906, 0.269825, 0.002461, 0.124994, 0.206481, -0.742666, 0.637034, -0.002831, 0.173716, -0.612896, -0.770831, -1.2e-05, 0.0, 0.0, 0.0, 1.0],
                [0.973564, 0.22832, 0.006643, 0.124994, 0.180265, -0.785866, 0.591539, -0.002831, 0.140281, -0.574703, -0.806249, -1.2e-05, 0.0, 0.0, 0.0, 1.0],
                [0.978089, 0.208087, 0.006422, 0.124994, 0.167721, -0.805879, 0.567828, -0.002831, 0.123333, -0.554309, -0.823122, -1.2e-05, 0.0, 0.0, 0.0, 1.0],
                [0.988467, 0.15142, -0.002312, 0.124994, 0.132673, -0.858526, 0.495309, -0.002831, 0.073015, -0.489903, -0.868714, -1.2e-05, 0.0, 0.0, 0.0, 1.0],
                [0.990907, 0.134339, -0.007483, 0.124994, 0.121974, -0.873444, 0.4714, -0.002831, 0.056792, -0.468026, -0.881888, -1.2e-05, 0.0, 0.0, 0.0, 1.0],
