{
  "animation": [
    {
      "name": "Root",
      "time": [
        0.0,
        0.0083,
        0.0167,
        0.025,
        0.0333,
        0.0417,
        0.05,
        0.0583,
        0.0667,
        0.075,
        0.0833,
        0.0917,
        0.1,
        0.1083,
        0.1167,
        0.125,
        0.1333,
        0.1417,
        0.15,
        0.1583,
        0.1667,
        0.175,
        0.1833,
        0.1917,
        0.2,
        0.2083,
        0.2167,
        0.225,
        0.2333,
        0.2417,
        0.25,
        0.2583,
        0.2667,
        0.275,
        0.2833,
        0.2917,
        0.3,
        0.3083,
        0.3167,
        0.325,
        0.3333,
        0.3417,
        0.35,
        0.3583,
        0.3667,
        0.375,
        0.3833,
        0.3917,
        0.4,
        0.4083,
        0.4167,
        0.425,
        0.4333,
        0.4417,
        0.45,
        0.4583,
        0.4667,
        0.475,
        0.4833,
        0.4917,
        0.5,
        0.5083,
        0.5167,
        0.525,
        0.5333,
        0.5417,
        0.55,
        0.5583,
        0.5667,
        0.575,
        0.5833,
        0.5917,
        0.6,
        0.6083,
        0.6167,
        0.625,
        0.6333,
        0.6417,
        0.65,
        0.6583,
        0.6667,
        0.675,
        0.6833,
        0.6917,
        0.7,
        0.7083,
        0.7167,
        0.725,
        0.7333,
        0.7417,
        0.75,
        0.7583,
        0.7667,
        0.775,
        0.7833,
        0.7917,
        0.8,
        0.8083,
        0.8167,
        0.825,
        0.8333,
        0.8417,
        0.85,
        0.8583,
        0.8667,
        0.875,
        0.8833,
        0.8917,
        0.9,
        0.9083,
        0.9167,
        0.925,
        0.9333,
        0.9417,
        0.95,
        0.9583,
        0.9667,
        0.975,
        0.9833,
        0.9917,
        1.0,
        1.0083,
        1.0167,
        1.025,
        1.0333,
        1.0417,
        1.05,
        1.0583,
        1.0667,
        1.075,
        1.0833,
        1.0917,
        1.1,
        1.1083,
        1.1167,
        1.125,
        1.1333,
        1.1417,
        1.15,
        1.1583,
        1.1667,
        1.175,
        1.1833,
        1.1917,
        1.2,
        1.2083,
        1.2167,
        1.225,
        1.2333,
        1.2417,
        1.25,
        1.2583,
        1.2667,
        1.275,
        1.2833,
        1.2917,
        1.3,
        1.3083,
        1.3167,
        1.325,
        1.3333,
        1.3417,
        1.35,
        1.3583,
        1.3667,
        1.375,
        1.3833,
        1.3917,
        1.4,
        1.4083,
        1.4167,
        1.425,
        1.4333,
        1.4417,
        1.45,
        1.4583,
        1.4667,
        1.475,
        1.4833,
        1.4917,
        1.5,
        1.5083,
        1.5167,
        1.525,
        1.5333,
        1.5417,
        1.55,
        1.5583,
        1.5667,
        1.575,
        1.5833,
        1.5917,
        1.6,
        1.6083,
        1.6167,
        1.625,
        1.6333,
        1.6417,
        1.65,
        1.6583,
        1.6667,
        1.675,
        1.6833,
        1.6917,
        1.7,
        1.7083,
        1.7167,
        1.725,
        1.7333,
        1.7417,
        1.75,
        1.7583,
        1.7667,
        1.775,
        1.7833,
        1.7917,
        1.8,
        1.8083,
        1.8167,
        1.825,
        1.8333,
        1.8417,
        1.85,
        1.8583,
        1.8667,
        1.875,
        1.8833,
        1.8917,
        1.9,
        1.9083,
        1.9167,
        1.925,
        1.9333,
        1.9417,
        1.95,
        1.9583,
        1.9667,
        1.975,
        1.9833,
        1.9917,
        2.0
      ],
      "transform": [
        [
          0.617579,
          0.263342,
          0.741112,
          0.007707,
          0.713485,
          0.208927,
          -0.668796,
          0.011027,
          -0.33096,
          0.941807,
          -0.058861,
          0.42799,
          0.0,
          0.0,
          0.0,
          1.0
        ],
        [
          0.617579,
          0.263342,
          0.741112,
          0.007707,
          0.713485,
          0.208927,
          -0.668796,
          0.011027,
          -0.33096,
          0.941807,
          -0.058861,
          0.42799,
          0.0,
          0.0,
          0.0,
          1.0
        ],
        [
          0.590033,
          0.275284,
          0.758999,
          0.011143,
          0.730517,
          0.218293,
          -0.647065,
          0.014562,
          -0.343811,
          0.936251,
          -0.072299,
          0.417598,
          0.0,
          0.0,
          0.0,
          1.0
        ],
        [
          0.560592,
          0.284058,
          0.777848,
          0.013502,
          0.749042,
          0.226578,
          -0.622574,
          0.014818,
          -0.35309,
          0.931651,
          -0.085754,
          0.409287,
          0.0,
          0.0,
          0.0,
          1.0
        ],
        [
          0.5299,
          0.290201,
          0.796862,
          0.014996,
          0.768211,
          0.233779,
          -0.595986,
          0.012582,
          -0.359245,
          0.927971,
          -0.099056,
          0.402751,
          0.0,
          0.0,
          0.0,
          1.0
        ],
        [
          0.498651,
          0.294261,
          0.815327,
          0.015836,
          0.787248,
          0.239896,
          -0.568059,
          0.008639,
          -0.362751,
          0.925127,
          -0.112032,
          0.397684,
          0.0,
          0.0,
          0.0,
          1.0
        ],
        [
          0.467587,
          0.296793,
          0.832632,
          0.016234,
          0.805472,
          0.244943,
          -0.539645,
          0.003776,
          -0.36411,
          0.922993,
          -0.124527,
          0.393777,
          0.0,
          0.0,
          0.0,
          1.0
        ],
        [
          0.437513,
          0.29835,
          0.848275,
          0.016402,
          0.822311,
          0.248964,
          -0.511685,
          -0.001223,
          -0.363851,
          0.921414,
          -0.136412,
          0.390722,
          0.0,
          0.0,
          0.0,
          1.0
        ],
        [
          0.409276,
          0.29948,
          0.861861,
          0.016554,
          0.837298,
          0.252036,
          -0.48519,
          -0.00557,
          -0.362525,
          0.920211,
          -0.147602,
          0.38821,
          0.0,
          0.0,
          0.0,
          1.0
        ],
        [
          0.383768,
          0.300721,
          0.873092,
          0.016903,
          0.850067,
          0.254274,
          -0.461228,
          -0.00848,
          -0.360705,
          0.919191,
          -0.158051,
          0.385932,
          0.0,
          0.0,
          0.0,
          1.0
        ],
        [
          0.359138,
          0.302643,
          0.882851,
          0.017437,
          0.861888,
          0.255319,
          -0.438134,
          -0.010321,
          -0.358007,
          0.91827,
          -0.16915,
          0.384104,
          0.0,
          0.0,
          0.0,
          1.0
        ],
        [
          0.333856,
          0.305074,
          0.891891,
          0.01795,
          0.873738,
          0.254906,
          -0.414253,
          -0.011998,
          -0.353727,
          0.91758,
          -0.181453,
          0.383112,
          0.0,
          0.0,
          0.0,
          1.0
        ],
        [
          0.309332,
          0.307416,
          0.899894,
          0.018363,
          0.884976,
          0.25328,
          -0.390727,
          -0.013534,
          -0.348041,
          0.917248,
          -0.193708,
          0.382904,
          0.0,
          0.0,
          0.0,
          1.0
        ],
        [
          0.287015,
          0.309055,
          0.906701,
          0.0186,
          0.895089,
          0.250643,
          -0.368773,
          -0.014955,
          -0.34123,
          0.917422,
          -0.204694,
          0.383429,
          0.0,
          0.0,
          0.0,
          1.0
        ],
        [
          0.268376,
          0.309363,
          0.912288,
          0.018583,
          0.903684,
          0.247168,
          -0.349661,
          -0.016285,
          -0.333661,
          0.918261,
          -0.213232,
          0.384635,
          0.0,
          0.0,
          0.0,
          1.0
        ],
        [
          0.254884,
          0.307681,
          0.916715,
          0.018237,
          0.910449,
          0.243013,
          -0.334705,
          -0.01755,
          -0.325756,
          0.919933,
          -0.218188,
          0.386469,
          0.0,
          0.0,
          0.0,
          1.0
        ],
        [
          0.247993,
          0.30332,
          0.920052,
          0.017483,
          0.915104,
          0.238342,
          -0.325235,
          -0.018774,
          -0.317937,
          0.9226,
          -0.218462,
          0.38888,
          0.0,
          0.0,
          0.0,
          1.0
        ],
        [
          0.249129,
          0.295551,
          0.922271,
          0.016245,
          0.917324,
          0.233368,
          -0.322578,
          -0.019983,
          -0.310567,
          0.926385,
          -0.212977,
          0.391814,
          0.0,
          0.0,
          0.0,
          1.0
        ],
        [
          0.257374,
          0.283809,
          0.923694,
          0.014474,
          0.917735,
          0.227472,
          -0.325605,
          -0.02178,
          -0.302524,
          0.931509,
          -0.201917,
          0.395569,
          0.0,
          0.0,
          0.0,
          1.0
        ],
        [
          0.270912,
          0.268422,
          0.924422,
          0.012223,
          0.916958,
          0.220255,
          -0.332679,
          -0.024401,
          -0.292907,
          0.937783,
          -0.186462,
          0.40032,
          0.0,
          0.0,
          0.0,
          1.0
        ],
        [
          0.28979,
          0.249957,
          0.923874,
          0.00956,
          0.914523,
          0.21236,
          -0.344312,
          -0.027314,
          -0.282257,
          0.944682,
          -0.167052,
          0.40583,
          0.0,
          0.0,
          0.0,
          1.0
        ],
        [
          0.314042,
          0.228996,
          0.921379,
          0.006555,
          0.909891,
          0.204485,
          -0.360949,
          -0.029989,
          -0.271064,
          0.951707,
          -0.144144,
          0.411862,
          0.0,
          0.0,
          0.0,
          1.0
        ],
        [
          0.343689,
          0.206156,
          0.916175,
          0.003276,
          0.902439,
          0.19737,
          -0.382948,
          -0.031892,
          -0.259773,
          0.958407,
          -0.118209,
          0.41818,
          0.0,
          0.0,
          0.0,
          1.0
        ],
        [
          0.37872,
          0.182116,
          0.907416,
          -0.000208,
          0.891445,
          0.19178,
          -0.410544,
          -0.032489,
          -0.248792,
          0.964393,
          -0.089716,
          0.424549,
          0.0,
          0.0,
          0.0,
          1.0
        ],
        [
          0.419074,
          0.157642,
          0.894162,
          -0.003826,
          0.876067,
          0.188486,
          -0.443823,
          -0.031247,
          -0.238502,
          0.969341,
          -0.059115,
          0.430735,
          0.0,
          0.0,
          0.0,
          1.0
        ],
        [
          0.464598,
          0.133605,
          0.875385,
          -0.007507,
          0.855329,
          0.188228,
          -0.482683,
          -0.027629,
          -0.229261,
          0.972995,
          -0.026826,
          0.436505,
          0.0,
          0.0,
          0.0,
          1.0
        ],
        [
          0.533636,
          0.105631,
          0.839092,
          -0.012189,
          0.815252,
          0.19964,
          -0.543607,
          -0.01958,
          -0.224938,
          0.974159,
          0.020419,
          0.441804,
          0.0,
          0.0,
          0.0,
          1.0
        ],
        [
          0.626701,
          0.075175,
          0.775625,
          -0.01801,
          0.747402,
          0.223703,
          -0.625578,
          -0.005476,
          -0.220537,
          0.971754,
          0.084009,
          0.446905,
          0.0,
          0.0,
          0.0,
          1.0
        ],
        [
          0.718401,
          0.050062,
          0.693826,
          -0.023695,
          0.664055,
          0.247733,
          -0.70545,
          0.014522,
          -0.2072,
          0.967534,
          0.144728,
          0.452095,
          0.0,
          0.0,
          0.0,
          1.0
        ],
        [
          0.789436,
          0.03387,
          0.612898,
          -0.027977,
          0.585765,
          0.256913,
          -0.768684,
          0.040174,
          -0.183496,
          0.965841,
          0.182976,
          0.457694,
          0.0,
          0.0,
          0.0,
          1.0
        ],
        [
          0.839087,
          0.022256,
          0.543542,
          -0.030473,
          0.521534,
          0.251247,
          -0.8154,
          0.067987,
          -0.154711,
          0.967667,
          0.199211,
          0.46407,
          0.0,
          0.0,
          0.0,
          1.0
        ],
        [
          0.878079,
          0.01048,
          0.478401,
          -0.031951,
          0.462021,
          0.241664,
          -0.853308,
          0.09539,
          -0.124555,
          0.970303,
          0.207358,
          0.47112,
          0.0,
          0.0,
          0.0,
          1.0
        ],
        [
          0.909833,
          -0.001447,
          0.414972,
          -0.032889,
          0.40425,
          0.228961,
          -0.885527,
          0.123491,
          -0.093731,
          0.973435,
          0.208901,
          0.478481,
          0.0,
          0.0,
          0.0,
          1.0
        ],
        [
          0.936682,
          -0.013432,
          0.349922,
          -0.033767,
          0.344536,
          0.214032,
          -0.914049,
          0.153403,
          -0.062617,
          0.976734,
          0.205108,
          0.485785,
          0.0,
          0.0,
          0.0,
          1.0
        ],
        [
          0.959852,
          -0.025368,
          0.279357,
          -0.035067,
          0.27874,
          0.197875,
          -0.93976,
          0.186249,
          -0.031438,
          0.979899,
          0.197002,
          0.492668,
          0.0,
          0.0,
          0.0,
          1.0
        ],
        [
          0.979291,
          -0.037165,
          0.199016,
          -0.037273,
          0.202456,
          0.181586,
          -0.962309,
          0.223158,
          -0.000374,
          0.982672,
          0.18535,
          0.498761,
          0.0,
          0.0,
          0.0,
          1.0
        ],
        [
          0.993332,
          -0.048717,
          0.104494,
          -0.040872,
          0.111226,
          0.166345,
          -0.979775,
          0.265268,
          0.03035,
          0.984864,
          0.170654,
          0.503697,
          0.0,
          0.0,
          0.0,
          1.0
        ],
        [
          0.998174,
          -0.059823,
          -0.008388,
          -0.046346,
          0.000889,
          0.153391,
          -0.988165,
          0.313731,
          0.060402,
          0.986353,
          0.153164,
          0.507107,
          0.0,
          0.0,
          0.0,
          1.0
        ],
        [
          0.987639,
          -0.070126,
          -0.140186,
          -0.053564,
          -0.129396,
          0.140009,
          -0.981659,
          0.370613,
          0.088467,
          0.987664,
          0.129204,
          0.509335,
          0.0,
          0.0,
          0.0,
          1.0
        ],
        [
          0.95529,
          -0.080525,
          -0.284494,
          -0.062009,
          -0.273599,
          0.124035,
          -0.953813,
          0.435748,
          0.112093,
          0.989005,
          0.096458,
          0.510875,
          0.0,
          0.0,
          0.0,
          1.0
        ],
        [
          0.896488,
          -0.092162,
          -0.433376,
          -0.071568,
          -0.423699,
          0.107711,
          -0.899376,
          0.50694,
          0.129568,
          0.989901,
          0.057513,
          0.511585,
          0.0,
          0.0,
          0.0,
          1.0
        ],
        [
          0.809273,
          -0.105482,
          -0.577884,
          -0.08211,
          -0.570495,
          0.0934,
          -0.815973,
          0.581979,
          0.140045,
          0.990025,
          0.015409,
          0.511331,
          0.0,
          0.0,
          0.0,
          1.0
        ],
        [
          0.69483,
          -0.120122,
          -0.709071,
          -0.093496,
          -0.704654,
          0.083406,
          -0.704632,
          0.65864,
          0.143783,
          0.989249,
          -0.026691,
          0.50998,
          0.0,
          0.0,
          0.0,
          1.0
        ],
        [
          0.557466,
          -0.134935,
          -0.819161,
          -0.105579,
          -0.817932,
          0.079733,
          -0.569763,
          0.734671,
          0.142195,
          0.987641,
          -0.065919,
          0.507401,
          0.0,
          0.0,
          0.0,
          1.0
        ],
        [
          0.404063,
          -0.148142,
          -0.902655,
          -0.118216,
          -0.904306,
          0.083863,
          -0.418565,
          0.807801,
          0.137706,
          0.985404,
          -0.10008,
          0.503463,
          0.0,
          0.0,
          0.0,
          1.0
        ],
        [
          0.243136,
          -0.1576,
          -0.957103,
          -0.131274,
          -0.96077,
          0.096614,
          -0.259976,
          0.875739,
          0.133441,
          0.982766,
          -0.127927,
          0.498028,
          0.0,
          0.0,
          0.0,
          1.0
        ],
        [
          0.0596,
          -0.15453,
          -0.986189,
          -0.148766,
          -0.988266,
          0.130053,
          -0.080104,
          0.936885,
          0.140635,
          0.979391,
          -0.144965,
          0.487448,
          0.0,
          0.0,
          0.0,
          1.0
        ],
        [
          -0.14042,
          -0.130936,
          -0.981396,
          -0.170826,
          -0.976653,
          0.181081,
          0.115582,
          0.991598,
          0.162578,
          0.974713,
          -0.153307,
          0.470564,
          0.0,
          0.0,
          0.0,
          1.0
        ],
        [
          -0.314508,
          -0.09377,
          -0.944612,
          -0.191744,
          -0.930172,
          0.22897,
          0.286971,
          1.040525,
          0.189379,
          0.968907,
          -0.159235,
          0.450984,
          0.0,
          0.0,
          0.0,
          1.0
        ],
        [
          -0.428248,
          -0.059728,
          -0.901685,
          -0.206073,
          -0.878911,
          0.259458,
          0.400245,
          1.084443,
          0.210044,
          0.963906,
          -0.163609,
          0.432371,
          0.0,
          0.0,
          0.0,
          1.0
        ],
        [
          -0.467548,
          -0.0378,
          -0.883159,
          -0.211523,
          -0.854857,
          0.273619,
          0.440854,
          1.125175,
          0.224985,
          0.961095,
          -0.160244,
          0.41307,
          0.0,
          0.0,
          0.0,
          1.0
        ],
        [
          -0.457428,
          -0.022823,
          -0.888954,
          -0.211467,
          -0.856164,
          0.281442,
          0.43333,
          1.161851,
          0.240299,
          0.959307,
          -0.14828,
          0.392019,
          0.0,
          0.0,
          0.0,
          1.0
        ],
        [
          -0.428661,
          -0.013121,
          -0.90337,
          -0.20902,
          -0.867324,
          0.285957,
          0.407403,
          1.191291,
          0.25298,
          0.958152,
          -0.133959,
          0.373812,
          0.0,
          0.0,
          0.0,
          1.0
        ],
        [
          -0.412119,
          -0.006334,
          -0.911108,
          -0.207288,
          -0.872987,
          0.289048,
          0.392867,
          1.2103,
          0.260866,
          0.957294,
          -0.124652,
          0.363036,
          0.0,
          0.0,
          0.0,
          1.0
        ],
        [
          -0.4133,
          -0.000656,
          -0.910595,
          -0.206843,
          -0.87113,
          0.291493,
          0.395177,
          1.221033,
          0.265173,
          0.956573,
          -0.121045,
          0.358834,
          0.0,
          0.0,
          0.0,
          1.0
        ],
        [
          -0.416098,
          0.004077,
          -0.90931,
          -0.206216,
          -0.868876,
          0.293129,
          0.39891,
          1.228247,
          0.268171,
          0.956064,
          -0.118428,
          0.356955,
          0.0,
          0.0,
          0.0,
          1.0
        ],
        [
          -0.419881,
          0.007901,
          -0.907545,
          -0.20547,
          -0.866459,
          0.294092,
          0.403433,
          1.232647,
          0.270089,
          0.955744,
          -0.116638,
          0.356892,
          0.0,
          0.0,
          0.0,
          1.0
        ],
        [
          -0.424012,
          0.010848,
          -0.905592,
          -0.204664,
          -0.864114,
          0.294526,
          0.40812,
          1.23494,
          0.271148,
          0.955582,
          -0.115509,
          0.358134,
          0.0,
          0.0,
          0.0,
          1.0
        ],
        [
          -0.42786,
          0.012953,
          -0.903752,
          -0.203858,
          -0.862084,
          0.294576,
          0.412355,
          1.235833,
          0.271565,
          0.95554,
          -0.114871,
          0.360175,
          0.0,
          0.0,
          0.0,
          1.0
        ],
        [
          -0.430792,
          0.01425,
          -0.902339,
          -0.203113,
          -0.860624,
          0.29439,
          0.415525,
          1.236033,
          0.27156,
          0.955579,
          -0.114557,
          0.362505,
          0.0,
          0.0,
          0.0,
          1.0
        ],
        [
          -0.432178,
          0.014774,
          -0.901667,
          -0.202488,
          -0.859993,
          0.294116,
          0.417022,
          1.236248,
          0.271356,
          0.955655,
          -0.114405,
          0.364615,
          0.0,
          0.0,
          0.0,
          1.0
        ],
        [
          -0.431385,
          0.014563,
          -0.90205,
          -0.202046,
          -0.860449,
          0.293897,
          0.416235,
          1.237182,
          0.271172,
          0.955726,
          -0.114252,
          0.365997,
          0.0,
          0.0,
          0.0,
          1.0
        ],
        [
          -0.42861,
          0.013583,
          -0.903388,
          -0.20173,
          -0.861916,
          0.293671,
          0.41335,
          1.238556,
          0.270914,
          0.95581,
          -0.114163,
          0.366917,
          0.0,
          0.0,
          0.0,
          1.0
        ],
        [
          -0.424625,
          0.011861,
          -0.905292,
          -0.201447,
          -0.864057,
          0.293293,
          0.409126,
          1.239635,
          0.270368,
          0.955949,
          -0.11429,
          0.367967,
          0.0,
          0.0,
          0.0,
          1.0
        ],
        [
          -0.419653,
          0.009528,
          -0.907634,
          -0.201198,
          -0.866728,
          0.292776,
          0.403813,
          1.240451,
          0.269581,
          0.956134,
          -0.114606,
          0.369121,
          0.0,
          0.0,
          0.0,
          1.0
        ],
        [
          -0.413926,
          0.006716,
          -0.910286,
          -0.200983,
          -0.869782,
          0.292135,
          0.397663,
          1.241033,
          0.268597,
          0.956353,
          -0.11508,
          0.370353,
          0.0,
          0.0,
          0.0,
          1.0
        ],
        [
          -0.407672,
          0.003557,
          -0.913122,
          -0.200805,
          -0.87308,
          0.291387,
          0.390929,
          1.24141,
          0.267463,
          0.956599,
          -0.115685,
          0.371639,
          0.0,
          0.0,
          0.0,
          1.0
        ],
        [
          -0.401123,
          0.000181,
          -0.916024,
          -0.200662,
          -0.876486,
          0.290551,
          0.383866,
          1.241615,
          0.266221,
          0.95686,
          -0.116388,
          0.372951,
          0.0,
          0.0,
          0.0,
          1.0
        ],
        [
          -0.394517,
          -0.003282,
          -0.918883,
          -0.200558,
          -0.879872,
          0.28965,
          0.376734,
          1.241676,
          0.264918,
          0.957127,
          -0.11716,
          0.374266,
          0.0,
          0.0,
          0.0,
          1.0
        ],
        [
          -0.388096,
          -0.006702,
          -0.921594,
          -0.200491,
          -0.883119,
          0.28871,
          0.369794,
          1.241624,
          0.263595,
          0.957393,
          -0.117966,
          0.375558,
          0.0,
          0.0,
          0.0,
          1.0
        ],
        [
          -0.382104,
          -0.00995,
          -0.924066,
          -0.200465,
          -0.886114,
          0.287763,
          0.363312,
          1.241488,
          0.262297,
          0.95765,
          -0.118773,
          0.376802,
          0.0,
          0.0,
          0.0,
          1.0
        ],
        [
          -0.37679,
          -0.0129,
          -0.926209,
          -0.200479,
          -0.888749,
          0.286844,
          0.357555,
          1.241301,
          0.261065,
          0.95789,
          -0.119545,
          0.377971,
          0.0,
          0.0,
          0.0,
          1.0
        ],
        [
          -0.372404,
          -0.015424,
          -0.927943,
          -0.200535,
          -0.890925,
          0.285989,
          0.352794,
          1.241091,
          0.25994,
          0.958109,
          -0.120245,
          0.379042,
          0.0,
          0.0,
          0.0,
          1.0
        ],
        [
          -0.369196,
          -0.017396,
          -0.929189,
          -0.200634,
          -0.892543,
          0.285237,
          0.349296,
          1.24089,
          0.258963,
          0.958299,
          -0.120835,
          0.379988,
          0.0,
          0.0,
          0.0,
          1.0
        ],
        [
          -0.367119,
          -0.01891,
          -0.929982,
          -0.200799,
          -0.893658,
          0.284555,
          0.346993,
          1.240612,
          0.25807,
          0.958473,
          -0.121364,
          0.380857,
          0.0,
          0.0,
          0.0,
          1.0
        ],
        [
          -0.365872,
          -0.020163,
          -0.930447,
          -0.201045,
          -0.894427,
          0.283887,
          0.345556,
          1.240172,
          0.257174,
          0.958646,
          -0.1219,
          0.381706,
          0.0,
          0.0,
          0.0,
          1.0
        ],
        [
          -0.36533,
          -0.021188,
          -0.930637,
          -0.201357,
          -0.894904,
          0.283237,
          0.344854,
          1.239596,
          0.256284,
          0.958816,
          -0.122436,
          0.382526,
          0.0,
          0.0,
          0.0,
          1.0
        ],
        [
          -0.365372,
          -0.022018,
          -0.930601,
          -0.201722,
          -0.895138,
          0.282608,
          0.344762,
          1.23891,
          0.255404,
          0.958983,
          -0.122966,
          0.383307,
          0.0,
          0.0,
          0.0,
          1.0
        ],
        [
          -0.365873,
          -0.022686,
          -0.930388,
          -0.202127,
          -0.895179,
          0.282002,
          0.345151,
          1.238142,
          0.254542,
          0.959145,
          -0.123485,
          0.38404,
          0.0,
          0.0,
          0.0,
          1.0
        ],
        [
          -0.366709,
          -0.023223,
          -0.930046,
          -0.202559,
          -0.895075,
          0.281424,
          0.345893,
          1.237319,
          0.253704,
          0.959303,
          -0.123987,
          0.384715,
          0.0,
          0.0,
          0.0,
          1.0
        ],
        [
          -0.367756,
          -0.023661,
          -0.929621,
          -0.203005,
          -0.894873,
          0.280873,
          0.346861,
          1.236467,
          0.252898,
          0.959453,
          -0.124466,
          0.385323,
          0.0,
          0.0,
          0.0,
          1.0
        ],
        [
          -0.368888,
          -0.024033,
          -0.929163,
          -0.203451,
          -0.894624,
          0.280351,
          0.347924,
          1.235614,
          0.252131,
          0.959597,
          -0.124918,
          0.385853,
          0.0,
          0.0,
          0.0,
          1.0
        ],
        [
          -0.369982,
          -0.024369,
          -0.928719,
          -0.203884,
          -0.894375,
          0.279861,
          0.348957,
          1.234785,
          0.251409,
          0.959731,
          -0.125338,
          0.386297,
          0.0,
          0.0,
          0.0,
          1.0
        ],
        [
          -0.370914,
          -0.024701,
          -0.928339,
          -0.20429,
          -0.894177,
          0.279404,
          0.34983,
          1.234008,
          0.250741,
          0.959856,
          -0.125722,
          0.386645,
          0.0,
          0.0,
          0.0,
          1.0
        ],
        [
          -0.371559,
          -0.02506,
          -0.928071,
          -0.204657,
          -0.894079,
          0.278982,
          0.350417,
          1.23331,
          0.250133,
          0.959969,
          -0.126064,
          0.386887,
          0.0,
          0.0,
          0.0,
          1.0
        ],
        [
          -0.371794,
          -0.025478,
          -0.927966,
          -0.204971,
          -0.894132,
          0.278595,
          0.350589,
          1.232718,
          0.249594,
          0.960071,
          -0.12636,
          0.387013,
          0.0,
          0.0,
          0.0,
          1.0
        ],
        [
          -0.371958,
          -0.02587,
          -0.927889,
          -0.205257,
          -0.894197,
          0.278257,
          0.350693,
          1.232203,
          0.249119,
          0.960158,
          -0.126633,
          0.387069,
          0.0,
          0.0,
          0.0,
          1.0
        ],
        [
          -0.372443,
          -0.026141,
          -0.927687,
          -0.205546,
          -0.894113,
          0.277974,
          0.351131,
          1.23172,
          0.248694,
          0.960233,
          -0.126902,
          0.387105,
          0.0,
          0.0,
          0.0,
          1.0
        ],
        [
          -0.373202,
          -0.026307,
          -0.927377,
          -0.205837,
          -0.893902,
          0.277739,
          0.351852,
          1.231263,
          0.248313,
          0.960296,
          -0.127168,
          0.387122,
          0.0,
          0.0,
          0.0,
          1.0
        ],
        [
          -0.374187,
          -0.026384,
          -0.926978,
          -0.20613,
          -0.893585,
          0.277547,
          0.352808,
          1.23083,
          0.247972,
          0.96035,
          -0.127431,
          0.387119,
          0.0,
          0.0,
          0.0,
          1.0
        ],
        [
          -0.375349,
          -0.026388,
          -0.926508,
          -0.206424,
          -0.893183,
          0.27739,
          0.353949,
          1.230417,
          0.247664,
          0.960395,
          -0.127687,
          0.387096,
          0.0,
          0.0,
          0.0,
          1.0
        ],
        [
          -0.376644,
          -0.026335,
          -0.925984,
          -0.206718,
          -0.892716,
          0.27726,
          0.355227,
          1.230021,
          0.247383,
          0.960434,
          -0.127938,
          0.387052,
          0.0,
          0.0,
          0.0,
          1.0
        ],
        [
          -0.378023,
          -0.026242,
          -0.925424,
          -0.20701,
          -0.892204,
          0.277152,
          0.356594,
          1.229638,
          0.247125,
          0.960468,
          -0.128183,
          0.386987,
          0.0,
          0.0,
          0.0,
          1.0
        ],
        [
          -0.379439,
          -0.026123,
          -0.924848,
          -0.2073,
          -0.891669,
          0.277058,
          0.358001,
          1.229265,
          0.246884,
          0.960498,
          -0.12842,
          0.386901,
          0.0,
          0.0,
          0.0,
          1.0
        ],
        [
          -0.380845,
          -0.025996,
          -0.924274,
          -0.207586,
          -0.891134,
          0.276971,
          0.359399,
          1.228898,
          0.246655,
          0.960526,
          -0.128649,
          0.386793,
          0.0,
          0.0,
          0.0,
          1.0
        ],
        [
          -0.382192,
          -0.025876,
          -0.92372,
          -0.207869,
          -0.890618,
          0.276886,
          0.36074,
          1.228534,
          0.246431,
          0.960554,
          -0.128869,
          0.386663,
          0.0,
          0.0,
          0.0,
          1.0
        ],
        [
          -0.383437,
          -0.025778,
          -0.923207,
          -0.208146,
          -0.890145,
          0.276794,
          0.361977,
          1.228169,
          0.246207,
          0.960583,
          -0.12908,
          0.386511,
          0.0,
          0.0,
          0.0,
          1.0
        ],
        [
          -0.38453,
          -0.02572,
          -0.922754,
          -0.208417,
          -0.889736,
          0.27669,
          0.363059,
          1.2278,
          0.245979,
          0.960615,
          -0.12928,
          0.386336,
          0.0,
          0.0,
          0.0,
          1.0
        ],
        [
          -0.385426,
          -0.025717,
          -0.92238,
          -0.208681,
          -0.889415,
          0.276567,
          0.36394,
          1.227423,
          0.24574,
          0.960651,
          -0.129469,
          0.386138,
          0.0,
          0.0,
          0.0,
          1.0
        ],
        [
          -0.386078,
          -0.025786,
          -0.922106,
          -0.208936,
          -0.889202,
          0.276418,
          0.364572,
          1.227035,
          0.245486,
          0.960691,
          -0.129648,
          0.385916,
          0.0,
          0.0,
          0.0,
          1.0
        ],
        [
          -0.386439,
          -0.025941,
          -0.92195,
          -0.209183,
          -0.889121,
          0.276237,
          0.364907,
          1.226633,
          0.24521,
          0.960739,
          -0.129813,
          0.385671,
          0.0,
          0.0,
          0.0,
          1.0
        ],
        [
          -0.386463,
          -0.026199,
          -0.921933,
          -0.209419,
          -0.889194,
          0.276016,
          0.364896,
          1.226213,
          0.244908,
          0.960796,
          -0.129966,
          0.385402,
          0.0,
          0.0,
          0.0,
          1.0
        ],
        [
          -0.386102,
          -0.026577,
          -0.922073,
          -0.209645,
          -0.889443,
          0.275749,
          0.364491,
          1.225771,
          0.244574,
          0.960862,
          -0.130106,
          0.385109,
          0.0,
          0.0,
          0.0,
          1.0
        ],
        [
          -0.385309,
          -0.027089,
          -0.92239,
          -0.209858,
          -0.889889,
          0.27543,
          0.363644,
          1.225304,
          0.244203,
          0.960939,
          -0.130232,
          0.384791,
          0.0,
          0.0,
          0.0,
          1.0
        ],
        [
          -0.384037,
          -0.027751,
          -0.922901,
          -0.210058,
          -0.890552,
          0.27505,
          0.362305,
          1.224809,
          0.24379,
          0.961029,
          -0.130343,
          0.384447,
          0.0,
          0.0,
          0.0,
          1.0
        ],
        [
          -0.382237,
          -0.02858,
          -0.923622,
          -0.210245,
          -0.891452,
          0.274603,
          0.360426,
          1.224282,
          0.243328,
          0.961133,
          -0.130441,
          0.384079,
          0.0,
          0.0,
          0.0,
          1.0
        ],
        [
          -0.379861,
          -0.02959,
          -0.92457,
          -0.210416,
          -0.892607,
          0.274079,
          0.357957,
          1.223719,
          0.242813,
          0.961252,
          -0.130524,
          0.383684,
          0.0,
          0.0,
          0.0,
          1.0
        ],
        [
          -0.37686,
          -0.030796,
          -0.925758,
          -0.210571,
          -0.894034,
          0.27347,
          0.354848,
          1.223118,
          0.242239,
          0.961387,
          -0.130592,
          0.383264,
          0.0,
          0.0,
          0.0,
          1.0
        ],
        [
          -0.373182,
          -0.032213,
          -0.927199,
          -0.21071,
          -0.895748,
          0.272767,
          0.351047,
          1.222474,
          0.241601,
          0.961541,
          -0.130647,
          0.382817,
          0.0,
          0.0,
          0.0,
          1.0
        ],
        [
          -0.368779,
          -0.033856,
          -0.9289,
          -0.21083,
          -0.89776,
          0.27196,
          0.346504,
          1.221784,
          0.240893,
          0.961713,
          -0.130688,
          0.382343,
          0.0,
          0.0,
          0.0,
          1.0
        ],
        [
          -0.363681,
          -0.035705,
          -0.930839,
          -0.210902,
          -0.900038,
          0.271072,
          0.34125,
          1.220976,
          0.24014,
          0.961897,
          -0.130719,
          0.38172,
          0.0,
          0.0,
          0.0,
          1.0
        ],
        [
          -0.357972,
          -0.037724,
          -0.93297,
          -0.210901,
          -0.902529,
          0.270128,
          0.33537,
          1.220001,
          0.23937,
          0.962085,
          -0.130745,
          0.380857,
          0.0,
          0.0,
