{
  "constructor": {
    "invocation_command": "(0.15#F,true#Z,bokken:biped/hold_bokken#java.lang.String,epicfight:entity/biped#yesman.epicfight.api.model.Armature)#yesman.epicfight.api.animation.types.StaticAnimation"
  },
  "animation": [
    {
      "name": "Root",
      "time": [
        0.0,
        1.25,
        2.6667
      ],
      "transform": [
        [
          0.926387,
          -0.002352,
          -0.376566,
          -5e-06,
          -0.376495,
          0.014607,
          -0.926303,
          0.000946,
          0.007679,
          0.999891,
          0.012646,
          0.740887,
          0.0,
          0.0,
          0.0,
          1.0
        ],
        [
          0.926387,
          -0.002352,
          -0.376566,
          -5e-06,
          -0.376495,
          0.014607,
          -0.926303,
          0.000946,
          0.007679,
          0.999891,
          0.012646,
          0.751778,
          0.0,
          0.0,
          0.0,
          1.0
        ],
        [
          0.926387,
          -0.002352,
          -0.376566,
          -5e-06,
          -0.376495,
          0.014607,
          -0.926303,
          0.000946,
          0.007679,
          0.999891,
          0.012646,
          0.740887,
          0.0,
          0.0,
          0.0,
          1.0
        ]
      ]
    },
    {
      "name": "Thigh_R",
      "time": [
        0.0,
        2.6667
      ],
      "transform": [
        [
          0.893492,
          0.237825,
          0.380934,
          0.124994,
          0.178151,
          -0.966365,
          0.185467,
          -0.00283,
          0.41223,
          -0.097849,
          -0.90581,
          -1.2e-05,
          0.0,
          0.0,
          0.0,
          1.0
        ],
        [
          0.893492,
          0.237825,
          0.380934,
          0.124994,
          0.178151,
          -0.966365,
          0.185467,
          -0.00283,
          0.41223,
          -0.097849,
          -0.90581,
          -1.2e-05,
          0.0,
          0.0,
          0.0,
          1.0
        ]
      ]
    },
    {
      "name": "Leg_R",
      "time": [
        0.0,
        2.6667
      ],
      "transform": [
        [
          1.0,
          -0.0,
          1e-06,
          -0.0,
          -0.0,
          0.924353,
          0.381541,
          0.37472,
          -1e-06,
          -0.381541,
          0.924351,
          -0.0,
          0.0,
          0.0,
          0.0,
          1.0
        ],
        [
          1.0,
          -0.0,
          1e-06,
          -0.0,
          -0.0,
          0.924353,
          0.381541,
          0.37472,
          -1e-06,
          -0.381541,
          0.924351,
          -0.0,
          0.0,
          0.0,
          0.0,
          1.0
        ]
      ]
    },
    {
      "name": "Knee_R",
      "time": [
        0.0,
        2.6667
      ],
      "transform": [
        [
          1.0,
          0.0,
          -0.0,
          -0.0,
          -0.0,
          1e-06,
          -1.0,
          0.37472,
          -0.0,
          1.0,
          1e-06,
          -0.0,
          0.0,
          0.0,
          0.0,
          1.0
        ],
        [
          1.0,
          0.0,
          -0.0,
          -0.0,
          -0.0,
          1e-06,
          -1.0,
          0.37472,
          -0.0,
          1.0,
          1e-06,
          -0.0,
          0.0,
          0.0,
          0.0,
          1.0
        ]
      ]
    },
    {
      "name": "Thigh_L",
      "time": [
        0.0,
        1.25,
        2.6667
      ],
      "transform": [
        [
          0.92618,
          -0.141413,
          -0.349558,
          -0.16072,
          -0.003459,
          -0.930163,
          0.367131,
          -0.001875,
          -0.377063,
          -0.338821,
          -0.861988,
          0.033025,
          0.0,
          0.0,
          0.0,
          1.0
        ],
        [
          0.92618,
          -0.106273,
          -0.361793,
          -0.16072,
          -0.003456,
          -0.961816,
          0.273676,
          -0.001875,
          -0.377063,
          -0.252222,
          -0.891183,
          0.033025,
          0.0,
          0.0,
          0.0,
          1.0
        ],
        [
          0.92618,
          -0.141413,
          -0.349558,
          -0.16072,
          -0.003459,
          -0.930163,
          0.367131,
          -0.001875,
          -0.377063,
          -0.338821,
          -0.861988,
          0.033025,
          0.0,
          0.0,
          0.0,
          1.0
        ]
      ]
    },
    {
      "name": "Leg_L",
      "time": [
        0.0,
        1.25,
        2.6667
      ],
      "transform": [
        [
          1.0,
          -1e-06,
          1e-06,
          0.0,
          0.0,
          0.938359,
          0.345662,
          0.37472,
          -1e-06,
          -0.345662,
          0.938359,
          -0.0,
          0.0,
          0.0,
          0.0,
          1.0
        ],
        [
          1.0,
          -0.0,
          1e-06,
          0.0,
          0.0,
          0.977365,
          0.211557,
          0.37472,
          -1e-06,
          -0.211557,
          0.977366,
          0.0,
          0.0,
          0.0,
          0.0,
          1.0
        ],
        [
          1.0,
          -1e-06,
          1e-06,
          0.0,
          0.0,
          0.938359,
          0.345662,
          0.37472,
          -1e-06,
          -0.345662,
          0.938359,
          -0.0,
          0.0,
          0.0,
          0.0,
          1.0
        ]
      ]
    },
    {
      "name": "Knee_L",
      "time": [
        0.0,
        1.25,
        2.6667
      ],
      "transform": [
        [
          1.0,
          0.0,
          -0.0,
          0.0,
          -0.0,
          1e-06,
          -1.0,
          0.37472,
          -0.0,
          1.0,
          1e-06,
          -0.0,
          0.0,
          0.0,
          0.0,
          1.0
        ],
        [
          1.0,
          0.0,
          -0.0,
          0.0,
          -0.0,
          1e-06,
          -1.0,
          0.37472,
          -0.0,
          1.0,
          1e-06,
          0.0,
          0.0,
          0.0,
          0.0,
          1.0
        ],
        [
          1.0,
          0.0,
          -0.0,
          0.0,
          -0.0,
          1e-06,
          -1.0,
          0.37472,
          -0.0,
          1.0,
          1e-06,
          -0.0,
          0.0,
          0.0,
          0.0,
          1.0
        ]
      ]
    },
    {
      "name": "Torso",
      "time": [
        0.0,
        1.25,
        2.6667
      ],
      "transform": [
        [
          1.0,
          -0.0,
          -0.0,
          -0.0,
          -0.0,
          1.0,
          -0.0,
          0.05,
          -0.0,
          0.0,
          1.0,
          0.0,
          0.0,
          0.0,
          0.0,
          1.0
        ],
        [
          0.999985,
          0.005405,
          -7e-05,
          -0.0,
          -0.005406,
          0.999897,
          -0.013298,
          0.05,
          -2e-06,
          0.013298,
          0.999912,
          0.0,
          0.0,
          0.0,
          0.0,
          1.0
        ],
        [
          1.0,
          -0.0,
          -0.0,
          -0.0,
          -0.0,
          1.0,
          -0.0,
          0.05,
          -0.0,
          0.0,
          1.0,
          0.0,
          0.0,
          0.0,
          0.0,
          1.0
        ]
      ]
    },
    {
      "name": "Chest",
      "time": [
        0.0,
        1.25,
        2.6667
      ],
      "transform": [
        [
          0.999955,
          -0.009433,
          0.000754,
          0.0,
          0.009423,
          0.999889,
          0.011523,
          0.3,
          -0.000863,
          -0.011516,
          0.999933,
          0.0,
          0.0,
          0.0,
          0.0,
          1.0
        ],
        [
          0.999993,
          -0.003638,
          0.000743,
          0.0,
          0.00364,
          0.99999,
          -0.002737,
          0.3,
          -0.000733,
          0.002739,
          0.999996,
          0.0,
          0.0,
          0.0,
          0.0,
          1.0
        ],
        [
          0.999955,
          -0.009433,
          0.000754,
          0.0,
          0.009423,
          0.999889,
          0.011523,
          0.3,
          -0.000863,
          -0.011516,
          0.999933,
          0.0,
          0.0,
          0.0,
          0.0,
          1.0
        ]
      ]
    },
    {
      "name": "Head",
      "time": [
        0.0,
        1.25,
        2.6667
      ],
      "transform": [
        [
          0.926624,
          0.015877,
          0.375654,
          0.0,
          -0.005422,
          0.999568,
          -0.028873,
          0.4,
          -0.37595,
          0.024718,
          0.92631,
          -0.0,
          0.0,
          0.0,
          0.0,
          1.0
        ],
        [
          0.926863,
          0.006263,
          0.375346,
          -0.0,
          -0.007354,
          0.999972,
          0.001475,
          0.4,
          -0.375327,
          -0.004127,
          0.926883,
          0.0,
          0.0,
          0.0,
          0.0,
          1.0
        ],
        [
          0.926624,
          0.015877,
          0.375654,
          0.0,
          -0.005422,
          0.999568,
          -0.028873,
          0.4,
          -0.37595,
          0.024718,
          0.92631,
          -0.0,
          0.0,
          0.0,
          0.0,
          1.0
        ]
      ]
    },
    {
      "name": "Shoulder_R",
      "time": [
        0.0,
        2.6667
      ],
      "transform": [
        [
          0.719326,
          0.665028,
          0.200768,
          0.0,
          -0.004914,
          -0.284132,
          0.958772,
          0.4,
          0.694655,
          -0.690656,
          -0.201116,
          -0.0,
          0.0,
          0.0,
          0.0,
          1.0
        ],
        [
          0.719326,
          0.665028,
          0.200768,
          0.0,
          -0.004914,
          -0.284132,
          0.958772,
          0.4,
          0.694655,
          -0.690656,
          -0.201116,
          -0.0,
          0.0,
          0.0,
          0.0,
          1.0
        ]
      ]
    },
    {
      "name": "Arm_R",
      "time": [
        0.0,
        1.0167,
        1.85,
        2.6667
      ],
      "transform": [
        [
          -0.197432,
          -0.641239,
          -0.741507,
          -0.000662,
          0.979825,
          -0.153029,
          -0.12855,
          0.401786,
          -0.031042,
          -0.751927,
          0.658515,
          -0.026213,
          0.0,
          0.0,
          0.0,
          1.0
        ],
        [
          -0.197432,
          -0.641239,
          -0.741507,
          0.007973,
          0.979825,
          -0.15303,
          -0.12855,
          0.393602,
          -0.031042,
          -0.751927,
          0.658515,
          -0.011781,
          0.0,
          0.0,
          0.0,
          1.0
        ],
        [
          -0.208303,
          -0.63779,
          -0.741507,
          0.011029,
          0.977082,
          -0.169663,
          -0.12855,
          0.400237,
          -0.043819,
          -0.751291,
          0.658515,
          -0.009871,
          0.0,
          0.0,
          0.0,
          1.0
        ],
        [
          -0.197432,
          -0.641239,
          -0.741507,
          -0.000662,
          0.979825,
          -0.153029,
          -0.12855,
          0.401786,
          -0.031042,
          -0.751927,
          0.658515,
          -0.026213,
          0.0,
          0.0,
          0.0,
          1.0
        ]
      ]
    },
    {
      "name": "Hand_R",
      "time": [
        0.0,
        2.6667
      ],
      "transform": [
        [
          1.0,
          0.0,
          0.0,
          -0.0,
          -0.0,
          0.993559,
          -0.113314,
          0.3,
          -0.0,
          0.113314,
          0.993559,
          -0.0,
          0.0,
          0.0,
          0.0,
          1.0
        ],
        [
          1.0,
          0.0,
          0.0,
          -0.0,
          -0.0,
          0.993559,
          -0.113314,
          0.3,
          -0.0,
          0.113314,
          0.993559,
          -0.0,
          0.0,
          0.0,
          0.0,
          1.0
        ]
      ]
    },
    {
      "name": "Tool_R",
      "time": [
        0.0,
        2.6667
      ],
      "transform": [
        [
          0.768977,
          -0.625695,
          -0.131074,
          0.0,
          -0.613731,
          -0.779946,
          0.122549,
          0.272858,
          -0.178809,
          -0.013793,
          -0.983186,
          0.0,
          0.0,
          0.0,
          0.0,
          1.0
        ],
        [
          0.768977,
          -0.625695,
          -0.131074,
          0.0,
          -0.613731,
          -0.779946,
          0.122549,
          0.272858,
          -0.178809,
          -0.013793,
          -0.983186,
          0.0,
          0.0,
          0.0,
          0.0,
          1.0
        ]
      ]
    },
    {
      "name": "Elbow_R",
      "time": [
        0.0,
        2.6667
      ],
      "transform": [
        [
          -1.0,
          0.0,
          -0.0,
          -0.0,
          0.0,
          -0.0,
          -1.0,
          0.320966,
          -0.0,
          -1.0,
          0.0,
          -0.0,
          0.0,
          0.0,
          0.0,
          1.0
        ],
        [
          -1.0,
          0.0,
          -0.0,
          -0.0,
          0.0,
          -0.0,
          -1.0,
          0.320966,
          -0.0,
          -1.0,
          0.0,
          -0.0,
          0.0,
          0.0,
          0.0,
          1.0
        ]
      ]
    },
    {
      "name": "Shoulder_L",
      "time": [
        0.0,
        2.6667
      ],
      "transform": [
        [
          0.128381,
          -0.960296,
          -0.247689,
          0.0,
          -0.134226,
          -0.264283,
          0.955059,
          0.4,
          -0.982599,
          -0.089365,
          -0.162825,
          -0.0,
          0.0,
          0.0,
          0.0,
          1.0
        ],
        [
          0.128381,
          -0.960296,
          -0.247689,
          0.0,
          -0.134226,
          -0.264283,
          0.955059,
          0.4,
          -0.982599,
          -0.089365,
          -0.162825,
          -0.0,
          0.0,
          0.0,
          0.0,
          1.0
        ]
      ]
    },
    {
      "name": "Arm_L",
      "time": [
        0.0,
        1.0167,
        1.85,
        2.6667
      ],
      "transform": [
        [
          -0.215162,
          0.679624,
          0.701296,
          0.009178,
          -0.958549,
          -0.284324,
          -0.018552,
          0.449064,
          0.186787,
          -0.676218,
          0.712628,
          -0.00683,
          0.0,
          0.0,
          0.0,
          1.0
        ],
        [
          -0.233804,
          0.673451,
          0.701284,
          0.007156,
          -0.950352,
          -0.310623,
          -0.018547,
          0.445071,
          0.205345,
          -0.670803,
          0.712641,
          0.007031,
          0.0,
          0.0,
          0.0,
          1.0
        ],
        [
          -0.241973,
          0.670559,
          0.701284,
          0.003974,
          -0.946506,
          -0.322153,
          -0.018547,
          0.450642,
          0.213484,
          -0.668257,
          0.712641,
          0.008133,
          0.0,
          0.0,
          0.0,
          1.0
        ],
        [
          -0.215162,
          0.679624,
          0.701296,
          0.009178,
          -0.958549,
          -0.284324,
          -0.018552,
          0.449064,
          0.186787,
          -0.676218,
          0.712628,
          -0.00683,
          0.0,
          0.0,
          0.0,
          1.0
        ]
      ]
    },
    {
      "name": "Hand_L",
      "time": [
        0.0,
        2.6667
      ],
      "transform": [
        [
          1.0,
          -0.0,
          -0.0,
          0.0,
          -0.0,
          0.943065,
          -0.332608,
          0.3,
          -0.0,
          0.332608,
          0.943065,
          0.0,
          0.0,
          0.0,
          0.0,
          1.0
        ],
        [
          1.0,
          -0.0,
          -0.0,
          0.0,
          -0.0,
          0.943065,
          -0.332608,
          0.3,
          -0.0,
          0.332608,
          0.943065,
          0.0,
          0.0,
          0.0,
          0.0,
          1.0
        ]
      ]
    },
    {
      "name": "Tool_L",
      "time": [
        0.0,
        2.6667
      ],
      "transform": [
        [
          1.0,
          0.0,
          0.0,
          -0.005789,
          0.0,
          -0.999836,
          0.018122,
          0.210369,
          0.0,
          -0.018122,
          -0.999248,
          0.061911,
          0.0,
          0.0,
          0.0,
          1.0
        ],
        [
          1.0,
          0.0,
          0.0,
          -0.005789,
          0.0,
          -0.999836,
          0.018122,
          0.210369,
          0.0,
          -0.018122,
          -0.999248,
          0.061911,
          0.0,
          0.0,
          0.0,
          1.0
        ]
      ]
    },
    {
      "name": "Elbow_L",
      "time": [
        0.0,
        2.6667
      ],
      "transform": [
        [
          -1.0,
          0.0,
          0.0,
          0.0,
          0.0,
          -0.0,
          -1.0,
          0.342099,
          -0.0,
          -1.0,
          0.0,
          0.0,
          0.0,
          0.0,
          0.0,
          1.0
        ],
        [
          -1.0,
          0.0,
          0.0,
          0.0,
          0.0,
          -0.0,
          -1.0,
          0.342099,
          -0.0,
          -1.0,
          0.0,
          0.0,
          0.0,
          0.0,
          0.0,
          1.0
        ]
      ]
    }
  ]
}