{
  "animation": [
    {
      "name": "Root",
      "time": [
        0.0,
        0.0167,
        0.0333,
        0.05,
        0.0667,
        0.0833,
        0.1,
        0.1167,
        0.1333,
        0.15,
        0.1667,
        0.1833,
        0.2,
        0.2167,
        0.2333,
        0.25,
        0.2667,
        0.2833,
        0.3,
        0.3167,
        0.3333,
        0.35,
        0.3667,
        0.3833,
        0.4,
        0.4167,
        0.4333,
        0.45,
        0.4667,
        0.4833,
        0.5,
        0.5167,
        0.5333,
        0.55,
        0.5667,
        0.5833,
        0.6,
        0.6167,
        0.6333,
        0.65,
        0.6667,
        0.6833,
        0.7,
        0.7167,
        0.7333,
        0.75,
        0.7667,
        0.7833,
        0.8,
        0.8167,
        0.8333,
        0.85,
        0.8667,
        0.8833,
        0.9,
        0.9167,
        0.9333,
        0.95,
        0.9667,
        0.9833,
        1.0,
        1.0167,
        1.0333,
        1.05,
        1.0667,
        1.0833,
        1.1,
        1.1167,
        1.1333,
        1.15,
        1.1667,
        1.1833,
        1.2,
        1.2167,
        1.2333,
        1.25,
        1.2667,
        1.2833,
        1.3,
        1.3167,
        1.3333,
        1.35,
        1.3667,
        1.3833,
        1.4,
        1.4167,
        1.4333,
        1.45,
        1.4667,
        1.4833,
        1.5,
        1.5167,
        1.5333,
        1.55,
        1.5667,
        1.5833,
        1.6,
        1.6167,
        1.6333,
        1.65,
        1.6667,
        1.6833,
        1.7,
        1.7167,
        1.7333,
        1.75,
        1.7667,
        1.7833,
        1.8,
        1.8167,
        1.8333,
        1.85,
        1.8667,
        1.8833,
        1.9,
        1.9167,
        1.9333,
        1.95,
        1.9667,
        1.9833,
        2.0,
        2.0167,
        2.0333,
        2.05,
        2.0667,
        2.0833,
        2.1,
        2.1167,
        2.1333,
        2.15,
        2.1667,
        2.1833,
        2.2,
        2.2167,
        2.2333,
        2.25,
        2.2667,
        2.2833,
        2.3,
        2.3167,
        2.3333,
        2.35,
        2.3667,
        2.3833,
        2.4,
        2.4167,
        2.4333,
        2.45,
        2.4667,
        2.4833,
        2.5,
        2.5167,
        2.5333,
        2.55,
        2.5667,
        2.5833,
        2.6,
        2.6167,
        2.6333,
        2.65,
        2.6667,
        2.6833,
        2.7,
        2.7167,
        2.7333,
        2.75,
        2.7667,
        2.7833,
        2.8,
        2.8167,
        2.8333,
        2.85,
        2.8667,
        2.8833,
        2.9,
        2.9167,
        2.9333,
        2.95,
        2.9667,
        2.9833,
        3.0,
        3.0167,
        3.0333,
        3.05,
        3.0667,
        3.0833,
        3.1,
        3.1167,
        3.1333,
        3.15,
        3.1667,
        3.1833,
        3.2,
        3.2167,
        3.2333,
        3.25,
        3.2667,
        3.2833,
        3.3,
        3.3167,
        3.3333,
        3.35,
        3.3667,
        3.3833,
        3.4,
        3.4167,
        3.4333,
        3.45,
        3.4667,
        3.4833,
        3.5,
        3.5167,
        3.5333,
        3.55,
        3.5667,
        3.5833,
        3.6,
        3.6167,
        3.6333,
        3.65,
        3.6667,
        3.6833,
        3.7,
        3.7167,
        3.7333,
        3.75
      ],
      "transform": [
        [
          0.55616,
          -0.124101,
          -0.821757,
          -0.003839,
          -0.830686,
          -0.052742,
          -0.554237,
          0.019456,
          0.02544,
          0.990867,
          -0.132422,
          0.511424,
          0.0,
          0.0,
          0.0,
          1.0
        ],
        [
          0.55616,
          -0.124101,
          -0.821757,
          -0.003839,
          -0.830686,
          -0.052742,
          -0.554237,
          0.019456,
          0.02544,
          0.990867,
          -0.132422,
          0.511424,
          0.0,
          0.0,
          0.0,
          1.0
        ],
        [
          0.557583,
          -0.123871,
          -0.820827,
          -0.003835,
          -0.829733,
          -0.052906,
          -0.555648,
          0.017665,
          0.025402,
          0.990887,
          -0.13228,
          0.511511,
          0.0,
          0.0,
          0.0,
          1.0
        ],
        [
          0.561733,
          -0.123197,
          -0.818095,
          -0.003825,
          -0.826932,
          -0.053383,
          -0.559762,
          0.01254,
          0.025288,
          0.990945,
          -0.131863,
          0.511767,
          0.0,
          0.0,
          0.0,
          1.0
        ],
        [
          0.56842,
          -0.122099,
          -0.813628,
          -0.003809,
          -0.822356,
          -0.054152,
          -0.566391,
          0.004462,
          0.025096,
          0.99104,
          -0.13119,
          0.512181,
          0.0,
          0.0,
          0.0,
          1.0
        ],
        [
          0.577443,
          -0.120597,
          -0.807475,
          -0.003787,
          -0.816054,
          -0.055185,
          -0.575335,
          -0.006203,
          0.024823,
          0.991166,
          -0.13028,
          0.512745,
          0.0,
          0.0,
          0.0,
          1.0
        ],
        [
          0.588583,
          -0.118709,
          -0.799674,
          -0.003759,
          -0.808066,
          -0.056455,
          -0.58638,
          -0.019066,
          0.024463,
          0.991323,
          -0.129153,
          0.513451,
          0.0,
          0.0,
          0.0,
          1.0
        ],
        [
          0.601619,
          -0.11645,
          -0.790249,
          -0.003726,
          -0.798422,
          -0.057929,
          -0.599305,
          -0.033766,
          0.024011,
          0.991506,
          -0.127828,
          0.514287,
          0.0,
          0.0,
          0.0,
          1.0
        ],
        [
          0.616318,
          -0.113838,
          -0.779226,
          -0.003687,
          -0.787148,
          -0.059577,
          -0.61388,
          -0.049912,
          0.023459,
          0.991711,
          -0.126325,
          0.515246,
          0.0,
          0.0,
          0.0,
          1.0
        ],
        [
          0.632445,
          -0.110888,
          -0.766627,
          -0.003644,
          -0.774269,
          -0.061364,
          -0.629874,
          -0.067144,
          0.022802,
          0.991937,
          -0.124666,
          0.516318,
          0.0,
          0.0,
          0.0,
          1.0
        ],
        [
          0.649761,
          -0.107617,
          -0.752482,
          -0.003597,
          -0.759819,
          -0.063258,
          -0.64705,
          -0.085068,
          0.022033,
          0.992178,
          -0.122872,
          0.517494,
          0.0,
          0.0,
          0.0,
          1.0
        ],
        [
          0.668029,
          -0.104046,
          -0.736826,
          -0.003545,
          -0.743835,
          -0.065227,
          -0.665173,
          -0.103317,
          0.021147,
          0.992431,
          -0.120967,
          0.518764,
          0.0,
          0.0,
          0.0,
          1.0
        ],
        [
          0.687011,
          -0.100192,
          -0.719707,
          -0.00349,
          -0.726368,
          -0.067238,
          -0.684009,
          -0.121527,
          0.02014,
          0.992694,
          -0.11897,
          0.52012,
          0.0,
          0.0,
          0.0,
          1.0
        ],
        [
          0.706474,
          -0.096079,
          -0.701187,
          -0.003431,
          -0.707484,
          -0.069262,
          -0.703327,
          -0.139301,
          0.01901,
          0.992961,
          -0.116906,
          0.521553,
          0.0,
          0.0,
          0.0,
          1.0
        ],
        [
          0.726195,
          -0.09173,
          -0.681342,
          -0.003369,
          -0.68726,
          -0.071268,
          -0.722907,
          -0.156283,
          0.017754,
          0.99323,
          -0.114797,
          0.523052,
          0.0,
          0.0,
          0.0,
          1.0
        ],
        [
          0.745958,
          -0.087168,
          -0.660264,
          -0.003304,
          -0.665792,
          -0.073232,
          -0.742535,
          -0.172079,
          0.016373,
          0.993498,
          -0.112664,
          0.52461,
          0.0,
          0.0,
          0.0,
          1.0
        ],
        [
          0.765558,
          -0.082424,
          -0.638065,
          -0.003237,
          -0.643195,
          -0.075128,
          -0.762008,
          -0.18633,
          0.014871,
          0.993762,
          -0.11053,
          0.526216,
          0.0,
          0.0,
          0.0,
          1.0
        ],
        [
          0.784805,
          -0.077524,
          -0.614875,
          -0.003168,
          -0.619601,
          -0.076937,
          -0.781137,
          -0.198644,
          0.01325,
          0.994017,
          -0.108414,
          0.527862,
          0.0,
          0.0,
          0.0,
          1.0
        ],
        [
          0.803528,
          -0.072501,
          -0.590836,
          -0.003098,
          -0.595156,
          -0.078641,
          -0.799753,
          -0.20866,
          0.011519,
          0.994263,
          -0.10634,
          0.529539,
          0.0,
          0.0,
          0.0,
          1.0
        ],
        [
          0.821569,
          -0.067387,
          -0.566113,
          -0.003028,
          -0.570027,
          -0.080228,
          -0.8177,
          -0.215991,
          0.009684,
          0.994496,
          -0.104325,
          0.531236,
          0.0,
          0.0,
          0.0,
          1.0
        ],
        [
          0.838794,
          -0.062216,
          -0.540883,
          -0.002956,
          -0.544394,
          -0.081687,
          -0.834843,
          -0.220564,
          0.007757,
          0.994714,
          -0.102388,
          0.532946,
          0.0,
          0.0,
          0.0,
          1.0
        ],
        [
          0.855086,
          -0.057022,
          -0.515341,
          -0.002883,
          -0.518454,
          -0.083012,
          -0.851067,
          -0.22274,
          0.00575,
          0.994916,
          -0.100545,
          0.534659,
          0.0,
          0.0,
          0.0,
          1.0
        ],
        [
          0.870354,
          -0.05184,
          -0.48969,
          -0.002809,
          -0.492413,
          -0.0842,
          -0.866279,
          -0.222813,
          0.003676,
          0.995099,
          -0.098811,
          0.536365,
          0.0,
          0.0,
          0.0,
          1.0
        ],
        [
          0.884527,
          -0.046708,
          -0.464145,
          -0.002736,
          -0.466487,
          -0.085258,
          -0.88041,
          -0.221073,
          0.00155,
          0.995263,
          -0.097201,
          0.538056,
          0.0,
          0.0,
          0.0,
          1.0
        ],
        [
          0.897554,
          -0.041659,
          -0.438932,
          -0.002663,
          -0.440904,
          -0.086186,
          -0.893407,
          -0.217811,
          -0.000611,
          0.995408,
          -0.095724,
          0.539722,
          0.0,
          0.0,
          0.0,
          1.0
        ],
        [
          0.909408,
          -0.036732,
          -0.41428,
          -0.002593,
          -0.415896,
          -0.086999,
          -0.905241,
          -0.213322,
          -0.00279,
          0.995531,
          -0.094394,
          0.541355,
          0.0,
          0.0,
          0.0,
          1.0
        ],
        [
          0.920079,
          -0.031963,
          -0.390427,
          -0.002526,
          -0.391701,
          -0.087706,
          -0.915903,
          -0.207894,
          -0.004968,
          0.995633,
          -0.093216,
          0.542945,
          0.0,
          0.0,
          0.0,
          1.0
        ],
        [
          0.929579,
          -0.027384,
          -0.367605,
          -0.002463,
          -0.368555,
          -0.088325,
          -0.925401,
          -0.20182,
          -0.007127,
          0.995715,
          -0.092198,
          0.544482,
          0.0,
          0.0,
          0.0,
          1.0
        ],
        [
          0.937932,
          -0.023033,
          -0.346053,
          -0.002404,
          -0.346696,
          -0.088874,
          -0.933758,
          -0.195395,
          -0.009248,
          0.995777,
          -0.091343,
          0.545959,
          0.0,
          0.0,
          0.0,
          1.0
        ],
        [
          0.945176,
          -0.018942,
          -0.326013,
          -0.002351,
          -0.326366,
          -0.089373,
          -0.941009,
          -0.188906,
          -0.011312,
          0.995818,
          -0.090655,
          0.547365,
          0.0,
          0.0,
          0.0,
          1.0
        ],
        [
          0.951358,
          -0.015146,
          -0.307713,
          -0.002304,
          -0.307799,
          -0.089846,
          -0.9472,
          -0.182649,
          -0.0133,
          0.99584,
          -0.090138,
          0.548692,
          0.0,
          0.0,
          0.0,
          1.0
        ],
        [
          0.956534,
          -0.011679,
          -0.291387,
          -0.002264,
          -0.291225,
          -0.090315,
          -0.952382,
          -0.176913,
          -0.015194,
          0.995845,
          -0.089791,
          0.54993,
          0.0,
          0.0,
          0.0,
          1.0
        ],
        [
          0.960756,
          -0.008573,
          -0.277263,
          -0.002232,
          -0.276875,
          -0.090803,
          -0.956606,
          -0.171992,
          -0.016976,
          0.995832,
          -0.089613,
          0.551071,
          0.0,
          0.0,
          0.0,
          1.0
        ],
        [
          0.964076,
          -0.005861,
          -0.265561,
          -0.002209,
          -0.264971,
          -0.091334,
          -0.959921,
          -0.168176,
          -0.018629,
          0.995803,
          -0.089606,
          0.552105,
          0.0,
          0.0,
          0.0,
          1.0
        ],
        [
          0.966754,
          -0.00337,
          -0.255687,
          -0.002264,
          -0.254906,
          -0.091914,
          -0.962588,
          -0.166438,
          -0.020257,
          0.995761,
          -0.089717,
          0.549791,
          0.0,
          0.0,
          0.0,
          1.0
        ],
        [
          0.969043,
          -0.000913,
          -0.246891,
          -0.002367,
          -0.245914,
          -0.092538,
          -0.964864,
          -0.1654,
          -0.021966,
          0.995709,
          -0.089897,
          0.544739,
          0.0,
          0.0,
          0.0,
          1.0
        ],
        [
          0.970992,
          0.001515,
          -0.239109,
          -0.002203,
          -0.237931,
          -0.093205,
          -0.9668,
          -0.163357,
          -0.023751,
          0.995646,
          -0.090141,
          0.539193,
          0.0,
          0.0,
          0.0,
          1.0
        ],
        [
          0.972633,
          0.003905,
          -0.232315,
          -0.002513,
          -0.230933,
          -0.093918,
          -0.968426,
          -0.161116,
          -0.0256,
          0.995572,
          -0.090446,
          0.534108,
          0.0,
          0.0,
          0.0,
          1.0
        ],
        [
          0.974004,
          0.006258,
          -0.226442,
          -0.004723,
          -0.224852,
          -0.094676,
          -0.969782,
          -0.158946,
          -0.027508,
          0.995488,
          -0.090808,
          0.532298,
          0.0,
          0.0,
          0.0,
          1.0
        ],
        [
          0.975133,
          0.00857,
          -0.221454,
          -0.006458,
          -0.219652,
          -0.095483,
          -0.970894,
          -0.156768,
          -0.029466,
          0.995394,
          -0.091226,
          0.530431,
          0.0,
          0.0,
          0.0,
          1.0
        ],
        [
          0.976043,
          0.010834,
          -0.217306,
          -0.004664,
          -0.215289,
          -0.096335,
          -0.971787,
          -0.154471,
          -0.031463,
          0.99529,
          -0.091695,
          0.526038,
          0.0,
          0.0,
          0.0,
          1.0
        ],
        [
          0.97676,
          0.013053,
          -0.213936,
          -0.002802,
          -0.2117,
          -0.097234,
          -0.972486,
          -0.152431,
          -0.033495,
          0.995176,
          -0.092211,
          0.520869,
          0.0,
          0.0,
          0.0,
          1.0
        ],
        [
          0.977302,
          0.015219,
          -0.211302,
          -0.002794,
          -0.208844,
          -0.098179,
          -0.973008,
          -0.150789,
          -0.035554,
          0.995052,
          -0.092772,
          0.51586,
          0.0,
          0.0,
          0.0,
          1.0
        ],
        [
          0.977687,
          0.017329,
          -0.20935,
          -0.002881,
          -0.206668,
          -0.099168,
          -0.973372,
          -0.149174,
          -0.037628,
          0.99492,
          -0.093374,
          0.511949,
          0.0,
          0.0,
          0.0,
          1.0
        ],
        [
          0.977932,
          0.019383,
          -0.208024,
          -0.003047,
          -0.205116,
          -0.100203,
          -0.973595,
          -0.147582,
          -0.039716,
          0.994778,
          -0.094016,
          0.510353,
          0.0,
          0.0,
          0.0,
          1.0
        ],
        [
          0.978048,
          0.021375,
          -0.207278,
          -0.003276,
          -0.204141,
          -0.10128,
          -0.973688,
          -0.146009,
          -0.041805,
          0.994628,
          -0.094693,
          0.510153,
          0.0,
          0.0,
          0.0,
          1.0
        ],
        [
          0.978052,
          0.023304,
          -0.207055,
          -0.003553,
          -0.203687,
          -0.1024,
          -0.973666,
          -0.144449,
          -0.043893,
          0.99447,
          -0.095405,
          0.509073,
          0.0,
          0.0,
          0.0,
          1.0
        ],
        [
          0.977953,
          0.025166,
          -0.207304,
          -0.003862,
          -0.203704,
          -0.103558,
          -0.97354,
          -0.1429,
          -0.045968,
          0.994305,
          -0.096148,
          0.505822,
          0.0,
          0.0,
          0.0,
          1.0
        ],
        [
          0.977764,
          0.026955,
          -0.20797,
          -0.004187,
          -0.204137,
          -0.104752,
          -0.973322,
          -0.141354,
          -0.048022,
          0.994133,
          -0.09692,
          0.501692,
          0.0,
          0.0,
          0.0,
          1.0
        ],
        [
          0.977494,
          0.028674,
          -0.209004,
          -0.004511,
          -0.204939,
          -0.105983,
          -0.97302,
          -0.139809,
          -0.050051,
          0.993954,
          -0.097722,
          0.498282,
          0.0,
          0.0,
          0.0,
          1.0
        ],
        [
          0.977156,
          0.030316,
          -0.21035,
          -0.004819,
          -0.206052,
          -0.107246,
          -0.972646,
          -0.138261,
          -0.052046,
          0.99377,
          -0.09855,
          0.496546,
          0.0,
          0.0,
          0.0,
          1.0
        ],
        [
          0.97676,
          0.031877,
          -0.211952,
          -0.005096,
          -0.207423,
          -0.108537,
          -0.972212,
          -0.136703,
          -0.053995,
          0.993581,
          -0.099402,
          0.49553,
          0.0,
          0.0,
          0.0,
          1.0
        ],
        [
          0.976316,
          0.033358,
          -0.213762,
          -0.005324,
          -0.209004,
          -0.109855,
          -0.971725,
          -0.135132,
          -0.055897,
          0.993388,
          -0.100281,
          0.49398,
          0.0,
          0.0,
          0.0,
          1.0
        ],
        [
          0.975836,
          0.034754,
          -0.215723,
          -0.005488,
          -0.210738,
          -0.111195,
          -0.971198,
          -0.133543,
          -0.05774,
          0.993191,
          -0.101184,
          0.490937,
          0.0,
          0.0,
          0.0,
          1.0
        ],
        [
          0.97533,
          0.036064,
          -0.217785,
          -0.005573,
          -0.212576,
          -0.112555,
          -0.97064,
          -0.131932,
          -0.059518,
          0.992991,
          -0.102112,
          0.48736,
          0.0,
          0.0,
          0.0,
          1.0
        ],
        [
          0.974811,
          0.037286,
          -0.219893,
          -0.005562,
          -0.214464,
          -0.11393,
          -0.970064,
          -0.130293,
          -0.061222,
          0.992789,
          -0.103063,
          0.484872,
          0.0,
          0.0,
          0.0,
          1.0
        ],
        [
          0.974291,
          0.038416,
          -0.221992,
          -0.004467,
          -0.216349,
          -0.115316,
          -0.969482,
          -0.128489,
          -0.062843,
          0.992586,
          -0.10404,
          0.484756,
          0.0,
          0.0,
          0.0,
          1.0
        ],
        [
          0.973782,
          0.039454,
          -0.224034,
          -0.002536,
          -0.218183,
          -0.116711,
          -0.968904,
          -0.126452,
          -0.064375,
          0.992382,
          -0.105043,
          0.485729,
          0.0,
          0.0,
          0.0,
          1.0
        ],
        [
          0.973298,
          0.040397,
          -0.225964,
          -0.001614,
          -0.219912,
          -0.11811,
          -0.968343,
          -0.124286,
          -0.065807,
          0.992178,
          -0.106072,
          0.485565,
          0.0,
          0.0,
          0.0,
          1.0
        ],
        [
          0.972851,
          0.041244,
          -0.227727,
          -0.002527,
          -0.221481,
          -0.119508,
          -0.967814,
          -0.12206,
          -0.067132,
          0.991976,
          -0.107129,
          0.483317,
          0.0,
          0.0,
          0.0,
          1.0
        ],
        [
          0.972456,
          0.041995,
          -0.229272,
          -0.004297,
          -0.222842,
          -0.120903,
          -0.967328,
          -0.119765,
          -0.068342,
          0.991776,
          -0.108215,
          0.480128,
          0.0,
          0.0,
          0.0,
          1.0
        ],
        [
          0.972127,
          0.042645,
          -0.230545,
          -0.006055,
          -0.223941,
          -0.122287,
          -0.9669,
          -0.11739,
          -0.069426,
          0.991578,
          -0.109328,
          0.476901,
          0.0,
          0.0,
          0.0,
          1.0
        ],
        [
          0.971876,
          0.043197,
          -0.231497,
          -0.006932,
          -0.22473,
          -0.123661,
          -0.966542,
          -0.114924,
          -0.070379,
          0.991384,
          -0.110476,
          0.474542,
          0.0,
          0.0,
          0.0,
          1.0
        ],
        [
          0.971719,
          0.043648,
          -0.232072,
          -0.006495,
          -0.225154,
          -0.125019,
          -0.966269,
          -0.112558,
          -0.071189,
          0.991194,
          -0.111655,
          0.473855,
          0.0,
          0.0,
          0.0,
          1.0
        ],
        [
          0.971668,
          0.043997,
          -0.232218,
          -0.005273,
          -0.225164,
          -0.126353,
          -0.966093,
          -0.110235,
          -0.071847,
          0.991009,
          -0.112867,
          0.47417,
          0.0,
          0.0,
          0.0,
          1.0
        ],
        [
          0.971737,
          0.044244,
          -0.231882,
          -0.003846,
          -0.224707,
          -0.127666,
          -0.966027,
          -0.107565,
          -0.072344,
          0.99083,
          -0.114115,
          0.474179,
          0.0,
          0.0,
          0.0,
          1.0
        ],
        [
          0.971938,
          0.044388,
          -0.231012,
          -0.002791,
          -0.223731,
          -0.128949,
          -0.966083,
          -0.104161,
          -0.072671,
          0.990657,
          -0.1154,
          0.472574,
          0.0,
          0.0,
          0.0,
          1.0
        ],
        [
          0.972281,
          0.044428,
          -0.229554,
          -0.002221,
          -0.222186,
          -0.1302,
          -0.966272,
          -0.10048,
          -0.072817,
          0.990492,
          -0.11672,
          0.469052,
          0.0,
          0.0,
          0.0,
          1.0
        ],
        [
          0.972778,
          0.044364,
          -0.227453,
          -0.001842,
          -0.220016,
          -0.131417,
          -0.966603,
          -0.096542,
          -0.072774,
          0.990334,
          -0.118079,
          0.464295,
          0.0,
          0.0,
          0.0,
          1.0
        ],
        [
          0.973435,
          0.044196,
          -0.22466,
          -0.00162,
          -0.217174,
          -0.132594,
          -0.967085,
          -0.091304,
          -0.072529,
          0.990185,
          -0.119474,
          0.458473,
          0.0,
          0.0,
          0.0,
          1.0
        ],
        [
          0.974259,
          0.043922,
          -0.221112,
          -0.001523,
          -0.213601,
          -0.133732,
          -0.967724,
          -0.083723,
          -0.072074,
          0.990044,
          -0.120907,
          0.451756,
          0.0,
          0.0,
          0.0,
          1.0
        ],
        [
          0.975276,
          0.043075,
          -0.216751,
          -0.001489,
          -0.209113,
          -0.137317,
          -0.968202,
          -0.07499,
          -0.071469,
          0.98959,
          -0.124915,
          0.442803,
          0.0,
          0.0,
          0.0,
          1.0
        ],
        [
          0.976492,
          0.041288,
          -0.211563,
          -0.001476,
          -0.20362,
          -0.145358,
          -0.968199,
          -0.066908,
          -0.070727,
          0.988517,
          -0.133534,
          0.430526,
          0.0,
          0.0,
          0.0,
          1.0
        ],
        [
          0.977873,
          0.038716,
          -0.205587,
          -0.001482,
          -0.197226,
          -0.157097,
          -0.967689,
          -0.059347,
          -0.069762,
          0.986824,
          -0.145985,
          0.41545,
          0.0,
          0.0,
          0.0,
          1.0
        ],
        [
          0.979387,
          0.035511,
          -0.198845,
          -0.001505,
          -0.190026,
          -0.171797,
          -0.966631,
          -0.052204,
          -0.068487,
          0.984492,
          -0.161508,
          0.39816,
          0.0,
          0.0,
          0.0,
          1.0
        ],
        [
          0.981,
          0.031828,
          -0.191377,
          -0.001542,
          -0.182134,
          -0.188686,
          -0.965,
          -0.045351,
          -0.066824,
          0.981522,
          -0.179304,
          0.379186,
          0.0,
          0.0,
          0.0,
          1.0
        ],
        [
          0.98268,
          0.027807,
          -0.183213,
          -0.001589,
          -0.173649,
          -0.207022,
          -0.962802,
          -0.038665,
          -0.064702,
          0.977941,
          -0.198608,
          0.359075,
          0.0,
          0.0,
          0.0,
          1.0
        ],
        [
          0.984393,
          0.023578,
          -0.174396,
          -0.001645,
          -0.164676,
          -0.22607,
          -0.960091,
          -0.032027,
          -0.062063,
          0.973826,
          -0.218659,
          0.338376,
          0.0,
          0.0,
          0.0,
          1.0
        ],
        [
          0.986106,
          0.019266,
          -0.164996,
          -0.001707,
          -0.155335,
          -0.245065,
          -0.956982,
          -0.025308,
          -0.058872,
          0.969315,
          -0.238667,
          0.31761,
          0.0,
          0.0,
          0.0,
          1.0
        ],
        [
          0.987789,
          0.014969,
          -0.155077,
          -0.001772,
          -0.145727,
          -0.263292,
          -0.953646,
          -0.018403,
          -0.055106,
          0.9646,
          -0.257895,
          0.29738,
          0.0,
          0.0,
          0.0,
          1.0
        ],
        [
          0.989415,
          0.010769,
          -0.144714,
          -0.00184,
          -0.135946,
          -0.280046,
          -0.950312,
          -0.011186,
          -0.05076,
          0.959926,
          -0.275617,
          0.278211,
          0.0,
          0.0,
          0.0,
          1.0
        ],
        [
          0.990957,
          0.006734,
          -0.134009,
          -0.001908,
          -0.126098,
          -0.294603,
          -0.947263,
          -0.003535,
          -0.045859,
          0.955596,
          -0.29109,
          0.260653,
          0.0,
          0.0,
          0.0,
          1.0
        ],
        [
          0.992396,
          0.002903,
          -0.123051,
          -0.001976,
          -0.116255,
          -0.306293,
          -0.944812,
          0.004668,
          -0.040433,
          0.951933,
          -0.303627,
          0.245257,
          0.0,
          0.0,
          0.0,
          1.0
        ],
        [
          0.993712,
          -0.000698,
          -0.111961,
          -0.002042,
          -0.106501,
          -0.314417,
          -0.943292,
          0.013545,
          -0.034544,
          0.949285,
          -0.312514,
          0.232575,
          0.0,
          0.0,
          0.0,
          1.0
        ],
        [
          0.994894,
          -0.004069,
          -0.100845,
          -0.002105,
          -0.096889,
          -0.318297,
          -0.943027,
          0.023226,
          -0.028262,
          0.947982,
          -0.317066,
          0.223149,
          0.0,
          0.0,
          0.0,
          1.0
        ],
        [
          0.995932,
          -0.007226,
          -0.089814,
          -0.002166,
          -0.08746,
          -0.317233,
          -0.944306,
          0.033808,
          -0.021668,
          0.94832,
          -0.316575,
          0.217555,
          0.0,
          0.0,
          0.0,
          1.0
        ],
        [
          0.996822,
          -0.010196,
          -0.079005,
          -0.002223,
          -0.07826,
          -0.310507,
          -0.947344,
          0.045422,
          -0.014872,
          0.950516,
          -0.310318,
          0.216327,
          0.0,
          0.0,
          0.0,
          1.0
        ],
        [
          0.997563,
          -0.013021,
          -0.068539,
          -0.002276,
          -0.069307,
          -0.297358,
          -0.952247,
          0.05819,
          -0.007982,
          0.954677,
          -0.297536,
          0.220015,
          0.0,
          0.0,
          0.0,
          1.0
        ],
        [
          0.998161,
          -0.015745,
          -0.058543,
          -0.002327,
          -0.060613,
          -0.276968,
          -0.958965,
          0.072232,
          -0.001115,
          0.96075,
          -0.277413,
          0.229163,
          0.0,
          0.0,
          0.0,
          1.0
        ],
        [
          0.998621,
          -0.01841,
          -0.049172,
          -0.002373,
          -0.052207,
          -0.248508,
          -0.967222,
          0.08769,
          0.005587,
          0.968455,
          -0.249127,
          0.24434,
          0.0,
          0.0,
          0.0,
          1.0
        ],
        [
          0.998955,
          -0.021051,
          -0.040565,
          -0.002416,
          -0.0441,
          -0.211042,
          -0.976482,
          0.104649,
          0.011994,
          0.97725,
          -0.211749,
          0.266045,
          0.0,
          0.0,
          0.0,
          1.0
        ],
        [
          0.999178,
          -0.023676,
          -0.032896,
          -0.002455,
          -0.036336,
          -0.163698,
          -0.985841,
          0.12325,
          0.017956,
          0.986226,
          -0.164424,
          0.294829,
          0.0,
          0.0,
          0.0,
          1.0
        ],
        [
          0.999289,
          -0.026708,
          -0.0266,
          -0.002496,
          -0.028901,
          -0.089834,
          -0.995537,
          0.14352,
          0.024199,
          0.995599,
          -0.090543,
          0.33816,
          0.0,
          0.0,
          0.0,
          1.0
        ],
        [
          0.99929,
          -0.03049,
          -0.022143,
          -0.002549,
          -0.02146,
          0.022562,
          -0.999515,
          0.165214,
          0.030975,
          0.99928,
          0.021892,
          0.401093,
          0.0,
          0.0,
          0.0,
          1.0
        ],
        [
          0.999204,
          -0.034735,
          -0.019618,
          -0.002607,
          -0.013593,
          0.165902,
          -0.986049,
          0.188269,
          0.037505,
          0.98553,
          0.165298,
          0.480304,
          0.0,
          0.0,
          0.0,
          1.0
        ],
        [
          0.999059,
          -0.039015,
          -0.018943,
          -0.002666,
          -0.005022,
          0.329761,
          -0.944051,
          0.212381,
          0.043079,
          0.943258,
          0.329255,
          0.572646,
          0.0,
          0.0,
          0.0,
          1.0
        ],
        [
          0.998884,
          -0.042869,
          -0.019833,
          -0.002719,
          0.004293,
          0.500555,
          -0.865694,
          0.237411,
          0.047039,
          0.864642,
          0.500181,
          0.674968,
          0.0,
          0.0,
          0.0,
          1.0
        ],
        [
          0.998706,
          -0.045936,
          -0.021805,
          -0.002761,
          0.014153,
          0.662989,
          -0.748495,
          0.263039,
          0.04884,
          0.747218,
          0.662782,
          0.784297,
          0.0,
          0.0,
          0.0,
          1.0
        ],
        [
          0.99855,
          -0.048066,
          -0.024238,
          -0.002791,
          0.024147,
          0.802365,
          -0.596344,
          0.288946,
          0.048112,
          0.594894,
          0.802363,
          0.897438,
          0.0,
          0.0,
          0.0,
          1.0
        ],
        [
          0.998429,
          -0.049382,
          -0.026476,
          -0.002809,
          0.033761,
          0.907309,
          -0.419107,
          0.315033,
          0.044718,
          0.417554,
          0.907551,
          1.011582,
          0.0,
          0.0,
          0.0,
          1.0
        ],
        [
          0.998344,
          -0.050284,
          -0.027945,
          -0.002821,
          0.042511,
          0.972134,
          -0.230538,
          0.341047,
          0.038758,
          0.228968,
          0.972662,
          1.123876,
          0.0,
          0.0,
          0.0,
          1.0
        ],
        [
          0.99828,
          -0.051384,
          -0.02824,
          -0.002837,
          0.050055,
          0.997692,
          -0.045891,
          0.367063,
          0.030533,
          0.044399,
          0.998547,
          1.231584,
          0.0,
          0.0,
          0.0,
          1.0
        ],
        [
          0.998209,
          -0.052968,
          -0.027797,
          -0.002858,
          0.056177,
          0.989741,
          0.131368,
          0.393042,
          0.020554,
          -0.132694,
          0.990944,
          1.331507,
          0.0,
          0.0,
          0.0,
          1.0
        ],
        [
          0.998123,
          -0.054827,
          -0.027278,
          -0.002884,
          0.060532,
          0.950794,
          0.303853,
          0.418896,
          0.009277,
          -0.304934,
          0.952329,
          1.420669,
          0.0,
          0.0,
          0.0,
          1.0
        ],
        [
          0.99802,
          -0.056911,
          -0.026774,
          -0.002913,
          0.062825,
          0.882181,
          0.466701,
          0.444716,
          -0.002941,
          -0.467459,
          0.88401,
          1.496092,
          0.0,
          0.0,
          0.0,
          1.0
        ],
        [
          0.997901,
          -0.059143,
          -0.026361,
          -0.002943,
          0.062831,
          0.786014,
          0.615007,
          0.470342,
          -0.015654,
          -0.615373,
          0.788081,
          1.55485,
          0.0,
          0.0,
          0.0,
          1.0
        ],
        [
          0.997769,
          -0.061439,
          -0.026098,
          -0.002975,
          0.060416,
          0.664913,
          0.744473,
          0.495885,
          -0.028387,
          -0.74439,
          0.667142,
          1.593842,
          0.0,
          0.0,
          0.0,
          1.0
        ],
        [
          0.99763,
          -0.063697,
          -0.026023,
          -0.003006,
          0.055547,
          0.522325,
          0.850935,
          0.52127,
          -0.040609,
          -0.850364,
          0.524626,
          1.618787,
          0.0,
          0.0,
          0.0,
          1.0
        ],
        [
          0.997489,
          -0.065816,
          -0.026158,
          -0.003035,
          0.048301,
          0.36207,
          0.930899,
          0.546423,
          -0.051797,
          -0.929825,
          0.36434,
          1.637605,
          0.0,
          0.0,
          0.0,
          1.0
        ],
        [
          0.997355,
          -0.067686,
          -0.02649,
          -0.003061,
          0.038877,
          0.188825,
          0.981241,
          0.571486,
          -0.061414,
          -0.979676,
          0.190957,
          1.650726,
          0.0,
          0.0,
          0.0,
          1.0
        ],
        [
          0.997237,
          -0.069207,
          -0.026995,
          -0.003082,
          0.027581,
          0.007521,
          0.999591,
          0.596336,
          -0.068976,
          -0.997574,
          0.009409,
          1.65852,
          0.0,
          0.0,
          0.0,
          1.0
        ],
        [
          0.997145,
          -0.070287,
          -0.027614,
          -0.003097,
          0.014846,
          -0.176083,
          0.984264,
          0.621128,
          -0.074044,
          -0.981863,
          -0.174536,
          1.661405,
          0.0,
          0.0,
