{
    "animation": [
        {
            "name": "Root",
            "time": [0.0, 0.0333, 0.0667, 0.1, 0.1333, 0.1667, 0.2, 0.2333, 0.2667, 0.3, 0.3333, 0.3667, 0.4, 0.4333, 0.4667, 0.5, 0.5333, 0.5667, 0.6, 0.6333, 0.6667, 0.7, 0.7333, 0.7667, 0.8, 0.8333, 0.8667, 0.9, 0.9333, 0.9667, 1.0, 1.0333, 1.0667, 1.1, 1.1333, 1.1667, 1.2, 1.2333, 1.2667, 1.3, 1.3333, 1.3667, 1.4, 1.4333, 1.4667, 1.5, 1.5333, 1.5667, 1.6, 1.6333, 1.6667, 1.7, 1.7333, 1.7667, 1.8, 1.8333, 1.8667, 1.9, 1.9333, 1.9667, 2.0, 2.0333, 2.0667, 2.3],
            "transform": [
                [0.999991, -0.003089, 0.002781, 0.307814, 0.002789, 0.002394, -0.999993, -0.015511, 0.003082, 0.999992, 0.002403, 0.44001, 0.0, 0.0, 0.0, 1.0],
                [0.999991, -0.003089, 0.002781, 0.307814, 0.002789, 0.002394, -0.999993, -0.015511, 0.003082, 0.999992, 0.002403, 0.44001, 0.0, 0.0, 0.0, 1.0],
                [0.999992, -0.002997, 0.002772, 0.300677, 0.002779, 0.002513, -0.999993, -0.036648, 0.00299, 0.999992, 0.002521, 0.435511, 0.0, 0.0, 0.0, 1.0],
                [0.999992, -0.002896, 0.002763, 0.293402, 0.00277, 0.002624, -0.999992, -0.057787, 0.002889, 0.999992, 0.002632, 0.431012, 0.0, 0.0, 0.0, 1.0],
                [0.999992, -0.002803, 0.00276, 0.285914, 0.002767, 0.002723, -0.999992, -0.074159, 0.002795, 0.999992, 0.002731, 0.426512, 0.0, 0.0, 0.0, 1.0],
                [0.999992, -0.002726, 0.00276, 0.277203, 0.002768, 0.002801, -0.999992, -0.080995, 0.002718, 0.999992, 0.002808, 0.423933, 0.0, 0.0, 0.0, 1.0],
                [0.999992, -0.002674, 0.002761, 0.266224, 0.002769, 0.00285, -0.999992, -0.073522, 0.002666, 0.999992, 0.002857, 0.423663, 0.0, 0.0, 0.0, 1.0],
                [0.999992, -0.002667, 0.002761, 0.252472, 0.002769, 0.002856, -0.999992, -0.054234, 0.002659, 0.999992, 0.002863, 0.425294, 0.0, 0.0, 0.0, 1.0],
                [0.999992, -0.0027, 0.00276, 0.236, 0.002768, 0.002825, -0.999992, -0.028514, 0.002692, 0.999992, 0.002832, 0.426925, 0.0, 0.0, 0.0, 1.0],
                [0.999992, -0.002753, 0.00276, 0.218357, 0.002768, 0.002775, -0.999992, 0.00407, 0.002745, 0.999992, 0.002782, 0.428556, 0.0, 0.0, 0.0, 1.0],
                [0.999992, -0.002803, 0.00276, 0.200625, 0.002768, 0.002723, -0.999992, 0.04395, 0.002795, 0.999992, 0.002731, 0.432445, 0.0, 0.0, 0.0, 1.0],
                [0.999992, -0.002833, 0.00276, 0.182811, 0.002768, 0.002692, -0.999992, 0.091558, 0.002825, 0.999992, 0.0027, 0.438467, 0.0, 0.0, 0.0, 1.0],
                [0.999992, -0.002825, 0.00276, 0.169314, 0.002768, 0.002701, -0.999992, 0.147325, 0.002817, 0.999992, 0.002709, 0.447218, 0.0, 0.0, 0.0, 1.0],
                [0.999992, -0.002758, 0.00276, 0.158622, 0.002767, 0.002768, -0.999992, 0.211685, 0.002751, 0.999992, 0.002776, 0.459298, 0.0, 0.0, 0.0, 1.0],
                [0.999993, -0.00257, 0.002766, 0.158289, 0.002774, 0.002944, -0.999991, 0.297537, 0.002562, 0.999992, 0.002951, 0.477695, 0.0, 0.0, 0.0, 1.0],
                [0.999993, -0.002242, 0.002803, 0.167849, 0.00281, 0.003201, -0.99999, 0.408291, 0.002233, 0.999992, 0.003207, 0.503029, 0.0, 0.0, 0.0, 1.0],
                [0.999994, -0.001839, 0.002887, 0.178499, 0.002893, 0.003449, -0.999989, 0.530148, 0.001829, 0.999992, 0.003454, 0.532362, 0.0, 0.0, 0.0, 1.0],
                [0.999994, -0.001449, 0.003007, 0.184535, 0.003012, 0.00363, -0.999988, 0.649314, 0.001438, 0.999992, 0.003634, 0.561695, 0.0, 0.0, 0.0, 1.0],
                [0.999994, -0.001176, 0.003116, 0.178178, 0.00312, 0.003727, -0.999988, 0.752013, 0.001165, 0.999992, 0.003731, 0.591027, 0.0, 0.0, 0.0, 1.0],
                [0.999994, -0.001285, 0.003069, 0.143174, 0.003074, 0.00369, -0.999988, 0.818167, 0.001274, 0.999992, 0.003694, 0.629793, 0.0, 0.0, 0.0, 1.0],
                [0.999994, -0.001589, 0.002959, 0.087123, 0.002965, 0.00357, -0.999989, 0.864116, 0.001578, 0.999992, 0.003575, 0.668558, 0.0, 0.0, 0.0, 1.0],
                [0.999994, -0.00153, 0.002978, 0.038532, 0.002984, 0.003596, -0.999989, 0.930759, 0.00152, 0.999992, 0.0036, 0.670638, 0.0, 0.0, 0.0, 1.0],
                [0.999994, -0.000766, 0.003323, 0.009476, 0.003326, 0.003833, -0.999987, 1.04377, 0.000753, 0.999992, 0.003835, 0.610693, 0.0, 0.0, 0.0, 1.0],
                [1.0, 0.000396, 1e-06, -0.012398, -0.0, 0.003888, -0.999992, 1.177315, -0.000396, 0.999992, 0.003888, 0.514022, 0.0, 0.0, 0.0, 1.0],
                [0.999999, 0.001441, 3e-06, -0.035024, -3e-06, 0.003632, -0.999993, 1.295225, -0.001441, 0.999992, 0.003632, 0.419732, 0.0, 0.0, 0.0, 1.0],
                [0.999998, 0.001952, 3e-06, -0.059984, -3e-06, 0.003385, -0.999994, 1.323499, -0.001952, 0.999992, 0.003385, 0.350344, 0.0, 0.0, 0.0, 1.0],
                [0.999998, 0.001937, 4e-06, -0.061348, -3e-06, 0.003394, -0.999994, 1.336858, -0.001937, 0.999992, 0.003394, 0.343771, 0.0, 0.0, 0.0, 1.0],
                [0.999998, 0.001887, 3e-06, -0.062721, -3e-06, 0.003423, -0.999994, 1.350301, -0.001887, 0.999992, 0.003423, 0.339383, 0.0, 0.0, 0.0, 1.0],
                [0.999998, 0.00181, 3e-06, -0.064099, -3e-06, 0.003464, -0.999993, 1.363495, -0.00181, 0.999992, 0.003464, 0.337958, 0.0, 0.0, 0.0, 1.0],
                [0.999998, 0.001718, 3e-06, -0.063246, -3e-06, 0.003512, -0.999993, 1.376105, -0.001718, 0.999992, 0.003512, 0.336533, 0.0, 0.0, 0.0, 1.0],
                [0.999999, 0.001623, 3e-06, -0.062391, -3e-06, 0.003556, -0.999993, 1.387802, -0.001623, 0.999992, 0.003556, 0.338559, 0.0, 0.0, 0.0, 1.0],
                [0.999999, 0.001539, 3e-06, -0.061534, -3e-06, 0.003592, -0.999993, 1.398253, -0.001539, 0.999992, 0.003592, 0.340584, 0.0, 0.0, 0.0, 1.0],
                [0.999999, 0.001484, 3e-06, -0.060667, -3e-06, 0.003615, -0.999993, 1.407125, -0.001484, 0.999992, 0.003615, 0.345464, 0.0, 0.0, 0.0, 1.0],
                [0.999999, 0.00147, 3e-06, -0.059787, -2e-06, 0.003621, -0.999993, 1.414087, -0.00147, 0.999992, 0.003621, 0.350344, 0.0, 0.0, 0.0, 1.0],
                [0.999999, 0.001498, 2e-06, -0.058893, -3e-06, 0.003609, -0.999993, 1.418782, -0.001498, 0.999992, 0.003609, 0.35745, 0.0, 0.0, 0.0, 1.0],
                [0.999999, 0.001558, 3e-06, -0.056717, -3e-06, 0.003584, -0.999993, 1.421411, -0.001558, 0.999992, 0.003584, 0.364555, 0.0, 0.0, 0.0, 1.0],
                [0.999999, 0.001637, 3e-06, -0.054372, -3e-06, 0.003549, -0.999993, 1.422489, -0.001637, 0.999992, 0.003549, 0.373642, 0.0, 0.0, 0.0, 1.0],
                [0.999998, 0.001727, 3e-06, -0.05197, -3e-06, 0.003508, -0.999993, 1.422527, -0.001727, 0.999992, 0.003508, 0.382729, 0.0, 0.0, 0.0, 1.0],
                [0.999998, 0.001814, 4e-06, -0.04962, -3e-06, 0.003461, -0.999993, 1.422039, -0.001814, 0.999992, 0.003461, 0.393753, 0.0, 0.0, 0.0, 1.0],
                [0.999998, 0.001895, 4e-06, -0.047432, -3e-06, 0.003417, -0.999994, 1.421534, -0.001895, 0.999992, 0.003417, 0.404777, 0.0, 0.0, 0.0, 1.0],
                [0.999998, 0.001964, 3e-06, -0.045516, -3e-06, 0.003379, -0.999994, 1.421531, -0.001964, 0.999992, 0.003379, 0.417699, 0.0, 0.0, 0.0, 1.0],
                [0.999998, 0.002014, 3e-06, -0.043982, -3e-06, 0.003349, -0.999994, 1.422536, -0.002014, 0.999992, 0.003349, 0.43062, 0.0, 0.0, 0.0, 1.0],
                [0.999998, 0.002043, 3e-06, -0.042938, -3e-06, 0.003332, -0.999994, 1.425067, -0.002043, 0.999992, 0.003332, 0.445393, 0.0, 0.0, 0.0, 1.0],
                [0.999998, 0.002044, 3e-06, -0.0425, -4e-06, 0.003331, -0.999994, 1.429687, -0.002044, 0.999992, 0.003331, 0.460291, 0.0, 0.0, 0.0, 1.0],
                [0.999998, 0.001995, 4e-06, -0.043053, -3e-06, 0.00336, -0.999994, 1.437856, -0.001995, 0.999992, 0.00336, 0.480274, 0.0, 0.0, 0.0, 1.0],
                [0.999998, 0.001887, 3e-06, -0.044661, -3e-06, 0.003423, -0.999994, 1.45022, -0.001887, 0.999992, 0.003423, 0.50669, 0.0, 0.0, 0.0, 1.0],
                [0.999998, 0.001733, 3e-06, -0.046296, -3e-06, 0.003503, -0.999993, 1.465556, -0.001733, 0.999992, 0.003503, 0.53493, 0.0, 0.0, 0.0, 1.0],
                [0.999999, 0.001549, 3e-06, -0.047723, -3e-06, 0.003589, -0.999993, 1.482697, -0.001549, 0.999992, 0.003589, 0.563172, 0.0, 0.0, 0.0, 1.0],
                [0.999999, 0.001358, 2e-06, -0.048748, -3e-06, 0.003665, -0.999993, 1.500466, -0.001358, 0.999992, 0.003665, 0.585614, 0.0, 0.0, 0.0, 1.0],
                [0.999999, 0.001137, 2e-06, -0.049366, -2e-06, 0.003739, -0.999993, 1.519242, -0.001137, 0.999992, 0.003739, 0.602347, 0.0, 0.0, 0.0, 1.0],
                [0.999999, 0.000868, 2e-06, -0.04961, -2e-06, 0.003811, -0.999992, 1.539802, -0.000868, 0.999992, 0.003811, 0.615919, 0.0, 0.0, 0.0, 1.0],
                [1.0, 0.000592, 1e-06, -0.049492, -1e-06, 0.003863, -0.999992, 1.561575, -0.000592, 0.999992, 0.003863, 0.627177, 0.0, 0.0, 0.0, 1.0],
                [1.0, 0.000351, 1e-06, -0.049021, -0.0, 0.003892, -0.999992, 1.583994, -0.000351, 0.999992, 0.003892, 0.63645, 0.0, 0.0, 0.0, 1.0],
                [1.0, 0.000187, 0.0, -0.046039, -0.0, 0.003904, -0.999992, 1.606501, -0.000187, 0.999992, 0.003904, 0.645723, 0.0, 0.0, 0.0, 1.0],
                [1.0, 0.000118, 0.0, -0.04302, -0.0, 0.003906, -0.999992, 1.629789, -0.000118, 0.999992, 0.003906, 0.654997, 0.0, 0.0, 0.0, 1.0],
                [1.0, 0.000117, 0.0, -0.037513, -0.0, 0.003906, -0.999992, 1.654236, -0.000117, 0.999992, 0.003906, 0.662253, 0.0, 0.0, 0.0, 1.0],
                [1.0, 0.000157, 0.0, -0.032083, -0.0, 0.003905, -0.999992, 1.678809, -0.000157, 0.999992, 0.003905, 0.66951, 0.0, 0.0, 0.0, 1.0],
                [1.0, 0.000215, 0.0, -0.026743, -1e-06, 0.003903, -0.999992, 1.702463, -0.000215, 0.999992, 0.003903, 0.674434, 0.0, 0.0, 0.0, 1.0],
                [1.0, 0.000272, 1e-06, -0.0215, -0.0, 0.0039, -0.999992, 1.724165, -0.000272, 0.999992, 0.0039, 0.67731, 0.0, 0.0, 0.0, 1.0],
                [1.0, 0.00033, 1e-06, -0.016356, -1e-06, 0.003894, -0.999992, 1.744782, -0.00033, 0.999992, 0.003894, 0.67718, 0.0, 0.0, 0.0, 1.0],
                [1.0, 0.000415, 1e-06, -0.011296, -0.0, 0.003887, -0.999992, 1.765009, -0.000415, 0.999992, 0.003887, 0.673448, 0.0, 0.0, 0.0, 1.0],
                [1.0, 0.0005, 1e-06, -0.006334, -0.0, 0.003876, -0.999992, 1.783538, -0.0005, 0.999992, 0.003876, 0.669716, 0.0, 0.0, 0.0, 1.0],
                [1.0, 0.000579, 1e-06, -0.002955, -1e-06, 0.003865, -0.999992, 1.799059, -0.000579, 0.999992, 0.003865, 0.665984, 0.0, 0.0, 0.0, 1.0],
                [1.0, 0.000632, 1e-06, 0.000313, -1e-06, 0.003857, -0.999992, 1.810262, -0.000632, 0.999992, 0.003857, 0.663363, 0.0, 0.0, 0.0, 1.0]
            ]
        },
        {
            "name": "Thigh_R",
            "time": [0.0, 0.0333, 0.0667, 0.1, 0.1333, 0.1667, 0.2, 0.2333, 0.2667, 0.3, 0.3333, 0.3667, 0.4, 0.4333, 0.4667, 0.5, 0.5333, 0.5667, 0.6, 0.6333, 0.6667, 0.7, 0.7333, 0.7667, 0.8, 0.8333, 0.8667, 0.9, 0.9333, 0.9667, 1.0, 1.0333, 1.0667, 1.1, 1.1333, 1.1667, 1.2, 1.2333, 1.2667, 1.3, 1.3333, 1.3667, 1.4, 1.4333, 1.4667, 1.5, 1.5333, 1.5667, 1.6, 1.6333, 1.6667, 1.7, 1.7333, 1.7667, 1.8, 1.8333, 1.8667, 1.9, 1.9333, 1.9667, 2.0, 2.0333, 2.0667, 2.3],
            "transform": [
                [0.368891, -0.445627, -0.815683, 0.09808, 0.594121, -0.561839, 0.575636, 0.00396, -0.714784, -0.696978, 0.057498, -0.032336, 0.0, 0.0, 0.0, 1.0],
                [0.414658, -0.437817, -0.797733, 0.098225, 0.593089, -0.534842, 0.601822, 0.003903, -0.690145, -0.722678, 0.037888, -0.031902, 0.0, 0.0, 0.0, 1.0],
                [0.343679, -0.433527, -0.833032, 0.098225, 0.627392, -0.55405, 0.547181, 0.003903, -0.698757, -0.710692, 0.081576, -0.031902, 0.0, 0.0, 0.0, 1.0],
                [0.268089, -0.422909, -0.865608, 0.098225, 0.657455, -0.576439, 0.485253, 0.003902, -0.704187, -0.69919, 0.123507, -0.031902, 0.0, 0.0, 0.0, 1.0],
                [0.188254, -0.392733, -0.90018, 0.098225, 0.679875, -0.609332, 0.408024, 0.003903, -0.708751, -0.688822, 0.152301, -0.031902, 0.0, 0.0, 0.0, 1.0],
                [0.106802, -0.361653, -0.926177, 0.098225, 0.689983, -0.643743, 0.330934, 0.003902, -0.715901, -0.674391, 0.180782, -0.031902, 0.0, 0.0, 0.0, 1.0],
                [0.027041, -0.34113, -0.939628, 0.098225, 0.682252, -0.680711, 0.266765, 0.003903, -0.730615, -0.648277, 0.21433, -0.031902, 0.0, 0.0, 0.0, 1.0],
                [-0.058773, -0.325619, -0.943674, 0.098225, 0.657191, -0.724182, 0.208951, 0.003903, -0.751428, -0.607893, 0.256557, -0.031902, 0.0, 0.0, 0.0, 1.0],
                [-0.146637, -0.308149, -0.939971, 0.098225, 0.615019, -0.772652, 0.157353, 0.003903, -0.774755, -0.555027, 0.302818, -0.031902, 0.0, 0.0, 0.0, 1.0],
                [-0.224555, -0.291802, -0.929747, 0.098225, 0.558903, -0.820147, 0.122415, 0.003903, -0.798248, -0.49215, 0.347258, -0.031902, 0.0, 0.0, 0.0, 1.0],
                [-0.278601, -0.251912, -0.926782, 0.098225, 0.49051, -0.86696, 0.088198, 0.003903, -0.825699, -0.430024, 0.365103, -0.031902, 0.0, 0.0, 0.0, 1.0],
                [-0.29033, -0.208659, -0.933902, 0.098225, 0.421104, -0.90422, 0.071114, 0.003903, -0.859288, -0.372624, 0.35039, -0.031902, 0.0, 0.0, 0.0, 1.0],
                [-0.247181, -0.190834, -0.949993, 0.098225, 0.360928, -0.927995, 0.092504, 0.003903, -0.899238, -0.320014, 0.298261, -0.031902, 0.0, 0.0, 0.0, 1.0],
                [-0.130285, -0.227527, -0.965018, 0.098225, 0.315721, -0.932167, 0.177157, 0.003903, -0.939864, -0.281595, 0.193283, -0.031902, 0.0, 0.0, 0.0, 1.0],
                [0.111811, -0.291036, -0.950158, 0.098225, 0.267641, -0.912001, 0.310844, 0.003903, -0.957008, -0.289057, -0.024079, -0.031902, 0.0, 0.0, 0.0, 1.0],
                [0.447615, -0.299888, -0.842443, 0.098225, 0.182849, -0.891491, 0.414501, 0.003903, -0.875331, -0.339577, -0.344212, -0.031902, 0.0, 0.0, 0.0, 1.0],
                [0.762474, -0.192325, -0.617773, 0.098225, 0.09047, -0.913731, 0.396123, 0.003903, -0.640659, -0.357924, -0.679299, -0.031902, 0.0, 0.0, 0.0, 1.0],
                [0.944884, -0.034734, -0.325553, 0.098225, 0.060613, -0.95861, 0.278198, 0.003903, -0.32174, -0.282598, -0.903673, -0.031902, 0.0, 0.0, 0.0, 1.0],
                [0.993271, 0.080242, -0.083482, 0.098225, 0.094823, -0.977449, 0.188693, 0.003902, -0.066458, -0.195339, -0.978483, -0.031902, 0.0, 0.0, 0.0, 1.0],
                [0.986424, 0.152713, 0.060358, 0.098225, 0.149588, -0.987311, 0.053304, 0.003903, 0.067732, -0.043551, -0.996755, -0.031902, 0.0, 0.0, 0.0, 1.0],
                [0.968993, 0.184796, 0.164013, 0.098225, 0.204279, -0.972593, -0.111052, 0.003903, 0.138995, 0.141113, -0.980189, -0.031902, 0.0, 0.0, 0.0, 1.0],
                [0.946514, 0.186665, 0.26318, 0.098225, 0.243494, -0.948412, -0.20304, 0.003903, 0.211701, 0.256263, -0.943141, -0.031902, 0.0, 0.0, 0.0, 1.0],
                [0.920414, 0.182298, 0.345836, 0.098225, 0.259383, -0.946631, -0.19134, 0.003902, 0.292497, 0.265817, -0.91858, -0.031902, 0.0, 0.0, 0.0, 1.0],
                [0.877306, 0.259716, 0.403583, 0.098225, 0.318174, -0.944307, -0.083961, 0.003902, 0.359299, 0.20207, -0.911084, -0.031902, 0.0, 0.0, 0.0, 1.0],
                [0.767431, 0.437321, 0.468828, 0.098225, 0.477651, -0.877774, 0.036909, 0.003903, 0.427664, 0.195611, -0.88252, -0.031903, 0.0, 0.0, 0.0, 1.0],
                [0.660516, 0.604973, 0.444665, 0.098225, 0.576585, -0.788054, 0.215683, 0.003903, 0.480901, 0.113925, -0.869343, -0.031902, 0.0, 0.0, 0.0, 1.0],
                [0.648649, 0.631285, 0.425127, 0.098225, 0.569093, -0.773193, 0.27983, 0.003903, 0.505356, 0.060425, -0.860794, -0.031902, 0.0, 0.0, 0.0, 1.0],
                [0.630829, 0.646359, 0.429272, 0.098225, 0.571176, -0.761288, 0.306917, 0.003903, 0.525176, 0.051579, -0.84943, -0.031902, 0.0, 0.0, 0.0, 1.0],
                [0.626979, 0.639358, 0.445105, 0.098225, 0.573002, -0.765566, 0.292537, 0.003903, 0.527791, 0.071631, -0.846349, -0.031902, 0.0, 0.0, 0.0, 1.0],
                [0.613603, 0.630662, 0.475139, 0.098225, 0.579674, -0.768368, 0.27127, 0.003903, 0.53616, 0.108974, -0.837054, -0.031902, 0.0, 0.0, 0.0, 1.0],
                [0.593021, 0.620431, 0.513217, 0.098225, 0.590057, -0.768554, 0.2473, 0.003903, 0.547865, 0.156174, -0.821861, -0.031902, 0.0, 0.0, 0.0, 1.0],
                [0.567292, 0.609971, 0.553278, 0.098225, 0.602801, -0.765314, 0.225665, 0.003903, 0.561078, 0.205498, -0.80185, -0.031902, 0.0, 0.0, 0.0, 1.0],
                [0.54175, 0.600354, 0.588289, 0.098225, 0.614856, -0.760265, 0.209641, 0.003903, 0.573111, 0.24814, -0.781006, -0.031902, 0.0, 0.0, 0.0, 1.0],
                [0.518585, 0.593646, 0.615349, 0.098225, 0.622825, -0.755345, 0.203819, 0.003903, 0.585795, 0.277558, -0.761451, -0.031902, 0.0, 0.0, 0.0, 1.0],
                [0.49577, 0.59554, 0.632095, 0.098225, 0.627813, -0.748665, 0.212958, 0.003903, 0.600051, 0.291259, -0.745056, -0.031902, 0.0, 0.0, 0.0, 1.0],
                [0.46645, 0.602802, 0.647344, 0.098224, 0.632415, -0.738944, 0.232407, 0.003903, 0.618444, 0.300984, -0.725904, -0.031902, 0.0, 0.0, 0.0, 1.0],
                [0.432641, 0.612687, 0.661391, 0.098225, 0.634363, -0.728153, 0.259571, 0.003903, 0.640626, 0.307261, -0.703697, -0.031902, 0.0, 0.0, 0.0, 1.0],
                [0.39714, 0.623611, 0.673343, 0.098225, 0.634746, -0.716543, 0.289246, 0.003903, 0.662853, 0.312531, -0.680404, -0.031902, 0.0, 0.0, 0.0, 1.0],
                [0.364439, 0.632018, 0.683914, 0.098225, 0.631945, -0.707278, 0.316863, 0.003903, 0.683978, 0.31672, -0.657163, -0.031902, 0.0, 0.0, 0.0, 1.0],
                [0.331095, 0.639033, 0.694272, 0.098225, 0.628003, -0.698383, 0.343326, 0.003903, 0.704262, 0.322331, -0.632548, -0.031903, 0.0, 0.0, 0.0, 1.0],
                [0.304502, 0.641712, 0.703908, 0.098225, 0.622934, -0.693218, 0.362493, 0.003903, 0.720575, 0.328109, -0.610833, -0.031902, 0.0, 0.0, 0.0, 1.0],
                [0.287242, 0.637839, 0.714602, 0.098225, 0.617341, -0.693701, 0.371037, 0.003903, 0.73238, 0.334575, -0.593026, -0.031902, 0.0, 0.0, 0.0, 1.0],
                [0.278982, 0.623957, 0.729964, 0.098225, 0.611461, -0.701551, 0.365979, 0.003903, 0.740461, 0.344243, -0.577248, -0.031902, 0.0, 0.0, 0.0, 1.0],
                [0.285147, 0.599044, 0.748224, 0.098225, 0.606286, -0.717345, 0.343268, 0.003903, 0.742365, 0.355756, -0.567743, -0.031902, 0.0, 0.0, 0.0, 1.0],
                [0.318498, 0.549568, 0.772358, 0.098225, 0.599626, -0.747862, 0.28487, 0.003903, 0.73417, 0.372395, -0.567729, -0.031902, 0.0, 0.0, 0.0, 1.0],
                [0.379746, 0.458662, 0.803383, 0.098225, 0.587327, -0.790494, 0.173684, 0.003903, 0.714729, 0.405893, -0.569573, -0.031902, 0.0, 0.0, 0.0, 1.0],
                [0.452419, 0.344396, 0.822624, 0.098225, 0.57582, -0.81718, 0.025432, 0.003903, 0.680988, 0.462179, -0.56802, -0.031902, 0.0, 0.0, 0.0, 1.0],
                [0.521449, 0.327825, 0.787797, 0.098224, 0.552225, -0.833486, -0.018685, 0.003903, 0.65049, 0.444784, -0.615655, -0.031902, 0.0, 0.0, 0.0, 1.0],
                [0.571295, 0.391402, 0.721407, 0.098225, 0.53706, -0.842935, 0.032029, 0.003903, 0.620634, 0.369141, -0.691773, -0.031902, 0.0, 0.0, 0.0, 1.0],
                [0.633766, 0.370921, 0.678792, 0.098225, 0.480195, -0.876624, 0.030683, 0.003903, 0.606425, 0.306507, -0.733691, -0.031902, 0.0, 0.0, 0.0, 1.0],
                [0.706898, 0.346453, 0.616657, 0.098225, 0.417847, -0.907983, 0.031133, 0.003903, 0.570699, 0.235661, -0.786618, -0.031902, 0.0, 0.0, 0.0, 1.0],
                [0.780737, 0.322552, 0.535172, 0.098225, 0.355556, -0.933619, 0.043994, 0.003902, 0.513835, 0.155936, -0.843599, -0.031902, 0.0, 0.0, 0.0, 1.0],
                [0.843281, 0.29636, 0.448381, 0.098225, 0.298026, -0.952078, 0.068774, 0.003903, 0.447274, 0.075633, -0.891195, -0.031902, 0.0, 0.0, 0.0, 1.0],
                [0.886366, 0.270552, 0.375707, 0.098225, 0.252233, -0.962674, 0.098169, 0.003903, 0.388242, 0.007753, -0.921526, -0.031902, 0.0, 0.0, 0.0, 1.0],
                [0.917217, 0.245202, 0.313984, 0.098225, 0.214466, -0.968106, 0.129526, 0.003903, 0.335728, -0.051465, -0.940554, -0.031902, 0.0, 0.0, 0.0, 1.0],
                [0.941955, 0.224844, 0.249327, 0.098225, 0.185913, -0.967696, 0.170293, 0.003903, 0.279561, -0.114055, -0.953331, -0.031902, 0.0, 0.0, 0.0, 1.0],
                [0.957289, 0.217809, 0.190146, 0.098225, 0.175544, -0.960405, 0.216349, 0.003903, 0.229739, -0.173729, -0.957623, -0.031902, 0.0, 0.0, 0.0, 1.0],
                [0.963287, 0.22348, 0.148773, 0.098225, 0.180187, -0.948972, 0.258813, 0.003903, 0.19902, -0.222504, -0.954403, -0.031902, 0.0, 0.0, 0.0, 1.0],
                [0.961641, 0.236767, 0.138509, 0.098225, 0.189646, -0.938691, 0.287914, 0.003903, 0.198185, -0.250602, -0.947589, -0.031902, 0.0, 0.0, 0.0, 1.0],
                [0.947926, 0.255436, 0.190225, 0.098225, 0.198889, -0.941275, 0.272848, 0.003903, 0.248747, -0.220806, -0.943066, -0.031902, 0.0, 0.0, 0.0, 1.0],
                [0.915567, 0.278879, 0.28976, 0.098225, 0.210542, -0.946265, 0.245471, 0.003903, 0.342645, -0.163738, -0.925088, -0.031902, 0.0, 0.0, 0.0, 1.0],
                [0.868513, 0.294568, 0.398639, 0.098225, 0.221471, -0.950128, 0.219564, 0.003903, 0.443433, -0.102407, -0.89044, -0.031902, 0.0, 0.0, 0.0, 1.0],
                [0.81958, 0.30569, 0.484605, 0.098224, 0.235637, -0.950778, 0.201237, 0.003903, 0.522266, -0.050738, -0.851273, -0.031902, 0.0, 0.0, 0.0, 1.0],
                [0.860512, 0.267303, 0.433663, 0.096232, 0.232828, -0.963534, 0.131904, 0.058663, 0.453105, -0.012536, -0.891368, 0.031335, 0.0, 0.0, 0.0, 1.0]
            ]
        },
        {
            "name": "Leg_R",
            "time": [0.0, 0.0333, 0.0667, 0.1, 0.1333, 0.1667, 0.2, 0.2333, 0.2667, 0.3, 0.3333, 0.3667, 0.4, 0.4333, 0.4667, 0.5, 0.5333, 0.5667, 0.6, 0.6333, 0.6667, 0.7, 0.7333, 0.7667, 0.8, 0.8333, 0.8667, 0.9, 0.9333, 0.9667, 1.0, 1.0333, 1.0667, 1.1, 1.1333, 1.1667, 1.2, 1.2333, 1.2667, 1.3, 1.3333, 1.3667, 1.4, 1.4333, 1.4667, 1.5, 1.5333, 1.5667, 1.6, 1.6333, 1.6667, 1.7, 1.7333, 1.7667, 1.8, 1.8333, 1.8667, 1.9, 1.9333, 1.9667, 2.0, 2.0333, 2.0667, 2.3],
            "transform": [
                [0.999997, -0.001927, 0.000326, 0.0, 0.000325, 0.328832, 0.944385, 0.37472, -0.001927, -0.944393, 0.328829, 0.0, 0.0, 0.0, 0.0, 1.0],
                [1.000001, -0.001935, 0.000283, -0.0, 0.000282, 0.285737, 0.958305, 0.37472, -0.001935, -0.958304, 0.285737, 0.0, 0.0, 0.0, 0.0, 1.0],
                [1.000002, -0.001929, 0.00032, 0.0, 0.000318, 0.322411, 0.946597, 0.37472, -0.001929, -0.946594, 0.322411, 0.0, 0.0, 0.0, 0.0, 1.0],
                [1.000002, -0.001921, 0.000364, -0.0, 0.000363, 0.365145, 0.930948, 0.37472, -0.001921, -0.930945, 0.365145, 0.0, 0.0, 0.0, 0.0, 1.0],
                [1.000002, -0.00191, 0.000418, -0.0, 0.000416, 0.416978, 0.908914, 0.37472, -0.00191, -0.908911, 0.416978, 0.0, 0.0, 0.0, 0.0, 1.0],
                [1.000002, -0.0019, 0.000458, 0.0, 0.000458, 0.455847, 0.890055, 0.37472, -0.0019, -0.890053, 0.455847, 0.0, 0.0, 0.0, 0.0, 1.0],
                [1.000001, -0.001899, 0.000467, -0.0, 0.000466, 0.463746, 0.885965, 0.37472, -0.001899, -0.885964, 0.463746, -0.0, 0.0, 0.0, 0.0, 1.0],
                [1.000001, -0.001903, 0.000446, 0.0, 0.000445, 0.443526, 0.896259, 0.37472, -0.001904, -0.896257, 0.443526, -0.0, 0.0, 0.0, 0.0, 1.0],
                [1.000002, -0.001911, 0.00041, 0.0, 0.000408, 0.409494, 0.91231, 0.37472, -0.001912, -0.912308, 0.409494, -0.0, 0.0, 0.0, 0.0, 1.0],
                [1.000002, -0.001921, 0.00036, 0.0, 0.00036, 0.362027, 0.932165, 0.37472, -0.001921, -0.932163, 0.362027, 0.0, 0.0, 0.0, 0.0, 1.0],
                [1.000002, -0.001927, 0.000334, -0.0, 0.000333, 0.336014, 0.941854, 0.37472, -0.001927, -0.941851, 0.336015, 0.0, 0.0, 0.0, 0.0, 1.0],
                [1.000001, -0.001928, 0.000324, -0.0, 0.000322, 0.325624, 0.945497, 0.37472, -0.001928, -0.945495, 0.325623, 0.0, 0.0, 0.0, 0.0, 1.0],
                [1.000002, -0.001931, 0.000305, -0.0, 0.000303, 0.307043, 0.951693, 0.37472, -0.001932, -0.95169, 0.307044, -0.0, 0.0, 0.0, 0.0, 1.0],
                [1.000002, -0.001941, 0.000237, -0.0, 0.000236, 0.24045, 0.970659, 0.37472, -0.001941, -0.970656, 0.240451, 0.0, 0.0, 0.0, 0.0, 1.0],
                [1.000001, -0.001948, 0.000167, 0.0, 0.000166, 0.169913, 0.985456, 0.37472, -0.001948, -0.985455, 0.169913, 0.0, 0.0, 0.0, 0.0, 1.0],
                [1.000002, -0.001951, 0.00014, -0.0, 0.00014, 0.142992, 0.989721, 0.37472, -0.001951, -0.989719, 0.142992, -0.0, 0.0, 0.0, 0.0, 1.0],
                [1.000002, -0.001944, 0.00021, 0.0, 0.000209, 0.212958, 0.977059, 0.37472, -0.001944, -0.977057, 0.212958, 0.0, 0.0, 0.0, 0.0, 1.0],
                [1.000002, -0.001926, 0.00034, -0.0, 0.00034, 0.342367, 0.939564, 0.37472, -0.001926, -0.939561, 0.342367, -0.0, 0.0, 0.0, 0.0, 1.0],
                [1.000001, -0.001908, 0.000425, 0.0, 0.000425, 0.424415, 0.905465, 0.37472, -0.001908, -0.905464, 0.424414, 0.0, 0.0, 0.0, 0.0, 1.0],
                [1.000001, -0.001853, 0.000623, -0.0, 0.000621, 0.603473, 0.79738, 0.37472, -0.001854, -0.797378, 0.603473, -0.0, 0.0, 0.0, 0.0, 1.0],
                [1.000002, -0.001736, 0.000899, 0.0, 0.000898, 0.816443, 0.57742, 0.37472, -0.001737, -0.577419, 0.816443, -0.0, 0.0, 0.0, 0.0, 1.0],
                [1.000001, -0.001657, 0.001037, 0.0, 0.001035, 0.898856, 0.438237, 0.37472, -0.001658, -0.438236, 0.898855, -0.0, 0.0, 0.0, 0.0, 1.0],
                [1.000001, -0.001729, 0.000912, 0.0, 0.000912, 0.825129, 0.564939, 0.37472, -0.001729, -0.564938, 0.825128, 0.0, 0.0, 0.0, 0.0, 1.0],
                [1.000001, -0.001841, 0.000658, -0.0, 0.000656, 0.633046, 0.77411, 0.37472, -0.001842, -0.774109, 0.633045, 0.0, 0.0, 0.0, 0.0, 1.0],
                [1.000001, -0.001899, 0.000468, -0.0, 0.000467, 0.464461, 0.88559, 0.37472, -0.001899, -0.885589, 0.464461, 0.0, 0.0, 0.0, 0.0, 1.0],
                [1.000002, -0.00194, 0.000243, 0.0, 0.000241, 0.245551, 0.969381, 0.37472, -0.00194, -0.969379, 0.245551, -0.0, 0.0, 0.0, 0.0, 1.0],
                [1.000002, -0.00195, 0.00015, 0.0, 0.000149, 0.152913, 0.988238, 0.37472, -0.00195, -0.988235, 0.152913, 0.0, 0.0, 0.0, 0.0, 1.0],
                [1.000001, -0.001952, 0.000117, 0.0, 0.000118, 0.120231, 0.992744, 0.37472, -0.001952, -0.992741, 0.120231, -0.0, 0.0, 0.0, 0.0, 1.0],
                [1.000002, -0.001951, 0.000132, -0.0, 0.000131, 0.133924, 0.990989, 0.37472, -0.001951, -0.990986, 0.133924, 0.0, 0.0, 0.0, 0.0, 1.0],
                [1.000001, -0.001949, 0.000163, 0.0, 0.000162, 0.165455, 0.986215, 0.37472, -0.001949, -0.986212, 0.165455, 0.0, 0.0, 0.0, 0.0, 1.0],
                [1.000002, -0.001945, 0.000206, 0.0, 0.000204, 0.208617, 0.977995, 0.37472, -0.001945, -0.977992, 0.208617, -0.0, 0.0, 0.0, 0.0, 1.0],
                [1.000002, -0.00194, 0.000255, -0.0, 0.000253, 0.257339, 0.966319, 0.37472, -0.00194, -0.966316, 0.25734, -0.0, 0.0, 0.0, 0.0, 1.0],
                [1.000002, -0.001932, 0.000303, -0.0, 0.000302, 0.305417, 0.952216, 0.37472, -0.001932, -0.952214, 0.305417, 0.0, 0.0, 0.0, 0.0, 1.0],
                [1.0, -0.001925, 0.000338, -0.0, 0.000337, 0.339989, 0.940426, 0.37472, -0.001926, -0.940425, 0.339989, -0.0, 0.0, 0.0, 0.0, 1.0],
                [1.000002, -0.001922, 0.000358, -0.0, 0.000356, 0.358901, 0.933373, 0.37472, -0.001923, -0.93337, 0.358902, 0.0, 0.0, 0.0, 0.0, 1.0],
                [1.000001, -0.00192, 0.000369, 0.0, 0.000367, 0.369807, 0.929106, 0.37472, -0.00192, -0.929104, 0.369807, -0.0, 0.0, 0.0, 0.0, 1.0],
                [1.000002, -0.001919, 0.000373, 0.0, 0.000372, 0.374444, 0.927246, 0.37472, -0.001919, -0.927244, 0.374444, -0.0, 0.0, 0.0, 0.0, 1.0],
                [1.000002, -0.001918, 0.000378, 0.0, 0.000377, 0.379073, 0.925364, 0.37472, -0.001918, -0.925362, 0.379073, 0.0, 0.0, 0.0, 0.0, 1.0],
                [1.000001, -0.001917, 0.000384, 0.0, 0.000381, 0.383691, 0.923459, 0.37472, -0.001918, -0.923457, 0.383691, -0.0, 0.0, 0.0, 0.0, 1.0],
                [1.000002, -0.001916, 0.000392, 0.0, 0.000389, 0.391337, 0.920245, 0.37472, -0.001916, -0.920242, 0.391337, 0.0, 0.0, 0.0, 0.0, 1.0],
                [1.000001, -0.001912, 0.000406, 0.0, 0.000404, 0.404981, 0.914322, 0.37472, -0.001913, -0.914321, 0.404981, -0.0, 0.0, 0.0, 0.0, 1.0],
                [1.000002, -0.001908, 0.000429, 0.0, 0.000427, 0.427375, 0.904072, 0.37472, -0.001908, -0.904069, 0.427375, 0.0, 0.0, 0.0, 0.0, 1.0],
                [1.000002, -0.001899, 0.000466, 0.0, 0.000465, 0.462314, 0.886713, 0.37472, -0.001899, -0.88671, 0.462315, -0.0, 0.0, 0.0, 0.0, 1.0],
                [1.000001, -0.001885, 0.000521, 0.0, 0.000518, 0.512407, 0.858739, 0.37472, -0.001885, -0.858737, 0.512407, -0.0, 0.0, 0.0, 0.0, 1.0],
                [1.000002, -0.001856, 0.000617, 0.0, 0.000616, 0.598534, 0.801093, 0.37472, -0.001856, -0.801092, 0.598534, -0.0, 0.0, 0.0, 0.0, 1.0],
                [1.000002, -0.001792, 0.000783, -0.0, 0.000782, 0.733364, 0.679832, 0.37472, -0.001792, -0.67983, 0.733363, 0.0, 0.0, 0.0, 0.0, 1.0],
                [1.000001, -0.001679, 0.001001, 0.0, 0.001, 0.879354, 0.476163, 0.37472, -0.00168, -0.476162, 0.879353, -0.0, 0.0, 0.0, 0.0, 1.0],
                [1.000001, -0.001651, 0.001046, 0.0, 0.001044, 0.903767, 0.42802, 0.37472, -0.001653, -0.428018, 0.903765, -0.0, 0.0, 0.0, 0.0, 1.0],
                [1.000002, -0.001698, 0.000969, -0.0, 0.000968, 0.860696, 0.509112, 0.37472, -0.001699, -0.50911, 0.860696, -0.0, 0.0, 0.0, 0.0, 1.0],
                [1.000001, -0.001742, 0.000888, 0.0, 0.000886, 0.808403, 0.588625, 0.37472, -0.001743, -0.588623, 0.808402, 0.0, 0.0, 0.0, 0.0, 1.0],
                [1.000003, -0.001779, 0.00081, -0.0, 0.000809, 0.754131, 0.656719, 0.37472, -0.001779, -0.656717, 0.754131, -0.0, 0.0, 0.0, 0.0, 1.0],
                [1.000002, -0.001812, 0.000734, -0.0, 0.000734, 0.695802, 0.71823, 0.37472, -0.001812, -0.718228, 0.695801, 0.0, 0.0, 0.0, 0.0, 1.0],
                [1.000002, -0.001835, 0.000673, 0.0, 0.000672, 0.645951, 0.763375, 0.37472, -0.001835, -0.763373, 0.645951, -0.0, 0.0, 0.0, 0.0, 1.0],
                [1.000002, -0.001848, 0.000639, 0.0, 0.000637, 0.616891, 0.787044, 0.37472, -0.001848, -0.787042, 0.616891, -0.0, 0.0, 0.0, 0.0, 1.0],
                [1.000001, -0.001847, 0.000641, -0.0, 0.00064, 0.619307, 0.785145, 0.37472, -0.001847, -0.785144, 0.619307, -0.0, 0.0, 0.0, 0.0, 1.0],
                [1.000003, -0.001835, 0.000673, -0.0, 0.000672, 0.64595, 0.763376, 0.37472, -0.001836, -0.763373, 0.64595, -0.0, 0.0, 0.0, 0.0, 1.0],
                [1.000002, -0.001817, 0.000721, -0.0, 0.000721, 0.685475, 0.728091, 0.37472, -0.001817, -0.728089, 0.685476, 0.0, 0.0, 0.0, 0.0, 1.0],
                [1.000003, -0.001794, 0.000777, 0.0, 0.000775, 0.728802, 0.684719, 0.37472, -0.001795, -0.684717, 0.728802, -0.0, 0.0, 0.0, 0.0, 1.0],
                [1.000002, -0.001771, 0.000828, 0.0, 0.000827, 0.767038, 0.641597, 0.37472, -0.001771, -0.641595, 0.767038, 0.0, 0.0, 0.0, 0.0, 1.0],
                [1.000002, -0.001736, 0.0009, -0.0, 0.000899, 0.816861, 0.576829, 0.37472, -0.001736, -0.576828, 0.81686, -0.0, 0.0, 0.0, 0.0, 1.0],
                [1.000002, -0.001705, 0.000958, -0.0, 0.000957, 0.853682, 0.520789, 0.37472, -0.001705, -0.520788, 0.853681, 0.0, 0.0, 0.0, 0.0, 1.0],
                [1.000002, -0.001679, 0.001002, -0.0, 0.001001, 0.87978, 0.475375, 0.37472, -0.00168, -0.475374, 0.879779, 0.0, 0.0, 0.0, 0.0, 1.0],
                [1.000003, -0.001652, 0.001046, 0.0, 0.001044, 0.903462, 0.42866, 0.37472, -0.001653, -0.428659, 0.903461, -0.0, 0.0, 0.0, 0.0, 1.0],
                [0.999995, -0.001635, 0.001071, 0.0, 0.001069, 0.91608, 0.400996, 0.37472, -0.001637, -0.400993, 0.916082, 0.0, 0.0, 0.0, 0.0, 1.0]
            ]
        },
        {
            "name": "Knee_R",
            "time": [0.0, 2.3],
            "transform": [
                [1.0, 0.0, -0.0, 0.0, -0.0, 1e-06, -1.0, 0.37472, -0.0, 1.0, 1e-06, 0.0, 0.0, 0.0, 0.0, 1.0],
                [1.0, 0.0, -0.0, 0.0, -0.0, 1e-06, -1.0, 0.37472, -0.0, 1.0, 1e-06, 0.0, 0.0, 0.0, 0.0, 1.0]
            ]
        },
        {
            "name": "Thigh_L",
            "time": [0.0, 0.0333, 0.0667, 0.1, 0.1333, 0.1667, 0.2, 0.2333, 0.2667, 0.3, 0.3333, 0.3667, 0.4, 0.4333, 0.4667, 0.5, 0.5333, 0.5667, 0.6, 0.6333, 0.6667, 0.7, 0.7333, 0.7667, 0.8, 0.8333, 0.8667, 0.9, 0.9333, 0.9667, 1.0, 1.0333, 1.0667, 1.1, 1.1333, 1.1667, 1.2, 1.2333, 1.2667, 1.3, 1.3333, 1.3667, 1.4, 1.4333, 1.4667, 1.5, 1.5333, 1.5667, 1.6, 1.6333, 1.6667, 1.7, 1.7333, 1.7667, 1.8, 1.8333, 1.8667, 1.9, 1.9333, 1.9667, 2.0, 2.0333, 2.0667, 2.3],
            "transform": [
                [-0.143373, -0.671831, -0.726698, 0.030662, -0.367147, -0.64578, 0.669458, 0.045629, -0.919044, 0.362789, -0.154074, 0.08751, 0.0, 0.0, 0.0, 1.0],
                [-0.171674, -0.713023, -0.679812, 0.023106, -0.39438, -0.582617, 0.710654, 0.042868, -0.902748, 0.39012, -0.181183, 0.091153, 0.0, 0.0, 0.0, 1.0],
                [-0.079016, -0.739478, -0.668543, 0.016053, -0.431744, -0.579101, 0.691553, 0.043156, -0.898508, 0.343295, -0.273507, 0.092523, 0.0, 0.0, 0.0, 1.0],
                [0.015374, -0.7564, -0.653945, 0.008936, -0.465015, -0.584405, 0.665009, 0.043033, -0.885149, 0.293881, -0.360722, 0.093537, 0.0, 0.0, 0.0, 1.0],
                [0.100968, -0.762014, -0.639657, 0.00233, -0.493136, -0.596743, 0.633024, 0.042343, -0.864052, 0.251532, -0.436029, 0.094248, 0.0, 0.0, 0.0, 1.0],
                [0.166851, -0.756469, -0.632404, -0.002997, -0.519139, -0.6127, 0.5959, 0.04108, -0.838224, 0.228888, -0.494943, 0.094787, 0.0, 0.0, 0.0, 1.0],
                [0.204278, -0.741901, -0.638649, -0.006533, -0.546042, -0.627846, 0.554662, 0.039351, -0.812448, 0.235432, -0.533365, 0.095342, 0.0, 0.0, 0.0, 1.0],
                [0.202881, -0.7244, -0.658863, -0.007103, -0.570602, -0.634279, 0.521638, 0.037057, -0.795751, 0.270127, -0.542028, 0.096216, 0.0, 0.0, 0.0, 1.0],
                [0.162642, -0.704009, -0.691328, -0.004872, -0.586622, -0.632376, 0.505941, 0.03453, -0.79334, 0.323272, -0.515839, 0.097289, 0.0, 0.0, 0.0, 1.0],
                [0.094561, -0.683476, -0.723833, -0.000992, -0.597468, -0.620555, 0.507882, 0.031776, -0.796277, 0.384454, -0.467036, 0.098338, 0.0, 0.0, 0.0, 1.0],
                [0.02487, -0.661955, -0.749141, 0.002972, -0.604514, -0.606802, 0.516095, 0.029055, -0.796186, 0.440044, -0.415253, 0.099136, 0.0, 0.0, 0.0, 1.0],
                [-0.027841, -0.644453, -0.764146, 0.005153, -0.612194, -0.59332, 0.522675, 0.02638, -0.790198, 0.482372, -0.378012, 0.099792, 0.0, 0.0, 0.0, 1.0],
                [-0.054951, -0.584408, -0.809604, 0.00455, -0.634081, -0.605926, 0.480411, 0.023993, -0.771293, 0.539769, -0.337266, 0.100422, 0.0, 0.0, 0.0, 1.0],
                [-0.043291, -0.450709, -0.891625, -0.000355, -0.673968, -0.645626, 0.359073, 0.021908, -0.737471, 0.616489, -0.275814, 0.101, 0.0, 0.0, 0.0, 1.0],
                [0.059814, -0.46459, -0.883508, -0.014317, -0.672209, -0.673067, 0.308409, 0.019918, -0.737921, 0.575471, -0.35256, 0.100398, 0.0, 0.0, 0.0, 1.0],
                [0.247112, -0.487715, -0.837303, -0.035331, -0.667957, -0.711733, 0.217421, 0.017836, -0.701953, 0.50557, -0.501651, 0.095475, 0.0, 0.0, 0.0, 1.0],
                [0.473352, -0.451949, -0.756096, -0.057346, -0.63677, -0.768657, 0.060782, 0.015953, -0.608629, 0.452702, -0.651634, 0.084495, 0.0, 0.0, 0.0, 1.0],
                [0.671524, -0.404539, -0.620802, -0.074603, -0.565906, -0.820846, -0.077286, 0.014879, -0.478301, 0.403228, -0.78015, 0.06997, 0.0, 0.0, 0.0, 1.0],
                [0.794344, -0.396854, -0.459899, -0.08407, -0.481093, -0.87325, -0.077466, 0.014785, -0.370851, 0.282799, -0.884587, 0.058282, 0.0, 0.0, 0.0, 1.0],
                [0.787059, -0.44307, -0.429198, -0.080049, -0.43131, -0.892717, 0.130573, 0.018306, -0.440989, 0.082352, -0.893723, 0.062769, 0.0, 0.0, 0.0, 1.0],
                [0.701336, -0.512458, -0.495485, -0.067739, -0.347929, -0.852801, 0.389484, 0.02344, -0.62212, -0.100769, -0.776401, 0.074463, 0.0, 0.0, 0.0, 1.0],
                [0.731372, -0.514968, -0.447094, -0.069857, -0.231284, -0.804061, 0.547737, 0.025133, -0.641534, -0.297204, -0.707172, 0.07191, 0.0, 0.0, 0.0, 1.0],
                [0.936268, -0.261231, -0.234797, -0.09417, -0.123494, -0.870653, 0.476173, 0.018331, -0.328805, -0.416845, -0.847426, 0.038462, 0.0, 0.0, 0.0, 1.0],
                [0.9825, -0.048881, 0.179651, -0.101184, -0.174542, -0.577621, 0.797432, 0.002979, 0.064789, -0.814858, -0.576046, -0.020889, 0.0, 0.0, 0.0, 1.0],
                [0.866185, -0.068699, 0.494961, -0.07463, -0.470537, -0.445562, 0.761623, -0.012962, 0.168209, -0.892623, -0.418267, -0.070323, 0.0, 0.0, 0.0, 1.0],
                [0.734856, 0.112345, 0.668847, -0.04988, -0.605725, -0.33488, 0.721767, -0.026957, 0.305065, -0.935548, -0.178039, -0.086415, 0.0, 0.0, 0.0, 1.0],
                [0.728069, 0.132574, 0.672555, -0.050026, -0.610443, -0.320964, 0.724112, -0.030606, 0.311859, -0.937775, -0.152756, -0.085105, 0.0, 0.0, 0.0, 1.0],
                [0.728704, 0.146515, 0.668967, -0.051924, -0.609863, -0.305516, 0.731248, -0.033968, 0.311514, -0.940855, -0.133277, -0.082658, 0.0, 0.0, 0.0, 1.0],
                [0.734801, 0.155217, 0.660278, -0.054874, -0.603725, -0.294011, 0.740993, -0.03704, 0.309138, -0.943123, -0.122332, -0.079367, 0.0, 0.0, 0.0, 1.0],
                [0.744309, 0.158518, 0.648744, -0.058317, -0.595258, -0.282902, 0.752083, -0.03947, 0.302745, -0.945967, -0.116208, -0.075655, 0.0, 0.0, 0.0, 1.0],
                [0.755608, 0.156658, 0.636007, -0.06175, -0.584755, -0.276158, 0.762754, -0.041236, 0.295125, -0.948268, -0.117061, -0.071896, 0.0, 0.0, 0.0, 1.0],
                [0.766607, 0.149617, 0.624435, -0.064645, -0.573775, -0.276914, 0.770777, -0.042326, 0.288231, -0.949184, -0.126439, -0.068645, 0.0, 0.0, 0.0, 1.0],
                [0.777673, 0.142105, 0.612389, -0.066619, -0.561972, -0.279467, 0.778513, -0.042752, 0.281768, -0.94959, -0.137475, -0.066459, 0.0, 0.0, 0.0, 1.0],
                [0.785269, 0.134632, 0.604333, -0.067208, -0.552488, -0.28818, 0.782116, -0.042476, 0.27945, -0.948073, -0.151916, -0.066043, 0.0, 0.0, 0.0, 1.0],
                [0.790605, 0.126798, 0.599045, -0.06649, -0.545147, -0.299725, 0.782929, -0.041398, 0.278818, -0.945571, -0.167841, -0.067438, 0.0, 0.0, 0.0, 1.0],
                [0.79338, 0.115954, 0.597572, -0.064826, -0.539811, -0.319651, 0.778733, -0.039589, 0.281307, -0.940422, -0.191012, -0.070092, 0.0, 0.0, 0.0, 1.0],
                [0.794466, 0.103935, 0.59834, -0.062379, -0.535787, -0.343875, 0.771155, -0.036949, 0.285899, -0.933254, -0.217511, -0.073663, 0.0, 0.0, 0.0, 1.0],
                [0.796457, 0.088419, 0.598186, -0.059409, -0.531214, -0.370289, 0.762034, -0.033619, 0.288875, -0.924708, -0.247951, -0.077607, 0.0, 0.0, 0.0, 1.0],
                [0.806503, 0.064577, 0.587683, -0.056227, -0.52016, -0.394967, 0.757253, -0.029668, 0.281012, -0.916432, -0.284953, -0.081491, 0.0, 0.0, 0.0, 1.0],
                [0.818157, 0.039337, 0.573636, -0.052964, -0.506691, -0.422245, 0.751647, -0.02546, 0.271777, -0.905638, -0.325532, -0.085023, 0.0, 0.0, 0.0, 1.0],
                [0.831505, 0.011623, 0.555384, -0.050087, -0.491587, -0.4502, 0.745428, -0.021112, 0.258693, -0.892862, -0.368631, -0.087908, 0.0, 0.0, 0.0, 1.0],
                [0.845994, -0.015555, 0.532953, -0.047922, -0.47411, -0.479231, 0.738619, -0.017094, 0.243913, -0.877562, -0.412802, -0.089963, 0.0, 0.0, 0.0, 1.0],
                [0.860839, -0.042036, 0.507122, -0.046707, -0.455638, -0.507384, 0.731408, -0.013622, 0.226555, -0.860706, -0.45593, -0.091187, 0.0, 0.0, 0.0, 1.0],
                [0.876899, -0.066603, 0.47602, -0.046802, -0.433906, -0.535719, 0.724385, -0.011115, 0.206762, -0.841778, -0.498672, -0.091478, 0.0, 0.0, 0.0, 1.0],
                [0.895534, -0.09056, 0.43566, -0.049472, -0.405836, -0.567711, 0.716244, -0.010804, 0.182462, -0.818245, -0.545158, -0.0901, 0.0, 0.0, 0.0, 1.0],
                [0.91739, -0.114119, 0.381251, -0.054906, -0.36855, -0.605062, 0.705746, -0.012561, 0.150138, -0.787972, -0.597138, -0.08666, 0.0, 0.0, 0.0, 1.0],
