{
    "animation": [
        {
            "name": "Root",
            "time": [0.0, 0.0333, 0.2667, 0.3333, 0.3667, 0.4, 0.4333, 0.4667, 0.5, 0.5333, 0.5667, 0.6, 0.6333, 0.6667, 0.7, 0.7333, 0.7667, 0.8, 0.8333, 0.8667, 0.9, 0.9333, 0.9667, 1.0, 1.0333, 1.0667, 1.1, 1.1333, 1.1667, 1.2, 1.2333, 1.2667, 1.3, 1.3333, 1.3667, 1.4, 1.4333, 1.4667, 1.5, 1.5333, 1.5667, 1.6, 1.6333, 1.6667, 1.7, 1.7333, 1.7667, 1.8, 1.8333, 1.8667, 1.9, 1.9333, 1.9667, 2.0, 2.0333, 2.0667, 2.4],
            "transform": [
                [0.999991, -0.003108, 0.002793, -0.02098, 0.002786, -0.002369, -0.999993, 0.028772, 0.003115, 0.999992, -0.002361, 0.429141, 0.0, 0.0, 0.0, 1.0],
                [0.999991, -0.003108, 0.002793, -0.02098, 0.002786, -0.002369, -0.999993, 0.028772, 0.003115, 0.999992, -0.002361, 0.429141, 0.0, 0.0, 0.0, 1.0],
                [0.999997, 0.002154, 3e-06, 0.016744, -4e-06, 0.003261, -0.999994, 0.389454, -0.002154, 0.999992, 0.003261, 0.640386, 0.0, 0.0, 0.0, 1.0],
                [0.999998, 0.001887, 3e-06, 0.074877, -3e-06, 0.003422, -0.999994, 0.585764, -0.001887, 0.999992, 0.003422, 0.701444, 0.0, 0.0, 0.0, 1.0],
                [0.999998, 0.001769, 3e-06, 0.089489, -3e-06, 0.003485, -0.999993, 0.663928, -0.001769, 0.999992, 0.003485, 0.701735, 0.0, 0.0, 0.0, 1.0],
                [0.999998, 0.001598, 3e-06, 0.094628, -3e-06, 0.003566, -0.999993, 0.786816, -0.001598, 0.999992, 0.003566, 0.702027, 0.0, 0.0, 0.0, 1.0],
                [0.999999, 0.00134, 2e-06, 0.090013, -3e-06, 0.003671, -0.999993, 0.952054, -0.00134, 0.999992, 0.003671, 0.702318, 0.0, 0.0, 0.0, 1.0],
                [0.999999, 0.001005, 2e-06, 0.085362, -2e-06, 0.003776, -0.999992, 1.111553, -0.001005, 0.999992, 0.003776, 0.701021, 0.0, 0.0, 0.0, 1.0],
                [0.999999, 0.000661, 1e-06, 0.080709, -1e-06, 0.003852, -0.999992, 1.236009, -0.000661, 0.999992, 0.003852, 0.699725, 0.0, 0.0, 0.0, 1.0],
                [0.999992, -9.6e-05, 0.003822, 0.080638, 0.003822, 0.003907, -0.999984, 1.366893, 8.1e-05, 0.999992, 0.003907, 0.683814, 0.0, 0.0, 0.0, 1.0],
                [0.999993, -0.002366, 0.002785, 0.111963, 0.002793, 0.003111, -0.999991, 1.571575, 0.002357, 0.999992, 0.003117, 0.602002, 0.0, 0.0, 0.0, 1.0],
                [0.999992, -0.002731, 0.002759, 0.006789, 0.002767, 0.002795, -0.999992, 1.622834, 0.002723, 0.999992, 0.002803, 0.49455, 0.0, 0.0, 0.0, 1.0],
                [0.999991, -0.003159, 0.002793, 0.132042, 0.0028, 0.0023, -0.999993, 1.693367, 0.003153, 0.999992, 0.002309, 0.450281, 0.0, 0.0, 0.0, 1.0],
                [0.999991, -0.003141, 0.00279, 0.174816, 0.002797, 0.002326, -0.999993, 1.725407, 0.003134, 0.999992, 0.002334, 0.375379, 0.0, 0.0, 0.0, 1.0],
                [0.999991, -0.003071, 0.002779, 0.200728, 0.002786, 0.002416, -0.999993, 1.729936, 0.003065, 0.999992, 0.002425, 0.335049, 0.0, 0.0, 0.0, 1.0],
                [0.999991, -0.003089, 0.002781, 0.235577, 0.002789, 0.002394, -0.999993, 1.697383, 0.003082, 0.999992, 0.002403, 0.374079, 0.0, 0.0, 0.0, 1.0],
                [0.999991, -0.003129, 0.002788, 0.270375, 0.002795, 0.002342, -0.999993, 1.649731, 0.003122, 0.999992, 0.002351, 0.440707, 0.0, 0.0, 0.0, 1.0],
                [0.999991, -0.003167, 0.002794, 0.300388, 0.002802, 0.002289, -0.999993, 1.604075, 0.003161, 0.999992, 0.002298, 0.507335, 0.0, 0.0, 0.0, 1.0],
                [0.999991, -0.003192, 0.0028, 0.317757, 0.002807, 0.002254, -0.999993, 1.57751, 0.003186, 0.999992, 0.002263, 0.546151, 0.0, 0.0, 0.0, 1.0],
                [0.999991, -0.003201, 0.002802, 0.324519, 0.002809, 0.002241, -0.999993, 1.568056, 0.003194, 0.999992, 0.00225, 0.558598, 0.0, 0.0, 0.0, 1.0],
                [0.999991, -0.00321, 0.002804, 0.32786, 0.002811, 0.002229, -0.999993, 1.562057, 0.003204, 0.999992, 0.002238, 0.565279, 0.0, 0.0, 0.0, 1.0],
                [0.999991, -0.003216, 0.002805, 0.32848, 0.002812, 0.002221, -0.999993, 1.559113, 0.003209, 0.999992, 0.00223, 0.567242, 0.0, 0.0, 0.0, 1.0],
                [0.999991, -0.003221, 0.002806, 0.327076, 0.002813, 0.002213, -0.999993, 1.558812, 0.003215, 0.999992, 0.002222, 0.565539, 0.0, 0.0, 0.0, 1.0],
                [0.999991, -0.00322, 0.002806, 0.324047, 0.002813, 0.002214, -0.999993, 1.560755, 0.003214, 0.999992, 0.002223, 0.56123, 0.0, 0.0, 0.0, 1.0],
                [0.999991, -0.003219, 0.002806, 0.321022, 0.002813, 0.002215, -0.999993, 1.564532, 0.003213, 0.999992, 0.002224, 0.555207, 0.0, 0.0, 0.0, 1.0],
                [0.999991, -0.003211, 0.002804, 0.317999, 0.002811, 0.002228, -0.999993, 1.569743, 0.003205, 0.999992, 0.002237, 0.549184, 0.0, 0.0, 0.0, 1.0],
                [0.999991, -0.003202, 0.002802, 0.314976, 0.002809, 0.00224, -0.999993, 1.575976, 0.003196, 0.999992, 0.002249, 0.543161, 0.0, 0.0, 0.0, 1.0],
                [0.999991, -0.003188, 0.002799, 0.313797, 0.002806, 0.002261, -0.999993, 1.582829, 0.003182, 0.999992, 0.00227, 0.538231, 0.0, 0.0, 0.0, 1.0],
                [0.999991, -0.003173, 0.002796, 0.314902, 0.002803, 0.002281, -0.999993, 1.591219, 0.003167, 0.999992, 0.00229, 0.533301, 0.0, 0.0, 0.0, 1.0],
                [0.999991, -0.003162, 0.002794, 0.317893, 0.002801, 0.002296, -0.999993, 1.602211, 0.003156, 0.999992, 0.002305, 0.52314, 0.0, 0.0, 0.0, 1.0],
                [0.999991, -0.003151, 0.002792, 0.320883, 0.002799, 0.002311, -0.999993, 1.615626, 0.003145, 0.999992, 0.00232, 0.512979, 0.0, 0.0, 0.0, 1.0],
                [0.999991, -0.003131, 0.002788, 0.323877, 0.002795, 0.002338, -0.999993, 1.631285, 0.003124, 0.999992, 0.002347, 0.502818, 0.0, 0.0, 0.0, 1.0],
                [0.999991, -0.003096, 0.002782, 0.324408, 0.00279, 0.002385, -0.999993, 1.649009, 0.003089, 0.999992, 0.002394, 0.495271, 0.0, 0.0, 0.0, 1.0],
                [0.999991, -0.003036, 0.002774, 0.321533, 0.002781, 0.002461, -0.999992, 1.668618, 0.003029, 0.999992, 0.002469, 0.492607, 0.0, 0.0, 0.0, 1.0],
                [0.999991, -0.002941, 0.002766, 0.313952, 0.002773, 0.002574, -0.999992, 1.689934, 0.002934, 0.999992, 0.002582, 0.496968, 0.0, 0.0, 0.0, 1.0],
                [0.999992, -0.002802, 0.00276, 0.301674, 0.002768, 0.002724, -0.999992, 1.713483, 0.002795, 0.999992, 0.002732, 0.50876, 0.0, 0.0, 0.0, 1.0],
                [0.999993, -0.002625, 0.002762, 0.28643, 0.00277, 0.002894, -0.999991, 1.738928, 0.002617, 0.999992, 0.002902, 0.525638, 0.0, 0.0, 0.0, 1.0],
                [0.999993, -0.002409, 0.00278, 0.267722, 0.002787, 0.003077, -0.999991, 1.766225, 0.0024, 0.999992, 0.003084, 0.546528, 0.0, 0.0, 0.0, 1.0],
                [0.999994, -0.002162, 0.002816, 0.249027, 0.002823, 0.003256, -0.99999, 1.7947, 0.002153, 0.999992, 0.003262, 0.570611, 0.0, 0.0, 0.0, 1.0],
                [0.999994, -0.001891, 0.002874, 0.228378, 0.00288, 0.00342, -0.999989, 1.823829, 0.001881, 0.999992, 0.003425, 0.594695, 0.0, 0.0, 0.0, 1.0],
                [0.999994, -0.001609, 0.002952, 0.207739, 0.002958, 0.003561, -0.999989, 1.853093, 0.001598, 0.999992, 0.003566, 0.618778, 0.0, 0.0, 0.0, 1.0],
                [0.999994, -0.001326, 0.003053, 0.187108, 0.003057, 0.003676, -0.999988, 1.881976, 0.001315, 0.999992, 0.00368, 0.641436, 0.0, 0.0, 0.0, 1.0],
                [0.999994, -0.00106, 0.003168, 0.166478, 0.003172, 0.003761, -0.999987, 1.909956, 0.001048, 0.999992, 0.003764, 0.661071, 0.0, 0.0, 0.0, 1.0],
                [0.999994, -0.000823, 0.003291, 0.148693, 0.003294, 0.00382, -0.999987, 1.93652, 0.000811, 0.999992, 0.003823, 0.6763, 0.0, 0.0, 0.0, 1.0],
                [0.999994, -0.000612, 0.003418, 0.130901, 0.00342, 0.00386, -0.999986, 1.96291, 0.000599, 0.999992, 0.003862, 0.686102, 0.0, 0.0, 0.0, 1.0],
                [0.999993, -0.000413, 0.003557, 0.113107, 0.003558, 0.003886, -0.999986, 1.990035, 0.0004, 0.999992, 0.003887, 0.691314, 0.0, 0.0, 0.0, 1.0],
                [0.999993, -0.00023, 0.003702, 0.095307, 0.003703, 0.003901, -0.999985, 2.016873, 0.000215, 0.999992, 0.003902, 0.693355, 0.0, 0.0, 0.0, 1.0],
                [0.999992, -6.4e-05, 0.003852, 0.079148, 0.003852, 0.003908, -0.999984, 2.042408, 4.9e-05, 0.999992, 0.003908, 0.693752, 0.0, 0.0, 0.0, 1.0],
                [1.0, 9.6e-05, 0.0, 0.062985, -0.0, 0.003906, -0.999992, 2.06562, -9.6e-05, 0.999992, 0.003906, 0.694148, 0.0, 0.0, 0.0, 1.0],
                [1.0, 0.000225, 0.0, 0.049216, -0.0, 0.003901, -0.999992, 2.085489, -0.000225, 0.999992, 0.003901, 0.694545, 0.0, 0.0, 0.0, 1.0],
                [1.0, 0.000332, 1e-06, 0.038672, -1e-06, 0.003894, -0.999992, 2.100998, -0.000332, 0.999992, 0.003894, 0.698009, 0.0, 0.0, 0.0, 1.0],
                [1.0, 0.000418, 1e-06, 0.02812, -1e-06, 0.003886, -0.999992, 2.112397, -0.000418, 0.999992, 0.003886, 0.704317, 0.0, 0.0, 0.0, 1.0],
                [1.0, 0.000489, 1e-06, 0.020189, -1e-06, 0.003877, -0.999992, 2.120953, -0.000489, 0.999992, 0.003877, 0.710625, 0.0, 0.0, 0.0, 1.0],
                [1.0, 0.000546, 1e-06, 0.012253, -1e-06, 0.00387, -0.999992, 2.127181, -0.000546, 0.999992, 0.00387, 0.718338, 0.0, 0.0, 0.0, 1.0],
                [1.0, 0.000591, 1e-06, 0.006254, -1e-06, 0.003863, -0.999992, 2.131595, -0.000591, 0.999992, 0.003863, 0.726052, 0.0, 0.0, 0.0, 1.0],
                [1.0, 0.000623, 1e-06, 0.00025, -1e-06, 0.003858, -0.999992, 2.134707, -0.000623, 0.999992, 0.003858, 0.733765, 0.0, 0.0, 0.0, 1.0],
                [1.0, 0.000632, 1e-06, 0.000308, -1e-06, 0.003856, -0.999992, 2.216085, -0.000632, 0.999992, 0.003856, 0.687378, 0.0, 0.0, 0.0, 1.0]
            ]
        },
        {
            "name": "Thigh_R",
            "time": [0.0, 0.0333, 0.2667, 0.3333, 0.3667, 0.4, 0.4333, 0.4667, 0.5, 0.5333, 0.5667, 0.6, 0.6333, 0.6667, 0.7, 0.7333, 0.7667, 0.8, 0.8333, 0.8667, 0.9, 0.9333, 0.9667, 1.0, 1.0333, 1.0667, 1.1, 1.1333, 1.1667, 1.2, 1.2333, 1.2667, 1.3, 1.3333, 1.3667, 1.4, 1.4333, 1.4667, 1.5, 1.5333, 1.5667, 1.6, 1.6333, 1.6667, 1.7, 1.7333, 1.7667, 1.8, 1.8333, 1.8667, 1.9, 1.9333, 1.9667, 2.0, 2.0333, 2.0667, 2.4],
            "transform": [
                [-0.241964, 0.628309, 0.739387, -0.042514, 0.614392, -0.490583, 0.617936, 0.020836, 0.750958, 0.603813, -0.267325, 0.091866, 0.0, 0.0, 0.0, 1.0],
                [-0.262507, 0.644485, 0.718149, -0.067692, 0.617063, -0.460055, 0.638419, 0.016326, 0.741821, 0.610747, -0.276921, 0.087229, 0.0, 0.0, 0.0, 1.0],
                [0.343408, 0.373081, 0.861906, 0.09808, 0.441707, -0.874052, 0.202338, 0.00396, 0.82882, 0.311232, -0.46495, -0.032336, 0.0, 0.0, 0.0, 1.0],
                [0.458038, 0.267003, 0.847885, 0.09808, 0.515597, -0.856793, -0.008737, 0.00396, 0.72411, 0.44118, -0.53011, -0.032336, 0.0, 0.0, 0.0, 1.0],
                [0.509363, 0.275952, 0.815105, 0.09808, 0.506245, -0.862048, -0.024525, 0.00396, 0.695874, 0.425145, -0.578795, -0.032336, 0.0, 0.0, 0.0, 1.0],
                [0.598121, 0.309043, 0.739417, 0.09808, 0.482548, -0.875536, -0.02442, 0.00396, 0.639823, 0.371419, -0.672806, -0.032336, 0.0, 0.0, 0.0, 1.0],
                [0.740718, 0.339102, 0.579945, 0.09808, 0.419017, -0.907976, -0.004296, 0.00396, 0.525106, 0.246195, -0.814645, -0.032336, 0.0, 0.0, 0.0, 1.0],
                [0.882021, 0.307553, 0.356975, 0.09808, 0.294538, -0.951235, 0.091752, 0.00396, 0.367776, 0.024217, -0.929598, -0.032336, 0.0, 0.0, 0.0, 1.0],
                [0.962204, 0.22309, 0.156115, 0.09808, 0.16769, -0.937246, 0.305731, 0.00396, 0.214517, -0.268003, -0.939233, -0.032336, 0.0, 0.0, 0.0, 1.0],
                [0.991183, 0.022423, -0.130492, 0.09808, 0.085712, -0.859853, 0.503313, 0.00396, -0.100915, -0.510073, -0.854195, -0.032336, 0.0, 0.0, 0.0, 1.0],
                [0.64883, -0.044294, -0.759637, 0.09808, 0.499162, -0.728714, 0.468849, 0.00396, -0.574312, -0.683401, -0.450702, -0.032336, 0.0, 0.0, 0.0, 1.0],
                [0.517838, 0.040034, -0.854538, 0.09808, 0.655034, -0.661049, 0.365984, 0.00396, -0.550226, -0.74929, -0.36854, -0.032336, 0.0, 0.0, 0.0, 1.0],
                [0.332464, -0.269054, -0.903924, 0.09808, 0.598473, -0.680562, 0.42269, 0.00396, -0.728885, -0.681519, -0.065241, -0.032336, 0.0, 0.0, 0.0, 1.0],
                [0.347252, -0.397443, -0.849386, 0.09808, 0.631686, -0.570296, 0.525102, 0.00396, -0.693084, -0.718905, 0.053023, -0.032336, 0.0, 0.0, 0.0, 1.0],
                [0.38888, -0.452484, -0.802516, 0.09808, 0.656364, -0.475186, 0.585985, 0.00396, -0.646478, -0.754639, 0.112204, -0.032336, 0.0, 0.0, 0.0, 1.0],
                [0.383401, -0.495375, -0.779494, 0.09808, 0.639811, -0.466205, 0.610975, 0.00396, -0.66605, -0.732994, 0.138203, -0.032336, 0.0, 0.0, 0.0, 1.0],
                [0.374185, -0.502811, -0.779211, 0.09808, 0.61751, -0.491776, 0.613868, 0.00396, -0.691841, -0.710887, 0.126476, -0.032336, 0.0, 0.0, 0.0, 1.0],
                [0.368449, -0.474287, -0.799562, 0.09808, 0.601354, -0.5343, 0.59405, 0.00396, -0.708939, -0.699713, 0.088352, -0.032336, 0.0, 0.0, 0.0, 1.0],
                [0.368891, -0.445627, -0.815683, 0.09808, 0.594121, -0.56184, 0.575636, 0.00396, -0.714784, -0.696978, 0.057498, -0.032336, 0.0, 0.0, 0.0, 1.0],
                [0.375096, -0.433134, -0.819573, 0.09808, 0.591805, -0.568611, 0.571356, 0.00396, -0.713475, -0.699356, 0.043046, -0.032336, 0.0, 0.0, 0.0, 1.0],
                [0.381118, -0.420532, -0.823349, 0.09808, 0.589579, -0.575429, 0.566814, 0.00396, -0.712125, -0.701468, 0.02863, -0.032336, 0.0, 0.0, 0.0, 1.0],
                [0.386781, -0.412138, -0.82495, 0.09808, 0.590755, -0.576173, 0.564829, 0.00396, -0.708086, -0.705825, 0.020619, -0.032337, 0.0, 0.0, 0.0, 1.0],
                [0.391672, -0.411622, -0.822898, 0.09808, 0.58952, -0.574403, 0.567914, 0.00396, -0.706425, -0.707567, 0.017681, -0.032336, 0.0, 0.0, 0.0, 1.0],
                [0.396799, -0.413692, -0.819396, 0.09808, 0.590524, -0.568368, 0.572921, 0.00396, -0.702716, -0.711223, 0.018767, -0.032336, 0.0, 0.0, 0.0, 1.0],
                [0.401581, -0.417146, -0.815305, 0.09808, 0.590222, -0.562821, 0.57868, 0.00396, -0.700248, -0.713615, 0.02019, -0.032337, 0.0, 0.0, 0.0, 1.0],
                [0.407264, -0.42267, -0.809622, 0.09808, 0.589223, -0.555714, 0.586513, 0.00396, -0.697803, -0.715929, 0.022724, -0.032336, 0.0, 0.0, 0.0, 1.0],
                [0.412915, -0.43163, -0.801996, 0.09808, 0.586362, -0.547813, 0.596724, 0.00396, -0.696892, -0.716672, 0.026891, -0.032336, 0.0, 0.0, 0.0, 1.0],
                [0.420948, -0.440733, -0.792817, 0.09808, 0.580682, -0.540528, 0.608799, 0.00396, -0.696841, -0.716664, 0.028391, -0.032336, 0.0, 0.0, 0.0, 1.0],
                [0.423915, -0.455029, -0.7831, 0.09808, 0.573084, -0.53477, 0.620962, 0.00396, -0.701318, -0.712034, 0.034072, -0.032336, 0.0, 0.0, 0.0, 1.0],
                [0.41036, -0.480367, -0.775147, 0.09808, 0.567692, -0.530657, 0.629387, 0.00396, -0.713658, -0.698336, 0.05494, -0.032336, 0.0, 0.0, 0.0, 1.0],
                [0.403983, -0.506038, -0.762054, 0.09808, 0.558107, -0.5237, 0.643625, 0.00396, -0.72477, -0.685337, 0.070858, -0.032336, 0.0, 0.0, 0.0, 1.0],
                [0.401407, -0.529642, -0.747232, 0.09808, 0.543964, -0.518511, 0.659734, 0.00396, -0.736853, -0.671304, 0.079972, -0.032336, 0.0, 0.0, 0.0, 1.0],
                [0.409625, -0.547459, -0.729726, 0.09808, 0.523976, -0.51361, 0.679451, 0.00396, -0.746747, -0.660695, 0.076468, -0.032336, 0.0, 0.0, 0.0, 1.0],
                [0.435859, -0.554183, -0.709162, 0.09808, 0.49552, -0.510008, 0.703102, 0.00396, -0.751307, -0.657873, 0.052317, -0.032336, 0.0, 0.0, 0.0, 1.0],
                [0.491978, -0.541985, -0.681331, 0.09808, 0.454571, -0.507531, 0.731969, 0.00396, -0.742495, -0.669842, -0.003324, -0.032336, 0.0, 0.0, 0.0, 1.0],
                [0.560739, -0.512684, -0.650174, 0.09808, 0.407057, -0.513106, 0.755664, 0.00396, -0.721008, -0.688405, -0.079027, -0.032336, 0.0, 0.0, 0.0, 1.0],
                [0.641912, -0.463264, -0.611008, 0.09808, 0.351564, -0.530346, 0.771453, 0.00396, -0.681416, -0.71003, -0.177569, -0.032336, 0.0, 0.0, 0.0, 1.0],
                [0.726552, -0.395674, -0.561743, 0.09808, 0.294824, -0.558944, 0.775026, 0.00396, -0.620625, -0.72873, -0.289449, -0.032336, 0.0, 0.0, 0.0, 1.0],
                [0.807904, -0.315418, -0.497784, 0.09808, 0.242542, -0.591869, 0.768682, 0.00396, -0.537066, -0.741772, -0.401672, -0.032336, 0.0, 0.0, 0.0, 1.0],
                [0.878949, -0.224668, -0.420659, 0.09808, 0.198481, -0.629721, 0.751043, 0.00396, -0.433623, -0.74364, -0.508901, -0.032336, 0.0, 0.0, 0.0, 1.0],
                [0.934186, -0.134288, -0.330519, 0.09808, 0.165304, -0.65807, 0.734595, 0.00396, -0.316143, -0.740902, -0.592562, -0.032336, 0.0, 0.0, 0.0, 1.0],
                [0.965645, -0.056218, -0.253667, 0.09808, 0.145125, -0.693118, 0.706072, 0.00396, -0.21551, -0.718645, -0.661148, -0.032336, 0.0, 0.0, 0.0, 1.0],
                [0.979456, 0.001466, -0.201594, 0.09808, 0.13747, -0.73629, 0.662566, 0.00396, -0.147457, -0.676683, -0.721365, -0.032337, 0.0, 0.0, 0.0, 1.0],
                [0.98432, 0.044034, -0.170736, 0.09808, 0.140399, -0.781522, 0.607886, 0.00396, -0.106663, -0.62234, -0.775451, -0.032336, 0.0, 0.0, 0.0, 1.0],
                [0.985824, 0.080996, -0.146863, 0.09808, 0.149245, -0.823153, 0.547868, 0.00396, -0.076513, -0.562032, -0.823573, -0.032336, 0.0, 0.0, 0.0, 1.0],
                [0.986097, 0.120646, -0.114168, 0.09808, 0.161608, -0.855641, 0.49171, 0.00396, -0.038363, -0.503336, -0.863243, -0.032336, 0.0, 0.0, 0.0, 1.0],
                [0.984001, 0.167171, -0.061419, 0.09808, 0.17682, -0.875885, 0.448973, 0.00396, 0.021258, -0.452661, -0.891433, -0.032337, 0.0, 0.0, 0.0, 1.0],
                [0.976233, 0.216584, 0.006312, 0.09808, 0.194042, -0.886884, 0.419286, 0.00396, 0.096407, -0.408105, -0.907833, -0.032336, 0.0, 0.0, 0.0, 1.0],
                [0.962006, 0.262484, 0.075004, 0.09808, 0.212595, -0.892731, 0.397307, 0.00396, 0.171241, -0.366275, -0.914616, -0.032336, 0.0, 0.0, 0.0, 1.0],
                [0.943411, 0.299159, 0.143041, 0.09808, 0.226306, -0.896183, 0.381652, 0.00396, 0.24236, -0.327691, -0.913172, -0.032337, 0.0, 0.0, 0.0, 1.0],
                [0.921353, 0.328175, 0.208304, 0.09808, 0.236601, -0.8987, 0.369292, 0.00396, 0.308387, -0.29097, -0.905668, -0.032336, 0.0, 0.0, 0.0, 1.0],
                [0.898035, 0.347004, 0.270377, 0.09808, 0.240883, -0.90221, 0.357785, 0.00396, 0.36808, -0.25618, -0.893806, -0.032337, 0.0, 0.0, 0.0, 1.0],
                [0.874972, 0.356408, 0.327691, 0.09808, 0.240335, -0.907301, 0.345053, 0.00396, 0.420284, -0.223161, -0.879522, -0.032336, 0.0, 0.0, 0.0, 1.0],
                [0.852126, 0.361624, 0.378278, 0.09808, 0.240072, -0.912434, 0.331433, 0.00396, 0.464996, -0.191613, -0.864326, -0.032336, 0.0, 0.0, 0.0, 1.0],
                [0.832102, 0.358851, 0.422868, 0.09808, 0.237818, -0.919689, 0.312463, 0.00396, 0.501022, -0.159439, -0.850618, -0.032336, 0.0, 0.0, 0.0, 1.0],
                [0.81547, 0.349813, 0.461113, 0.09808, 0.233804, -0.927904, 0.29043, 0.00396, 0.529451, -0.12903, -0.838467, -0.032337, 0.0, 0.0, 0.0, 1.0],
                [0.860512, 0.267303, 0.433663, 0.096232, 0.232827, -0.963534, 0.131904, 0.058663, 0.453105, -0.012536, -0.891368, 0.031335, 0.0, 0.0, 0.0, 1.0]
            ]
        },
        {
            "name": "Leg_R",
            "time": [0.0, 0.0333, 0.2667, 0.3333, 0.3667, 0.4, 0.4333, 0.4667, 0.5, 0.5333, 0.5667, 0.6, 0.6333, 0.6667, 0.7, 0.7333, 0.7667, 0.8, 0.8333, 0.8667, 0.9, 0.9333, 0.9667, 1.0, 1.0333, 1.0667, 1.1, 1.1333, 1.1667, 1.2, 1.2333, 1.2667, 1.3, 1.3333, 1.3667, 1.4, 1.4333, 1.4667, 1.5, 1.5333, 1.5667, 1.6, 1.6333, 1.6667, 1.7, 1.7333, 1.7667, 1.8, 1.8333, 1.8667, 1.9, 1.9333, 1.9667, 2.0, 2.0333, 2.0667, 2.4],
            "transform": [
                [0.999992, 0.001758, -0.000852, -0.0, -0.000851, 0.784621, 0.619983, 0.37472, 0.001758, -0.619984, 0.784616, 0.0, 0.0, 0.0, 0.0, 1.0],
                [0.999992, 0.001758, -0.000852, 0.0, -0.000851, 0.784621, 0.619983, 0.37472, 0.001758, -0.619984, 0.784616, -0.0, 0.0, 0.0, 0.0, 1.0],
                [0.999997, -0.001644, 0.001057, 0.0, 0.001055, 0.909145, 0.416476, 0.37472, -0.001646, -0.416472, 0.90915, 0.0, 0.0, 0.0, 0.0, 1.0],
                [0.999996, -0.001563, 0.001173, 0.0, 0.001172, 0.959879, 0.280403, 0.37472, -0.001565, -0.280399, 0.959886, 0.0, 0.0, 0.0, 0.0, 1.0],
                [0.999996, -0.001618, 0.001097, -0.0, 0.001095, 0.92833, 0.371754, 0.37472, -0.00162, -0.37175, 0.928335, -0.0, 0.0, 0.0, 0.0, 1.0],
                [0.999996, -0.001708, 0.000952, 0.0, 0.00095, 0.849924, 0.526906, 0.37472, -0.001708, -0.526902, 0.849926, 0.0, 0.0, 0.0, 0.0, 1.0],
                [0.999996, -0.001812, 0.000735, 0.0, 0.000733, 0.695806, 0.718231, 0.37472, -0.001812, -0.71823, 0.695805, 0.0, 0.0, 0.0, 0.0, 1.0],
                [0.999996, -0.001903, 0.000449, 0.0, 0.000449, 0.447171, 0.894447, 0.37472, -0.001903, -0.894453, 0.447167, -0.0, 0.0, 0.0, 0.0, 1.0],
                [0.999997, -0.001949, 0.00016, -0.0, 0.00016, 0.16278, 0.986656, 0.37472, -0.001949, -0.986669, 0.162778, 0.0, 0.0, 0.0, 0.0, 1.0],
                [0.999996, -0.001955, -3.3e-05, -0.0, -3.3e-05, -0.033901, 0.999419, 0.37472, -0.001955, -0.999432, -0.033901, 0.0, 0.0, 0.0, 0.0, 1.0],
                [0.999996, -0.001848, 0.000639, -0.0, 0.000637, 0.616894, 0.787047, 0.37472, -0.001849, -0.787048, 0.616892, -0.0, 0.0, 0.0, 0.0, 1.0],
                [0.999996, -0.001917, 0.000379, -0.0, 0.000378, 0.379854, 0.925043, 0.37472, -0.001918, -0.925052, 0.37985, 0.0, 0.0, 0.0, 0.0, 1.0],
                [0.999996, -0.001955, 2.2e-05, -0.0, 2.1e-05, 0.022343, 0.999745, 0.37472, -0.001955, -0.999756, 0.022342, 0.0, 0.0, 0.0, 0.0, 1.0],
                [0.999996, -0.00194, -0.000246, -0.0, -0.000246, -0.249791, 0.968296, 0.37472, -0.00194, -0.968305, -0.249789, 0.0, 0.0, 0.0, 0.0, 1.0],
                [0.999997, -0.001921, -0.000362, 0.0, -0.000364, -0.365149, 0.930947, 0.37472, -0.00192, -0.930953, -0.365145, 0.0, 0.0, 0.0, 0.0, 1.0],
                [0.999997, -0.001936, -0.000265, -0.0, -0.000264, -0.268294, 0.963334, 0.37472, -0.001936, -0.963341, -0.268291, -0.0, 0.0, 0.0, 0.0, 1.0],
                [0.999996, -0.001954, -6.5e-05, -0.0, -6.6e-05, -0.067221, 0.997733, 0.37472, -0.001954, -0.997744, -0.06722, 0.0, 0.0, 0.0, 0.0, 1.0],
                [0.999996, -0.001947, 0.000174, 0.0, 0.000172, 0.176134, 0.984362, 0.37472, -0.001947, -0.984372, 0.176132, 0.0, 0.0, 0.0, 0.0, 1.0],
                [0.999997, -0.001927, 0.000326, -0.0, 0.000325, 0.328832, 0.944385, 0.37472, -0.001927, -0.944393, 0.328829, -0.0, 0.0, 0.0, 0.0, 1.0],
                [0.999997, -0.001916, 0.000383, -0.0, 0.00038, 0.382926, 0.923777, 0.37472, -0.001917, -0.923782, 0.382923, 0.0, 0.0, 0.0, 0.0, 1.0],
                [0.999997, -0.001909, 0.000417, -0.0, 0.000415, 0.416234, 0.909256, 0.37472, -0.001909, -0.909261, 0.416231, -0.0, 0.0, 0.0, 0.0, 1.0],
                [0.999997, -0.001906, 0.000432, -0.0, 0.00043, 0.430332, 0.902669, 0.37472, -0.001907, -0.902674, 0.430329, 0.0, 0.0, 0.0, 0.0, 1.0],
                [0.999997, -0.001907, 0.000429, -0.0, 0.000426, 0.426639, 0.90442, 0.37472, -0.001908, -0.904425, 0.426636, 0.0, 0.0, 0.0, 0.0, 1.0],
                [0.999997, -0.001911, 0.000411, 0.0, 0.000409, 0.410247, 0.911972, 0.37472, -0.001911, -0.911977, 0.410244, 0.0, 0.0, 0.0, 0.0, 1.0],
                [0.999997, -0.001916, 0.000386, 0.0, 0.000383, 0.385993, 0.922499, 0.37472, -0.001916, -0.922506, 0.38599, 0.0, 0.0, 0.0, 0.0, 1.0],
                [0.999997, -0.001922, 0.000356, 0.0, 0.000353, 0.356788, 0.934183, 0.37472, -0.001922, -0.934189, 0.356785, -0.0, 0.0, 0.0, 0.0, 1.0],
                [0.999997, -0.001927, 0.000325, 0.0, 0.000323, 0.32723, 0.944942, 0.37472, -0.001928, -0.944948, 0.327227, 0.0, 0.0, 0.0, 0.0, 1.0],
                [0.999996, -0.001932, 0.000297, 0.0, 0.000295, 0.299707, 0.954028, 0.37472, -0.001932, -0.954037, 0.299703, 0.0, 0.0, 0.0, 0.0, 1.0],
                [0.999996, -0.001936, 0.000265, 0.0, 0.000263, 0.267457, 0.963566, 0.37472, -0.001936, -0.963574, 0.267454, -0.0, 0.0, 0.0, 0.0, 1.0],
                [0.999997, -0.001943, 0.00022, -0.0, 0.000218, 0.222464, 0.974937, 0.37472, -0.001943, -0.974945, 0.222462, 0.0, 0.0, 0.0, 0.0, 1.0],
                [0.999996, -0.001948, 0.000168, -0.0, 0.000167, 0.17067, 0.985324, 0.37472, -0.001948, -0.985334, 0.170668, -0.0, 0.0, 0.0, 0.0, 1.0],
                [0.999997, -0.001951, 0.000117, -0.0, 0.000115, 0.118399, 0.992961, 0.37472, -0.001951, -0.992971, 0.118398, -0.0, 0.0, 0.0, 0.0, 1.0],
                [0.999996, -0.001954, 7.1e-05, 0.0, 6.9e-05, 0.071933, 0.997404, 0.37472, -0.001954, -0.997416, 0.071932, 0.0, 0.0, 0.0, 0.0, 1.0],
                [0.999995, -0.001955, 3.5e-05, 0.0, 3.4e-05, 0.034861, 0.999387, 0.37472, -0.001955, -0.999398, 0.03486, 0.0, 0.0, 0.0, 0.0, 1.0],
                [0.999996, -0.001955, 1.5e-05, -0.0, 1.4e-05, 0.014599, 0.999888, 0.37472, -0.001955, -0.9999, 0.014599, -0.0, 0.0, 0.0, 0.0, 1.0],
                [0.999995, -0.001955, 1.4e-05, 0.0, 1.3e-05, 0.013686, 0.999901, 0.37472, -0.001955, -0.999913, 0.013686, 0.0, 0.0, 0.0, 0.0, 1.0],
                [0.999996, -0.001955, 3.3e-05, -0.0, 3.2e-05, 0.03294, 0.999452, 0.37472, -0.001955, -0.999463, 0.03294, 0.0, 0.0, 0.0, 0.0, 1.0],
                [0.999996, -0.001954, 7.1e-05, -0.0, 7e-05, 0.071933, 0.997404, 0.37472, -0.001954, -0.997415, 0.071932, 0.0, 0.0, 0.0, 0.0, 1.0],
                [0.999995, -0.001951, 0.000122, -0.0, 0.000121, 0.123894, 0.99229, 0.37472, -0.001951, -0.992302, 0.123892, -0.0, 0.0, 0.0, 0.0, 1.0],
                [0.999996, -0.001947, 0.000187, -0.0, 0.000185, 0.189383, 0.981899, 0.37472, -0.001947, -0.98191, 0.189381, 0.0, 0.0, 0.0, 0.0, 1.0],
                [0.999997, -0.00194, 0.000245, 0.0, 0.000244, 0.248098, 0.968731, 0.37472, -0.00194, -0.96874, 0.248095, -0.0, 0.0, 0.0, 0.0, 1.0],
                [0.999997, -0.001934, 0.000298, 0.0, 0.000295, 0.299523, 0.954085, 0.37472, -0.001935, -0.954094, 0.29952, 0.0, 0.0, 0.0, 0.0, 1.0],
                [0.999995, -0.001925, 0.000348, 0.0, 0.000348, 0.350129, 0.936698, 0.37472, -0.001926, -0.936707, 0.350125, -0.0, 0.0, 0.0, 0.0, 1.0],
                [0.999997, -0.001914, 0.0004, 0.0, 0.000399, 0.399696, 0.916645, 0.37472, -0.001915, -0.916651, 0.399693, 0.0, 0.0, 0.0, 0.0, 1.0],
                [0.999996, -0.001904, 0.000447, 0.0, 0.000445, 0.444258, 0.895898, 0.37472, -0.001904, -0.895903, 0.444254, 0.0, 0.0, 0.0, 0.0, 1.0],
                [0.999996, -0.001894, 0.000488, -0.0, 0.000487, 0.482894, 0.875677, 0.37472, -0.001894, -0.875683, 0.48289, -0.0, 0.0, 0.0, 0.0, 1.0],
                [0.999996, -0.001884, 0.000524, -0.0, 0.000522, 0.515389, 0.856956, 0.37472, -0.001884, -0.85696, 0.515385, -0.0, 0.0, 0.0, 0.0, 1.0],
                [0.999996, -0.001876, 0.000553, 0.0, 0.000552, 0.541988, 0.840386, 0.37472, -0.001876, -0.840389, 0.541984, -0.0, 0.0, 0.0, 0.0, 1.0],
                [0.999997, -0.001867, 0.000583, 0.0, 0.000581, 0.568062, 0.822985, 0.37472, -0.001868, -0.822988, 0.568059, -0.0, 0.0, 0.0, 0.0, 1.0],
                [0.999997, -0.001857, 0.000612, 0.0, 0.00061, 0.59357, 0.804782, 0.37472, -0.001858, -0.804783, 0.593568, -0.0, 0.0, 0.0, 0.0, 1.0],
                [0.999996, -0.001845, 0.000646, -0.0, 0.000645, 0.62352, 0.781808, 0.37472, -0.001846, -0.78181, 0.623517, 0.0, 0.0, 0.0, 0.0, 1.0],
                [0.999996, -0.00183, 0.000689, -0.0, 0.000687, 0.65863, 0.752468, 0.37472, -0.001831, -0.752469, 0.658628, 0.0, 0.0, 0.0, 0.0, 1.0],
                [0.999996, -0.001811, 0.000735, 0.0, 0.000733, 0.695807, 0.71823, 0.37472, -0.001812, -0.71823, 0.695805, -0.0, 0.0, 0.0, 0.0, 1.0],
                [0.999996, -0.00179, 0.000785, -0.0, 0.000783, 0.734879, 0.6782, 0.37472, -0.001791, -0.678199, 0.734878, 0.0, 0.0, 0.0, 0.0, 1.0],
                [0.999996, -0.001766, 0.000839, 0.0, 0.000837, 0.774526, 0.632543, 0.37472, -0.001767, -0.632542, 0.774526, -0.0, 0.0, 0.0, 0.0, 1.0],
                [0.999996, -0.001738, 0.000897, -0.0, 0.000896, 0.814775, 0.579779, 0.37472, -0.001739, -0.579776, 0.814776, 0.0, 0.0, 0.0, 0.0, 1.0],
                [0.999995, -0.001635, 0.001071, -0.0, 0.001069, 0.91608, 0.400996, 0.37472, -0.001637, -0.400993, 0.916082, -0.0, 0.0, 0.0, 0.0, 1.0]
            ]
        },
        {
            "name": "Knee_R",
            "time": [0.0, 0.2667, 2.0667, 2.4],
            "transform": [
                [1.0, 0.0, -0.0, -0.0, -0.0, 1e-06, -1.0, 0.37472, -0.0, 1.0, 1e-06, 0.0, 0.0, 0.0, 0.0, 1.0],
                [1.0, 0.0, -0.0, 0.0, -0.0, 1e-06, -1.0, 0.37472, -0.0, 1.0, 1e-06, 0.0, 0.0, 0.0, 0.0, 1.0],
                [1.0, 0.0, -0.0, -0.0, -0.0, 1e-06, -1.0, 0.37472, -0.0, 1.0, 1e-06, 0.0, 0.0, 0.0, 0.0, 1.0],
                [1.0, 0.0, -0.0, -0.0, -0.0, 1e-06, -1.0, 0.37472, -0.0, 1.0, 1e-06, -0.0, 0.0, 0.0, 0.0, 1.0]
            ]
        },
        {
            "name": "Thigh_L",
            "time": [0.0, 0.0333, 0.2667, 0.3333, 0.3667, 0.4, 0.4333, 0.4667, 0.5, 0.5333, 0.5667, 0.6, 0.6333, 0.6667, 0.7, 0.7333, 0.7667, 0.8, 0.8333, 0.8667, 0.9, 0.9333, 0.9667, 1.0, 1.0333, 1.0667, 1.1, 1.1333, 1.1667, 1.2, 1.2333, 1.2667, 1.3, 1.3333, 1.3667, 1.4, 1.4333, 1.4667, 1.5, 1.5333, 1.5667, 1.6, 1.6333, 1.6667, 1.7, 1.7333, 1.7667, 1.8, 1.8333, 1.8667, 1.9, 1.9333, 1.9667, 2.0, 2.0333, 2.0667, 2.4],
            "transform": [
                [0.211896, 0.321235, 0.92299, -0.033586, -0.529401, -0.756133, 0.384703, -0.018117, 0.821482, -0.570148, 0.009841, -0.09605, 0.0, 0.0, 0.0, 1.0],
                [0.237386, 0.325977, 0.91509, -0.03109, -0.513748, -0.757364, 0.403066, -0.013186, 0.824443, -0.565809, -0.012318, -0.094592, 0.0, 0.0, 0.0, 1.0],
                [0.970606, -0.097467, 0.220046, -0.040177, -0.179014, -0.903493, 0.389432, -0.014995, 0.160852, -0.417376, -0.894386, -0.094037, 0.0, 0.0, 0.0, 1.0],
                [0.982331, -0.069186, 0.173881, -0.05468, -0.165425, -0.755452, 0.633979, -0.014312, 0.087496, -0.651543, -0.753551, -0.086531, 0.0, 0.0, 0.0, 1.0],
                [0.991485, -0.117512, 0.056066, -0.060492, -0.126668, -0.770947, 0.624178, -0.013923, -0.030125, -0.625966, -0.77927, -0.08264, 0.0, 0.0, 0.0, 1.0],
                [0.983473, -0.16709, -0.069698, -0.06826, -0.100478, -0.824001, 0.557609, -0.012675, -0.150602, -0.541391, -0.827174, -0.076568, 0.0, 0.0, 0.0, 1.0],
                [0.986631, -0.091398, -0.134919, -0.07862, -0.054413, -0.965166, 0.255917, -0.010893, -0.153609, -0.245154, -0.957239, -0.066206, 0.0, 0.0, 0.0, 1.0],
                [0.971132, -0.038547, -0.235402, -0.089333, -0.052763, -0.997125, -0.05439, -0.009825, -0.232628, 0.065241, -0.970377, -0.051051, 0.0, 0.0, 0.0, 1.0],
                [0.954384, 0.037058, -0.296267, -0.097084, -0.065562, -0.942039, -0.329036, -0.008943, -0.291287, 0.333451, -0.896641, -0.034324, 0.0, 0.0, 0.0, 1.0],
                [0.885579, 0.075649, -0.458285, -0.102703, -0.158128, -0.878611, -0.450598, -0.010771, -0.43674, 0.471508, -0.76612, 0.004432, 0.0, 0.0, 0.0, 1.0],
                [0.118109, -0.30092, -0.946309, -0.028135, -0.57211, -0.799537, 0.182842, -0.00434, -0.811626, 0.519798, -0.266592, 0.099354, 0.0, 0.0, 0.0, 1.0],
                [-0.019973, -0.398479, -0.916962, -0.002977, -0.609451, -0.722194, 0.327115, 0.018124, -0.79257, 0.565378, -0.22843, 0.101704, 0.0, 0.0, 0.0, 1.0],
                [-0.232612, -0.577459, -0.782583, 0.030856, -0.609675, -0.540346, 0.579933, 0.024719, -0.757749, 0.612023, -0.226372, 0.095484, 0.0, 0.0, 0.0, 1.0],
                [-0.203975, -0.694969, -0.689504, 0.029278, -0.655531, -0.426141, 0.623444, 0.02566, -0.727094, 0.579161, -0.368653, 0.095733, 0.0, 0.0, 0.0, 1.0],
                [-0.175333, -0.76636, -0.618023, 0.02293, -0.676943, -0.361958, 0.640885, 0.02731, -0.714844, 0.530736, -0.45532, 0.096999, 0.0, 0.0, 0.0, 1.0],
                [-0.174046, -0.782099, -0.598358, 0.024049, -0.60565, -0.394099, 0.691284, 0.032098, -0.776461, 0.482712, -0.405088, 0.095246, 0.0, 0.0, 0.0, 1.0],
                [-0.158305, -0.764585, -0.624781, 0.026558, -0.50705, -0.480006, 0.715888, 0.037771, -0.847252, 0.430125, -0.311697, 0.092458, 0.0, 0.0, 0.0, 1.0],
                [-0.145053, -0.71689, -0.681932, 0.029142, -0.41813, -0.580237, 0.698923, 0.042812, -0.896729, 0.386517, -0.215589, 0.089432, 0.0, 0.0, 0.0, 1.0],
                [-0.143373, -0.671831, -0.726698, 0.030662, -0.367147, -0.64578, 0.669458, 0.045629, -0.919044, 0.362789, -0.154074, 0.08751, 0.0, 0.0, 0.0, 1.0],
                [-0.150215, -0.65328, -0.742067, 0.031207, -0.346141, -0.668325, 0.65843, 0.046568, -0.926076, 0.355767, -0.125735, 0.086821, 0.0, 0.0, 0.0, 1.0],
                [-0.161801, -0.642388, -0.749106, 0.031753, -0.333388, -0.678892, 0.654186, 0.047495, -0.9288, 0.355591, -0.10432, 0.086118, 0.0, 0.0, 0.0, 1.0],
                [-0.174668, -0.639428, -0.748749, 0.032092, -0.322969, -0.681159, 0.65705, 0.047897, -0.93015, 0.356589, -0.08754, 0.085768, 0.0, 0.0, 0.0, 1.0],
                [-0.190838, -0.641991, -0.742583, 0.032432, -0.320394, -0.674319, 0.665314, 0.048297, -0.92786, 0.364888, -0.077005, 0.085416, 0.0, 0.0, 0.0, 1.0],
                [-0.206236, -0.648826, -0.732457, 0.032524, -0.319952, -0.662687, 0.67711, 0.048258, -0.924712, 0.373997, -0.070924, 0.085403, 0.0, 0.0, 0.0, 1.0],
                [-0.221664, -0.657738, -0.719894, 0.032394, -0.321878, -0.647525, 0.690729, 0.047909, -0.920466, 0.384828, -0.068179, 0.085648, 0.0, 0.0, 0.0, 1.0],
                [-0.234595, -0.665803, -0.70829, 0.031998, -0.327069, -0.632081, 0.702496, 0.047282, -0.915417, 0.396462, -0.069481, 0.086144, 0.0, 0.0, 0.0, 1.0],
                [-0.246053, -0.672855, -0.697657, 0.031348, -0.33354, -0.617046, 0.712746, 0.046297, -0.910058, 0.408071, -0.072598, 0.086915, 0.0, 0.0, 0.0, 1.0],
                [-0.254448, -0.677163, -0.690441, 0.03041, -0.340257, -0.605604, 0.719354, 0.044967, -0.90525, 0.417966, -0.076315, 0.08794, 0.0, 0.0, 0.0, 1.0],
                [-0.264726, -0.685578, -0.678163, 0.029632, -0.347865, -0.588009, 0.730231, 0.042569, -0.899392, 0.429221, -0.082828, 0.089388, 0.0, 0.0, 0.0, 1.0],
                [-0.285165, -0.694181, -0.660904, 0.029803, -0.356971, -0.563008, 0.745382, 0.038702, -0.889522, 0.448481, -0.087252, 0.091073, 0.0, 0.0, 0.0, 1.0],
                [-0.301718, -0.709511, -0.636838, 0.029359, -0.367195, -0.529958, 0.764404, 0.033882, -0.879846, 0.46448, -0.100632, 0.093115, 0.0, 0.0, 0.0, 1.0],
                [-0.315638, -0.720322, -0.617665, 0.028184, -0.382495, -0.499124, 0.777543, 0.028849, -0.86837, 0.481677, -0.117978, 0.095152, 0.0, 0.0, 0.0, 1.0],
                [-0.322055, -0.723842, -0.610193, 0.025693, -0.404022, -0.477809, 0.780042, 0.024178, -0.856179, 0.497749, -0.138568, 0.097138, 0.0, 0.0, 0.0, 1.0],
                [-0.31057, -0.718906, -0.621871, 0.020997, -0.434499, -0.474507, 0.765542, 0.020497, -0.84543, 0.507958, -0.164997, 0.099093, 0.0, 0.0, 0.0, 1.0],
                [-0.269959, -0.706541, -0.65416, 0.012928, -0.474678, -0.493435, 0.728837, 0.018344, -0.837733, 0.507273, -0.202173, 0.100882, 0.0, 0.0, 0.0, 1.0],
                [-0.195752, -0.691619, -0.695232, 0.002346, -0.511712, -0.532738, 0.674049, 0.017498, -0.836556, 0.487707, -0.249626, 0.10183, 0.0, 0.0, 0.0, 1.0],
                [-0.094759, -0.655255, -0.749443, -0.010545, -0.553791, -0.590894, 0.586652, 0.017171, -0.827243, 0.470627, -0.306883, 0.101367, 0.0, 0.0, 0.0, 1.0],
                [0.033571, -0.660392, -0.750172, -0.025022, -0.569959, -0.629226, 0.528414, 0.017025, -0.820984, 0.409829, -0.397521, 0.098822, 0.0, 0.0, 0.0, 1.0],
                [0.179455, -0.654657, -0.734318, -0.040133, -0.570229, -0.677471, 0.46462, 0.016656, -0.801641, 0.335352, -0.494882, 0.093776, 0.0, 0.0, 0.0, 1.0],
                [0.331149, -0.643237, -0.690355, -0.054785, -0.54107, -0.728845, 0.419558, 0.015871, -0.773032, 0.234595, -0.589394, 0.086192, 0.0, 0.0, 0.0, 1.0],
                [0.47521, -0.6118, -0.632358, -0.068153, -0.473352, -0.783593, 0.402395, 0.014611, -0.741693, 0.108106, -0.661969, 0.076317, 0.0, 0.0, 0.0, 1.0],
                [0.603401, -0.543719, -0.583333, -0.079301, -0.374906, -0.83905, 0.394263, 0.0128, -0.703809, -0.019204, -0.710129, 0.065042, 0.0, 0.0, 0.0, 1.0],
                [0.712617, -0.50075, -0.49135, -0.087995, -0.285518, -0.846762, 0.448862, 0.010691, -0.64082, -0.179578, -0.746391, 0.053158, 0.0, 0.0, 0.0, 1.0],
                [0.797434, -0.457881, -0.392991, -0.094144, -0.222585, -0.828577, 0.51373, 0.008286, -0.560847, -0.322192, -0.762655, 0.041852, 0.0, 0.0, 0.0, 1.0],
                [0.854111, -0.423934, -0.301282, -0.098335, -0.198401, -0.801073, 0.564731, 0.0061, -0.480754, -0.42257, -0.768317, 0.031246, 0.0, 0.0, 0.0, 1.0],
                [0.889292, -0.397847, -0.22555, -0.101088, -0.196799, -0.778091, 0.59653, 0.004446, -0.412823, -0.486103, -0.770248, 0.021093, 0.0, 0.0, 0.0, 1.0],
                [0.912126, -0.362553, -0.191252, -0.102666, -0.197671, -0.797792, 0.569612, 0.003177, -0.359092, -0.481753, -0.799355, 0.011541, 0.0, 0.0, 0.0, 1.0],
                [0.931122, -0.342773, -0.124556, -0.103297, -0.215407, -0.792487, 0.570585, 0.002362, -0.294288, -0.504455, -0.81174, 0.002784, 0.0, 0.0, 0.0, 1.0],
                [0.945495, -0.317902, -0.070519, -0.103227, -0.226333, -0.797285, 0.559565, 0.001824, -0.234109, -0.513106, -0.825783, -0.004946, 0.0, 0.0, 0.0, 1.0],
                [0.956247, -0.291382, -0.026153, -0.102693, -0.23162, -0.808664, 0.540756, 0.001641, -0.178714, -0.51104, -0.840775, -0.01162, 0.0, 0.0, 0.0, 1.0],
                [0.963888, -0.266182, 0.007933, -0.10191, -0.231896, -0.824346, 0.51641, 0.001346, -0.130919, -0.499602, -0.856307, -0.017207, 0.0, 0.0, 0.0, 1.0],
                [0.969184, -0.24412, 0.032914, -0.101047, -0.228668, -0.841956, 0.488695, 0.001102, -0.091587, -0.481163, -0.871836, -0.021721, 0.0, 0.0, 0.0, 1.0],
                [0.973004, -0.225105, 0.050874, -0.100206, -0.222805, -0.858818, 0.461294, 0.001059, -0.060148, -0.460176, -0.88579, -0.025318, 0.0, 0.0, 0.0, 1.0],
                [0.975575, -0.210144, 0.063945, -0.099432, -0.216863, -0.875172, 0.432489, 0.000989, -0.034922, -0.435793, -0.899371, -0.028209, 0.0, 0.0, 0.0, 1.0],
                [0.97755, -0.198115, 0.071701, -0.098783, -0.21005, -0.889915, 0.404885, 0.001016, -0.016405, -0.410857, -0.911554, -0.030402, 0.0, 0.0, 0.0, 1.0],
                [0.979031, -0.188823, 0.076418, -0.098228, -0.203687, -0.903414, 0.3773, 0.001115, -0.002206, -0.384955, -0.922934, -0.032147, 0.0, 0.0, 0.0, 1.0],
                [0.984786, -0.167668, 0.045695, -0.128273, -0.173724, -0.942938, 0.284054, 0.04514, -0.004539, -0.28767, -0.957719, -0.048974, 0.0, 0.0, 0.0, 1.0]
            ]
        },
        {
            "name": "Leg_L",
            "time": [0.0, 0.0333, 0.2667, 0.3333, 0.3667, 0.4, 0.4333, 0.4667, 0.5, 0.5333, 0.5667, 0.6, 0.6333, 0.6667, 0.7, 0.7333, 0.7667, 0.8, 0.8333, 0.8667, 0.9, 0.9333, 0.9667, 1.0, 1.0333, 1.0667, 1.1, 1.1333, 1.1667, 1.2, 1.2333, 1.2667, 1.3, 1.3333, 1.3667, 1.4, 1.4333, 1.4667, 1.5, 1.5333, 1.5667, 1.6, 1.6333, 1.6667, 1.7, 1.7333, 1.7667, 1.8, 1.8333, 1.8667, 1.9, 1.9333, 1.9667, 2.0, 2.0333, 2.0667, 2.4],
            "transform": [
                [1.000001, 0.001954, -2.8e-05, -0.0, -2.8e-05, 0.029092, 0.999576, 0.37472, 0.001954, -0.999571, 0.029092, 0.0, 0.0, 0.0, 0.0, 1.0],
                [1.000001, 0.001954, -2.8e-05, 0.0, -2.9e-05, 0.029092, 0.999576, 0.37472, 0.001954, -0.999571, 0.029092, 0.0, 0.0, 0.0, 0.0, 1.0],
                [1.000002, -0.001879, 0.000544, 0.0, 0.000543, 0.533577, 0.845748, 0.37472, -0.00188, -0.845747, 0.533576, -0.0, 0.0, 0.0, 0.0, 1.0],
                [1.000001, -0.001828, 0.000695, -0.0, 0.000695, 0.66431, 0.747454, 0.37472, -0.001828, -0.747453, 0.664309, -0.0, 0.0, 0.0, 0.0, 1.0],
                [1.0, -0.001841, 0.000663, 0.0, 0.000661, 0.636764, 0.771056, 0.37472, -0.001841, -0.771056, 0.636762, -0.0, 0.0, 0.0, 0.0, 1.0],
