{
    "animation": [
        {
            "name": "Root",
            "time": [0.0, 0.0333, 0.0667, 0.1, 0.1333, 0.1667, 0.2, 0.2333, 0.2667, 0.3, 0.3333, 0.3667, 0.4, 0.4333, 0.4667, 0.5, 0.5333, 0.5667, 0.6, 0.6333, 0.6667, 0.7, 0.7333, 0.7667, 0.8, 0.8333, 0.8667, 0.9, 0.9333, 0.9667, 1.0, 1.0333, 1.0667, 1.1, 1.1333, 1.1667, 1.2, 1.2333, 1.2667, 1.3, 1.3333, 1.3667, 1.4, 1.4333, 1.4667, 1.5, 1.5333, 1.5667, 1.6, 1.6333, 1.6667, 1.7, 1.7333, 1.7667, 1.8, 1.8333, 1.8667, 1.9, 1.9333, 1.9667, 2.0, 2.0333, 2.0667, 2.1, 2.1333, 2.1667, 2.2, 2.2333, 2.2667, 2.5333, 2.8667],
            "transform": [
                [0.999994, -0.001202, 0.003104, 0.032729, 0.003108, 0.003718, -0.999988, -0.166487, 0.001191, 0.999992, 0.003722, 0.617145, 0.0, 0.0, 0.0, 1.0],
                [0.999994, -0.001298, 0.003064, 0.029243, 0.003069, 0.003686, -0.999988, -0.175609, 0.001286, 0.999992, 0.00369, 0.602888, 0.0, 0.0, 0.0, 1.0],
                [0.999994, -0.001375, 0.003034, 0.020963, 0.003039, 0.003658, -0.999988, -0.18062, 0.001364, 0.999992, 0.003662, 0.591274, 0.0, 0.0, 0.0, 1.0],
                [0.999994, -0.001435, 0.003011, 0.011299, 0.003016, 0.003634, -0.999989, -0.182693, 0.001424, 0.999992, 0.003638, 0.579659, 0.0, 0.0, 0.0, 1.0],
                [0.999994, -0.001482, 0.002995, 0.001398, 0.003, 0.003616, -0.999989, -0.182986, 0.001471, 0.999992, 0.003621, 0.570314, 0.0, 0.0, 0.0, 1.0],
                [0.999994, -0.001518, 0.002982, -0.008707, 0.002987, 0.003601, -0.999989, -0.18267, 0.001508, 0.999992, 0.003606, 0.560968, 0.0, 0.0, 0.0, 1.0],
                [0.999994, -0.001546, 0.002973, -0.014564, 0.002979, 0.003589, -0.999989, -0.18291, 0.001536, 0.999992, 0.003594, 0.551622, 0.0, 0.0, 0.0, 1.0],
                [0.999994, -0.001574, 0.002964, -0.017008, 0.002969, 0.003577, -0.999989, -0.18371, 0.001563, 0.999992, 0.003581, 0.542277, 0.0, 0.0, 0.0, 1.0],
                [0.999994, -0.001595, 0.002957, -0.01945, 0.002962, 0.003567, -0.999989, -0.184308, 0.001585, 0.999992, 0.003572, 0.533748, 0.0, 0.0, 0.0, 1.0],
                [0.999994, -0.001616, 0.00295, -0.021892, 0.002955, 0.003558, -0.999989, -0.184723, 0.001606, 0.999992, 0.003563, 0.52522, 0.0, 0.0, 0.0, 1.0],
                [0.999994, -0.001633, 0.002944, -0.024332, 0.00295, 0.00355, -0.999989, -0.184967, 0.001622, 0.999992, 0.003555, 0.516691, 0.0, 0.0, 0.0, 1.0],
                [0.999994, -0.001649, 0.002939, -0.025203, 0.002945, 0.003543, -0.999989, -0.185061, 0.001639, 0.999992, 0.003548, 0.508163, 0.0, 0.0, 0.0, 1.0],
                [0.999994, -0.001661, 0.002936, -0.025972, 0.002942, 0.003538, -0.999989, -0.185017, 0.001651, 0.999992, 0.003542, 0.499634, 0.0, 0.0, 0.0, 1.0],
                [0.999994, -0.001673, 0.002933, -0.026632, 0.002938, 0.003532, -0.999989, -0.184854, 0.001663, 0.999992, 0.003537, 0.491106, 0.0, 0.0, 0.0, 1.0],
                [0.999994, -0.001685, 0.002929, -0.027174, 0.002935, 0.003526, -0.999989, -0.184585, 0.001675, 0.999992, 0.003531, 0.482577, 0.0, 0.0, 0.0, 1.0],
                [0.999994, -0.001697, 0.002926, -0.027588, 0.002932, 0.00352, -0.999989, -0.184227, 0.001687, 0.999992, 0.003525, 0.474742, 0.0, 0.0, 0.0, 1.0],
                [0.999994, -0.001709, 0.002922, -0.027866, 0.002928, 0.003514, -0.999989, -0.183798, 0.001699, 0.999992, 0.003519, 0.466907, 0.0, 0.0, 0.0, 1.0],
                [0.999994, -0.001721, 0.002918, -0.027998, 0.002924, 0.003509, -0.999989, -0.183311, 0.001711, 0.999992, 0.003514, 0.459072, 0.0, 0.0, 0.0, 1.0],
                [0.999994, -0.001733, 0.002915, -0.027975, 0.002921, 0.003503, -0.999989, -0.182784, 0.001723, 0.999992, 0.003508, 0.451237, 0.0, 0.0, 0.0, 1.0],
                [0.999994, -0.001741, 0.002913, -0.025387, 0.002919, 0.003499, -0.999989, -0.187688, 0.00173, 0.999992, 0.003504, 0.443402, 0.0, 0.0, 0.0, 1.0],
                [0.999994, -0.00174, 0.002913, -0.020843, 0.002919, 0.0035, -0.999989, -0.191173, 0.001729, 0.999992, 0.003505, 0.437465, 0.0, 0.0, 0.0, 1.0],
                [0.999994, -0.001733, 0.002915, -0.015831, 0.002922, 0.003503, -0.999989, -0.174771, 0.001723, 0.999992, 0.003508, 0.43859, 0.0, 0.0, 0.0, 1.0],
                [0.999994, -0.001726, 0.002918, -0.013187, 0.002924, 0.003506, -0.999989, -0.145058, 0.001715, 0.999992, 0.003511, 0.444782, 0.0, 0.0, 0.0, 1.0],
                [0.999994, -0.001719, 0.002919, -0.010545, 0.002925, 0.003509, -0.999989, -0.109751, 0.001709, 0.999992, 0.003514, 0.450976, 0.0, 0.0, 0.0, 1.0],
                [0.999994, -0.001699, 0.002924, -0.007907, 0.00293, 0.003519, -0.999989, -0.052076, 0.001689, 0.999992, 0.003524, 0.46617, 0.0, 0.0, 0.0, 1.0],
                [0.999994, -0.001649, 0.002939, -0.000402, 0.002945, 0.003543, -0.999989, 0.044736, 0.001639, 0.999992, 0.003548, 0.495497, 0.0, 0.0, 0.0, 1.0],
                [0.999994, -0.001588, 0.002959, 0.018932, 0.002965, 0.003571, -0.999989, 0.200706, 0.001577, 0.999992, 0.003576, 0.56275, 0.0, 0.0, 0.0, 1.0],
                [0.999994, -0.001483, 0.002994, 0.042153, 0.003, 0.003616, -0.999989, 0.416318, 0.001472, 0.999992, 0.00362, 0.651513, 0.0, 0.0, 0.0, 1.0],
                [0.999994, -0.001235, 0.00309, 0.05704, 0.003094, 0.003707, -0.999988, 0.679031, 0.001224, 0.999992, 0.003711, 0.707596, 0.0, 0.0, 0.0, 1.0],
                [0.999993, -0.000223, 0.003708, 0.020255, 0.003709, 0.003901, -0.999985, 1.172962, 0.000208, 0.999992, 0.003902, 0.582229, 0.0, 0.0, 0.0, 1.0],
                [1.0, 0.000689, 1e-06, -0.038994, -1e-06, 0.003847, -0.999992, 1.38817, -0.000689, 0.999992, 0.003847, 0.461871, 0.0, 0.0, 0.0, 1.0],
                [0.999999, 0.001404, 2e-06, -0.09454, -3e-06, 0.003647, -0.999993, 1.507274, -0.001404, 0.999992, 0.003647, 0.375963, 0.0, 0.0, 0.0, 1.0],
                [0.999999, 0.001658, 3e-06, -0.123882, -3e-06, 0.003539, -0.999993, 1.530767, -0.001658, 0.999992, 0.003539, 0.383345, 0.0, 0.0, 0.0, 1.0],
                [0.999998, 0.001709, 3e-06, -0.136443, -3e-06, 0.003515, -0.999993, 1.508577, -0.001709, 0.999992, 0.003515, 0.415683, 0.0, 0.0, 0.0, 1.0],
                [0.999998, 0.001758, 3e-06, -0.138745, -3e-06, 0.00349, -0.999994, 1.499748, -0.001758, 0.999992, 0.00349, 0.421821, 0.0, 0.0, 0.0, 1.0],
                [0.999998, 0.001784, 3e-06, -0.135614, -3e-06, 0.003477, -0.999994, 1.488508, -0.001784, 0.999992, 0.003477, 0.424716, 0.0, 0.0, 0.0, 1.0],
                [0.999998, 0.001791, 3e-06, -0.132149, -4e-06, 0.003473, -0.999994, 1.475957, -0.001791, 0.999992, 0.003473, 0.424869, 0.0, 0.0, 0.0, 1.0],
                [0.999998, 0.001799, 3e-06, -0.128342, -4e-06, 0.00347, -0.999994, 1.463143, -0.001799, 0.999992, 0.00347, 0.425022, 0.0, 0.0, 0.0, 1.0],
                [0.999998, 0.001806, 3e-06, -0.126104, -3e-06, 0.003465, -0.999994, 1.448946, -0.001806, 0.999992, 0.003465, 0.422862, 0.0, 0.0, 0.0, 1.0],
                [0.999998, 0.001806, 3e-06, -0.12389, -3e-06, 0.003465, -0.999994, 1.432956, -0.001806, 0.999992, 0.003465, 0.418828, 0.0, 0.0, 0.0, 1.0],
                [0.999998, 0.001806, 3e-06, -0.121693, -3e-06, 0.003465, -0.999994, 1.417274, -0.001806, 0.999992, 0.003465, 0.414794, 0.0, 0.0, 0.0, 1.0],
                [0.999998, 0.001798, 3e-06, -0.119517, -4e-06, 0.00347, -0.999994, 1.404005, -0.001798, 0.999992, 0.00347, 0.41076, 0.0, 0.0, 0.0, 1.0],
                [0.999998, 0.001783, 3e-06, -0.117353, -3e-06, 0.003478, -0.999994, 1.395254, -0.001783, 0.999992, 0.003478, 0.410392, 0.0, 0.0, 0.0, 1.0],
                [0.999998, 0.001768, 3e-06, -0.115202, -4e-06, 0.003486, -0.999994, 1.389007, -0.001768, 0.999992, 0.003486, 0.411884, 0.0, 0.0, 0.0, 1.0],
                [0.999998, 0.001753, 3e-06, -0.113063, -3e-06, 0.003494, -0.999994, 1.382045, -0.001753, 0.999992, 0.003494, 0.413375, 0.0, 0.0, 0.0, 1.0],
                [0.999998, 0.001738, 3e-06, -0.110934, -3e-06, 0.003501, -0.999994, 1.374674, -0.001738, 0.999992, 0.003501, 0.414866, 0.0, 0.0, 0.0, 1.0],
                [0.999998, 0.001722, 3e-06, -0.108814, -3e-06, 0.003509, -0.999994, 1.367194, -0.001722, 0.999992, 0.003509, 0.416357, 0.0, 0.0, 0.0, 1.0],
                [0.999998, 0.001707, 3e-06, -0.106701, -3e-06, 0.003516, -0.999993, 1.359909, -0.001707, 0.999992, 0.003516, 0.417849, 0.0, 0.0, 0.0, 1.0],
                [0.999998, 0.001692, 3e-06, -0.104594, -3e-06, 0.003523, -0.999993, 1.353122, -0.001692, 0.999992, 0.003523, 0.41934, 0.0, 0.0, 0.0, 1.0],
                [0.999998, 0.001676, 3e-06, -0.102492, -3e-06, 0.00353, -0.999993, 1.347134, -0.001676, 0.999992, 0.00353, 0.420831, 0.0, 0.0, 0.0, 1.0],
                [0.999999, 0.001657, 3e-06, -0.100392, -3e-06, 0.003539, -0.999993, 1.342254, -0.001657, 0.999992, 0.003539, 0.423735, 0.0, 0.0, 0.0, 1.0],
                [0.999999, 0.001637, 2e-06, -0.098294, -3e-06, 0.003549, -0.999993, 1.33878, -0.001637, 0.999992, 0.003549, 0.426638, 0.0, 0.0, 0.0, 1.0],
                [0.999999, 0.001613, 3e-06, -0.096136, -3e-06, 0.00356, -0.999993, 1.337017, -0.001613, 0.999992, 0.00356, 0.431057, 0.0, 0.0, 0.0, 1.0],
                [0.999999, 0.001587, 2e-06, -0.093855, -3e-06, 0.003571, -0.999993, 1.337266, -0.001587, 0.999992, 0.003571, 0.435476, 0.0, 0.0, 0.0, 1.0],
                [0.999999, 0.001557, 3e-06, -0.091443, -3e-06, 0.003584, -0.999993, 1.339833, -0.001557, 0.999992, 0.003584, 0.441892, 0.0, 0.0, 0.0, 1.0],
                [0.999999, 0.001526, 3e-06, -0.088896, -3e-06, 0.003598, -0.999993, 1.345019, -0.001526, 0.999992, 0.003598, 0.448308, 0.0, 0.0, 0.0, 1.0],
                [0.999999, 0.00149, 3e-06, -0.086208, -3e-06, 0.003613, -0.999993, 1.353126, -0.00149, 0.999992, 0.003613, 0.456519, 0.0, 0.0, 0.0, 1.0],
                [0.999999, 0.001444, 2e-06, -0.083374, -3e-06, 0.003632, -0.999993, 1.367161, -0.001444, 0.999992, 0.003632, 0.467212, 0.0, 0.0, 0.0, 1.0],
                [0.999999, 0.001383, 2e-06, -0.080344, -3e-06, 0.003655, -0.999993, 1.388777, -0.001383, 0.999992, 0.003655, 0.481085, 0.0, 0.0, 0.0, 1.0],
                [0.999999, 0.001313, 2e-06, -0.077084, -3e-06, 0.003681, -0.999993, 1.416247, -0.001313, 0.999992, 0.003681, 0.498339, 0.0, 0.0, 0.0, 1.0],
                [0.999999, 0.001234, 2e-06, -0.073621, -3e-06, 0.003708, -0.999993, 1.447841, -0.001234, 0.999992, 0.003708, 0.515592, 0.0, 0.0, 0.0, 1.0],
                [0.999999, 0.001148, 2e-06, -0.069951, -2e-06, 0.003738, -0.999993, 1.48205, -0.001148, 0.999992, 0.003738, 0.534879, 0.0, 0.0, 0.0, 1.0],
                [0.999999, 0.001061, 2e-06, -0.066168, -2e-06, 0.003764, -0.999993, 1.5165, -0.001061, 0.999992, 0.003764, 0.553928, 0.0, 0.0, 0.0, 1.0],
                [0.999999, 0.000973, 2e-06, -0.062225, -2e-06, 0.003785, -0.999993, 1.550109, -0.000973, 0.999992, 0.003785, 0.573095, 0.0, 0.0, 0.0, 1.0],
                [0.999999, 0.000891, 1e-06, -0.058164, -2e-06, 0.003805, -0.999992, 1.580939, -0.000891, 0.999992, 0.003805, 0.592263, 0.0, 0.0, 0.0, 1.0],
                [1.0, 0.000818, 1e-06, -0.054008, -2e-06, 0.003821, -0.999992, 1.607258, -0.000818, 0.999992, 0.003821, 0.608991, 0.0, 0.0, 0.0, 1.0],
                [1.0, 0.000761, 1e-06, -0.049777, -2e-06, 0.003833, -0.999992, 1.627341, -0.000761, 0.999992, 0.003833, 0.623351, 0.0, 0.0, 0.0, 1.0],
                [1.0, 0.00072, 1e-06, -0.045494, -2e-06, 0.003841, -0.999992, 1.641634, -0.00072, 0.999992, 0.003841, 0.635588, 0.0, 0.0, 0.0, 1.0],
                [1.0, 0.000689, 1e-06, -0.041183, -1e-06, 0.003846, -0.999992, 1.652176, -0.000689, 0.999992, 0.003846, 0.646031, 0.0, 0.0, 0.0, 1.0],
                [1.0, 0.000642, 1e-06, -0.004725, -2e-06, 0.003855, -0.999992, 1.676553, -0.000642, 0.999992, 0.003855, 0.707038, 0.0, 0.0, 0.0, 1.0],
                [1.0, 0.000642, 1e-06, -0.004725, -2e-06, 0.003855, -0.999992, 1.676553, -0.000642, 0.999992, 0.003855, 0.707038, 0.0, 0.0, 0.0, 1.0]
            ]
        },
        {
            "name": "Thigh_R",
            "time": [0.0, 0.0333, 0.0667, 0.1, 0.1333, 0.1667, 0.2, 0.2333, 0.2667, 0.3, 0.3333, 0.3667, 0.4, 0.4333, 0.4667, 0.5, 0.5333, 0.5667, 0.6, 0.6333, 0.6667, 0.7, 0.7333, 0.7667, 0.8, 0.8333, 0.8667, 0.9, 0.9333, 0.9667, 1.0, 1.0333, 1.0667, 1.1, 1.1333, 1.1667, 1.2, 1.2333, 1.2667, 1.3, 1.3333, 1.3667, 1.4, 1.4333, 1.4667, 1.5, 1.5333, 1.5667, 1.6, 1.6333, 1.6667, 1.7, 1.7333, 1.7667, 1.8, 1.8333, 1.8667, 1.9, 1.9333, 1.9667, 2.0, 2.0333, 2.0667, 2.1, 2.1333, 2.1667, 2.2, 2.2333, 2.2667, 2.5333, 2.8667],
            "transform": [
                [0.958722, 0.211202, -0.190357, 0.103258, 0.263017, -0.913082, 0.31163, 0.003652, -0.107993, -0.348838, -0.930942, -0.002351, 0.0, 0.0, 0.0, 1.0],
                [0.948946, 0.196784, -0.246514, 0.103258, 0.290714, -0.848873, 0.441485, 0.003652, -0.122381, -0.490615, -0.862742, -0.002351, 0.0, 0.0, 0.0, 1.0],
                [0.936196, 0.183013, -0.300058, 0.103258, 0.329139, -0.755946, 0.565878, 0.003652, -0.123264, -0.62854, -0.767951, -0.002351, 0.0, 0.0, 0.0, 1.0],
                [0.925263, 0.161864, -0.343045, 0.103258, 0.360755, -0.654933, 0.66402, 0.003652, -0.117189, -0.738156, -0.664379, -0.002351, 0.0, 0.0, 0.0, 1.0],
                [0.914463, 0.161202, -0.371166, 0.103258, 0.387538, -0.612846, 0.688649, 0.003652, -0.116454, -0.773593, -0.622897, -0.002351, 0.0, 0.0, 0.0, 1.0],
                [0.903114, 0.179887, -0.389896, 0.103258, 0.413088, -0.611809, 0.674575, 0.003652, -0.117193, -0.770286, -0.626843, -0.002351, 0.0, 0.0, 0.0, 1.0],
                [0.893927, 0.186992, -0.407335, 0.103258, 0.431092, -0.607428, 0.667229, 0.003652, -0.122659, -0.77206, -0.623607, -0.002351, 0.0, 0.0, 0.0, 1.0],
                [0.88727, 0.184332, -0.422808, 0.103258, 0.443231, -0.594395, 0.671001, 0.003652, -0.127627, -0.782769, -0.609091, -0.002351, 0.0, 0.0, 0.0, 1.0],
                [0.881262, 0.182134, -0.436118, 0.103258, 0.453966, -0.5829, 0.673903, 0.003652, -0.131471, -0.791874, -0.59637, -0.002351, 0.0, 0.0, 0.0, 1.0],
                [0.876336, 0.179946, -0.44682, 0.103258, 0.462921, -0.571034, 0.677957, 0.003652, -0.133152, -0.800969, -0.583718, -0.002351, 0.0, 0.0, 0.0, 1.0],
                [0.871372, 0.177628, -0.457332, 0.103258, 0.47181, -0.558986, 0.681859, 0.003652, -0.134524, -0.809934, -0.570892, -0.002351, 0.0, 0.0, 0.0, 1.0],
                [0.867586, 0.174833, -0.465533, 0.103258, 0.47874, -0.546875, 0.686831, 0.003652, -0.134506, -0.818762, -0.558161, -0.002351, 0.0, 0.0, 0.0, 1.0],
                [0.863784, 0.17199, -0.473593, 0.103258, 0.485643, -0.534607, 0.691627, 0.003652, -0.134232, -0.827421, -0.545311, -0.002351, 0.0, 0.0, 0.0, 1.0],
                [0.860982, 0.169011, -0.479728, 0.103258, 0.490947, -0.52266, 0.696993, 0.003652, -0.132933, -0.835627, -0.532977, -0.002351, 0.0, 0.0, 0.0, 1.0],
                [0.858172, 0.166018, -0.485769, 0.103258, 0.496237, -0.510581, 0.702179, 0.003652, -0.131448, -0.843656, -0.520552, -0.002351, 0.0, 0.0, 0.0, 1.0],
                [0.855475, 0.163023, -0.491508, 0.103258, 0.501435, -0.497768, 0.707665, 0.003652, -0.12929, -0.851857, -0.507574, -0.002351, 0.0, 0.0, 0.0, 1.0],
                [0.852766, 0.160018, -0.49717, 0.103258, 0.506619, -0.484824, 0.71294, 0.003652, -0.126956, -0.859855, -0.49451, -0.002351, 0.0, 0.0, 0.0, 1.0],
                [0.850162, 0.155392, -0.503063, 0.103258, 0.511285, -0.471786, 0.718336, 0.003652, -0.125714, -0.867918, -0.480544, -0.002351, 0.0, 0.0, 0.0, 1.0],
                [0.847541, 0.150738, -0.508868, 0.103258, 0.515956, -0.458621, 0.723503, 0.003652, -0.124317, -0.87576, -0.466474, -0.002351, 0.0, 0.0, 0.0, 1.0],
                [0.844564, 0.139935, -0.51684, 0.103258, 0.520385, -0.441835, 0.73074, 0.003652, -0.1261, -0.886122, -0.445978, -0.002351, 0.0, 0.0, 0.0, 1.0],
                [0.844132, 0.124779, -0.521407, 0.103258, 0.52028, -0.425367, 0.740522, 0.003652, -0.129386, -0.896384, -0.423986, -0.002351, 0.0, 0.0, 0.0, 1.0],
                [0.849364, 0.115944, -0.514911, 0.103258, 0.510695, -0.426892, 0.746294, 0.003652, -0.133282, -0.896845, -0.421798, -0.002351, 0.0, 0.0, 0.0, 1.0],
                [0.863182, 0.119439, -0.490555, 0.103258, 0.488783, -0.4411, 0.752677, 0.003652, -0.126483, -0.889481, -0.43913, -0.002351, 0.0, 0.0, 0.0, 1.0],
                [0.882526, 0.128535, -0.452351, 0.103258, 0.456904, -0.461955, 0.760156, 0.003652, -0.111258, -0.877545, -0.466416, -0.002351, 0.0, 0.0, 0.0, 1.0],
                [0.904695, 0.147926, -0.399546, 0.103258, 0.416486, -0.504635, 0.756231, 0.003652, -0.089757, -0.850572, -0.51815, -0.002351, 0.0, 0.0, 0.0, 1.0],
                [0.927315, 0.181501, -0.327317, 0.103258, 0.369249, -0.586418, 0.720952, 0.003652, -0.06109, -0.789419, -0.610813, -0.002351, 0.0, 0.0, 0.0, 1.0],
                [0.944736, 0.246795, -0.215774, 0.103258, 0.326604, -0.765179, 0.55483, 0.003652, -0.028176, -0.594647, -0.803497, -0.002351, 0.0, 0.0, 0.0, 1.0],
                [0.955038, 0.289048, -0.065913, 0.103258, 0.296016, -0.941962, 0.158398, 0.003652, -0.016303, -0.170789, -0.985174, -0.002351, 0.0, 0.0, 0.0, 1.0],
                [0.966686, 0.246021, 0.070587, 0.103258, 0.255025, -0.949226, -0.184231, 0.003652, 0.021678, 0.196096, -0.980346, -0.002351, 0.0, 0.0, 0.0, 1.0],
                [0.817958, 0.255496, 0.515422, 0.103258, 0.452633, -0.838813, -0.302524, 0.003652, 0.355045, 0.480754, -0.801762, -0.002351, 0.0, 0.0, 0.0, 1.0],
                [0.48195, 0.55585, 0.677316, 0.103258, 0.637963, -0.752492, 0.163587, 0.003652, 0.600599, 0.353265, -0.717276, -0.002351, 0.0, 0.0, 0.0, 1.0],
                [0.256468, 0.61014, 0.749638, 0.103258, 0.774518, -0.593709, 0.218241, 0.003652, 0.578218, 0.524641, -0.624832, -0.002351, 0.0, 0.0, 0.0, 1.0],
                [0.311252, 0.514539, 0.798984, 0.103258, 0.772657, -0.626499, 0.102457, 0.003652, 0.553275, 0.585456, -0.592562, -0.002351, 0.0, 0.0, 0.0, 1.0],
                [0.450497, 0.42551, 0.784854, 0.103258, 0.718257, -0.694868, -0.035556, 0.003652, 0.530234, 0.57975, -0.618662, -0.002351, 0.0, 0.0, 0.0, 1.0],
                [0.478412, 0.492726, 0.726873, 0.103258, 0.689207, -0.723625, 0.036894, 0.003652, 0.544157, 0.483319, -0.685782, -0.002351, 0.0, 0.0, 0.0, 1.0],
                [0.47827, 0.511441, 0.713925, 0.103258, 0.681065, -0.729231, 0.06614, 0.003652, 0.554436, 0.4546, -0.697094, -0.002351, 0.0, 0.0, 0.0, 1.0],
                [0.482542, 0.530198, 0.69717, 0.103258, 0.673138, -0.73376, 0.092105, 0.003652, 0.560382, 0.424851, -0.710967, -0.002351, 0.0, 0.0, 0.0, 1.0],
                [0.490282, 0.545486, 0.679758, 0.103258, 0.663455, -0.73936, 0.114781, 0.003652, 0.565191, 0.394717, -0.724401, -0.002351, 0.0, 0.0, 0.0, 1.0],
                [0.496622, 0.563173, 0.660458, 0.103258, 0.656392, -0.741552, 0.138747, 0.003652, 0.567896, 0.364618, -0.737935, -0.002351, 0.0, 0.0, 0.0, 1.0],
                [0.502123, 0.582735, 0.638979, 0.103258, 0.649072, -0.742213, 0.166817, 0.003652, 0.571462, 0.330984, -0.75092, -0.002351, 0.0, 0.0, 0.0, 1.0],
                [0.510816, 0.600736, 0.614968, 0.103258, 0.641687, -0.742476, 0.192272, 0.003652, 0.572098, 0.296403, -0.764754, -0.002351, 0.0, 0.0, 0.0, 1.0],
                [0.519165, 0.613628, 0.594921, 0.103258, 0.635987, -0.742378, 0.210706, 0.003652, 0.570945, 0.268974, -0.775677, -0.002351, 0.0, 0.0, 0.0, 1.0],
                [0.527722, 0.618257, 0.582469, 0.103258, 0.630484, -0.744627, 0.219141, 0.003652, 0.569202, 0.251593, -0.782758, -0.002351, 0.0, 0.0, 0.0, 1.0],
                [0.535747, 0.620214, 0.572985, 0.103258, 0.625361, -0.74741, 0.224282, 0.003652, 0.567352, 0.238166, -0.788282, -0.00235, 0.0, 0.0, 0.0, 1.0],
                [0.54159, 0.622841, 0.564581, 0.103258, 0.621432, -0.748927, 0.23007, 0.003652, 0.56612, 0.226247, -0.792666, -0.002351, 0.0, 0.0, 0.0, 1.0],
                [0.547482, 0.62206, 0.559738, 0.103258, 0.616278, -0.752219, 0.233173, 0.003652, 0.566086, 0.217298, -0.79519, -0.002351, 0.0, 0.0, 0.0, 1.0],
                [0.553239, 0.622505, 0.553548, 0.103258, 0.611381, -0.754779, 0.23775, 0.003652, 0.5658, 0.206898, -0.798162, -0.002351, 0.0, 0.0, 0.0, 1.0],
                [0.559008, 0.622786, 0.547402, 0.103258, 0.606407, -0.757326, 0.242342, 0.003652, 0.565483, 0.196479, -0.801014, -0.002351, 0.0, 0.0, 0.0, 1.0],
                [0.564786, 0.622903, 0.541304, 0.103258, 0.601355, -0.759862, 0.24695, 0.003652, 0.565136, 0.186044, -0.803746, -0.002351, 0.0, 0.0, 0.0, 1.0],
                [0.571313, 0.621654, 0.535863, 0.103258, 0.596486, -0.762971, 0.249162, 0.003652, 0.563735, 0.177287, -0.806704, -0.002351, 0.0, 0.0, 0.0, 1.0],
                [0.577825, 0.620267, 0.530461, 0.103258, 0.591549, -0.766077, 0.251391, 0.003652, 0.562298, 0.168534, -0.809578, -0.002351, 0.0, 0.0, 0.0, 1.0],
                [0.585969, 0.616233, 0.526212, 0.103258, 0.58647, -0.770627, 0.249377, 0.003652, 0.559181, 0.162482, -0.812967, -0.00235, 0.0, 0.0, 0.0, 1.0],
                [0.59296, 0.609752, 0.525929, 0.103258, 0.582978, -0.775627, 0.241953, 0.003652, 0.55545, 0.163138, -0.815389, -0.00235, 0.0, 0.0, 0.0, 1.0],
                [0.600554, 0.600944, 0.527448, 0.103258, 0.579851, -0.781529, 0.230193, 0.003652, 0.550542, 0.167599, -0.817809, -0.002351, 0.0, 0.0, 0.0, 1.0],
                [0.608692, 0.589474, 0.53105, 0.103258, 0.577816, -0.788039, 0.212427, 0.003652, 0.543703, 0.177548, -0.820282, -0.00235, 0.0, 0.0, 0.0, 1.0],
                [0.617529, 0.57196, 0.539926, 0.103258, 0.57522, -0.796587, 0.185939, 0.003652, 0.536442, 0.195755, -0.82092, -0.002351, 0.0, 0.0, 0.0, 1.0],
                [0.62661, 0.554008, 0.548121, 0.103258, 0.574577, -0.803575, 0.155339, 0.003652, 0.526511, 0.217602, -0.821849, -0.002351, 0.0, 0.0, 0.0, 1.0],
                [0.637267, 0.525378, 0.563797, 0.103258, 0.574964, -0.811274, 0.106087, 0.003652, 0.513124, 0.25656, -0.819073, -0.002351, 0.0, 0.0, 0.0, 1.0],
                [0.650142, 0.481981, 0.587375, 0.103258, 0.576775, -0.8163, 0.031407, 0.003652, 0.494607, 0.318367, -0.808707, -0.00235, 0.0, 0.0, 0.0, 1.0],
                [0.666543, 0.414706, 0.619466, 0.103258, 0.576499, -0.813589, -0.075659, 0.003652, 0.47261, 0.407555, -0.781371, -0.002351, 0.0, 0.0, 0.0, 1.0],
                [0.685142, 0.340695, 0.64382, 0.103258, 0.574398, -0.796241, -0.189922, 0.003652, 0.447925, 0.499938, -0.741234, -0.002351, 0.0, 0.0, 0.0, 1.0],
                [0.706904, 0.348875, 0.61528, 0.103258, 0.564264, -0.80268, -0.193168, 0.003652, 0.426477, 0.483737, -0.764276, -0.002351, 0.0, 0.0, 0.0, 1.0],
                [0.727564, 0.36942, 0.57808, 0.103258, 0.545741, -0.822263, -0.161412, 0.003652, 0.4157, 0.432924, -0.799858, -0.002351, 0.0, 0.0, 0.0, 1.0],
                [0.742161, 0.402733, 0.535724, 0.103258, 0.526692, -0.844779, -0.094597, 0.003652, 0.414466, 0.352372, -0.839079, -0.002351, 0.0, 0.0, 0.0, 1.0],
                [0.7558, 0.440109, 0.484837, 0.103258, 0.501839, -0.864959, 0.002842, 0.003652, 0.42061, 0.241164, -0.874601, -0.002351, 0.0, 0.0, 0.0, 1.0],
                [0.768404, 0.475021, 0.428845, 0.103258, 0.475284, -0.872336, 0.114633, 0.003652, 0.428545, 0.11574, -0.896077, -0.002351, 0.0, 0.0, 0.0, 1.0],
                [0.782454, 0.487004, 0.388059, 0.103258, 0.444896, -0.873239, 0.198813, 0.003652, 0.435686, 0.017085, -0.899937, -0.002351, 0.0, 0.0, 0.0, 1.0],
                [0.798529, 0.475471, 0.369153, 0.103258, 0.414954, -0.879073, 0.234627, 0.003652, 0.436066, -0.034175, -0.899265, -0.002351, 0.0, 0.0, 0.0, 1.0],
                [0.816415, 0.449725, 0.36223, 0.103258, 0.379196, -0.89061, 0.25106, 0.003652, 0.435509, -0.067613, -0.897642, -0.002351, 0.0, 0.0, 0.0, 1.0],
                [0.86051, 0.267309, 0.43366, 0.102516, 0.232826, -0.963536, 0.131915, 0.000325, 0.453103, -0.012547, -0.891369, -0.013088, 0.0, 0.0, 0.0, 1.0],
                [0.86051, 0.267309, 0.43366, 0.102516, 0.232826, -0.963536, 0.131915, 0.000325, 0.453103, -0.012547, -0.891369, -0.013088, 0.0, 0.0, 0.0, 1.0]
            ]
        },
        {
            "name": "Leg_R",
            "time": [0.0, 0.0333, 0.0667, 0.1, 0.1333, 0.1667, 0.2, 0.2333, 0.2667, 0.3, 0.3333, 0.3667, 0.4, 0.4333, 0.4667, 0.5, 0.5333, 0.5667, 0.6, 0.6333, 0.6667, 0.7, 0.7333, 0.7667, 0.8, 0.8333, 0.8667, 0.9, 0.9333, 0.9667, 1.0, 1.0333, 1.0667, 1.1, 1.1333, 1.1667, 1.2, 1.2333, 1.2667, 1.3, 1.3333, 1.3667, 1.4, 1.4333, 1.4667, 1.5, 1.5333, 1.5667, 1.6, 1.6333, 1.6667, 1.7, 1.7333, 1.7667, 1.8, 1.8333, 1.8667, 1.9, 1.9333, 1.9667, 2.0, 2.0333, 2.0667, 2.1, 2.1333, 2.1667, 2.2, 2.2333, 2.2667, 2.5333, 2.8667],
            "transform": [
                [0.999995, -0.001872, 0.000568, -0.0, 0.000567, 0.55534, 0.831623, 0.37472, -0.001872, -0.831627, 0.555336, -0.0, 0.0, 0.0, 0.0, 1.0],
                [0.999995, -0.001898, 0.000472, 0.0, 0.000471, 0.468034, 0.883709, 0.37472, -0.001898, -0.883714, 0.468031, 0.0, 0.0, 0.0, 0.0, 1.0],
                [0.999994, -0.001901, 0.000458, -0.0, 0.000457, 0.45513, 0.890423, 0.37472, -0.001901, -0.890428, 0.455126, 0.0, 0.0, 0.0, 0.0, 1.0],
                [0.999995, -0.0019, 0.000463, 0.0, 0.000462, 0.459447, 0.888204, 0.37472, -0.0019, -0.888208, 0.459444, 0.0, 0.0, 0.0, 0.0, 1.0],
                [0.999995, -0.001882, 0.000529, -0.0, 0.000526, 0.519459, 0.854495, 0.37472, -0.001883, -0.854498, 0.519456, -0.0, 0.0, 0.0, 0.0, 1.0],
                [0.999995, -0.001852, 0.000627, -0.0, 0.000625, 0.606544, 0.79505, 0.37472, -0.001852, -0.795052, 0.606541, 0.0, 0.0, 0.0, 0.0, 1.0],
                [0.999996, -0.001839, 0.000665, 0.0, 0.000664, 0.638941, 0.769255, 0.37472, -0.001839, -0.769256, 0.638939, 0.0, 0.0, 0.0, 0.0, 1.0],
                [0.999995, -0.001849, 0.000637, 0.0, 0.000636, 0.615596, 0.788062, 0.37472, -0.001849, -0.788064, 0.615593, 0.0, 0.0, 0.0, 0.0, 1.0],
                [0.999995, -0.001858, 0.000609, -0.0, 0.000608, 0.591697, 0.806159, 0.37472, -0.001858, -0.806161, 0.591695, -0.0, 0.0, 0.0, 0.0, 1.0],
                [0.999995, -0.001866, 0.000584, -0.0, 0.000582, 0.569151, 0.822232, 0.37472, -0.001867, -0.822234, 0.569149, 0.0, 0.0, 0.0, 0.0, 1.0],
                [0.999996, -0.001874, 0.000558, -0.0, 0.000556, 0.546167, 0.837675, 0.37472, -0.001875, -0.837677, 0.546165, 0.0, 0.0, 0.0, 0.0, 1.0],
                [0.999995, -0.001881, 0.000533, 0.0, 0.000533, 0.524457, 0.851436, 0.37472, -0.001882, -0.851439, 0.524454, -0.0, 0.0, 0.0, 0.0, 1.0],
                [0.999995, -0.001889, 0.00051, -0.0, 0.000508, 0.502392, 0.864639, 0.37472, -0.001889, -0.864642, 0.502389, -0.0, 0.0, 0.0, 0.0, 1.0],
                [0.999995, -0.001894, 0.000484, 0.0, 0.000484, 0.479996, 0.87727, 0.37472, -0.001894, -0.877273, 0.479993, 0.0, 0.0, 0.0, 0.0, 1.0],
                [0.999995, -0.0019, 0.00046, 0.0, 0.000459, 0.45729, 0.889316, 0.37472, -0.0019, -0.889321, 0.457287, 0.0, 0.0, 0.0, 0.0, 1.0],
                [0.999995, -0.001907, 0.000437, -0.0, 0.000435, 0.434847, 0.900502, 0.37472, -0.001907, -0.900506, 0.434845, 0.0, 0.0, 0.0, 0.0, 1.0],
                [0.999995, -0.001912, 0.000413, -0.0, 0.000412, 0.412124, 0.911126, 0.37472, -0.001912, -0.91113, 0.412121, 0.0, 0.0, 0.0, 0.0, 1.0],
                [0.999996, -0.001917, 0.000389, 0.0, 0.000387, 0.389143, 0.921175, 0.37472, -0.001917, -0.921179, 0.389141, -0.0, 0.0, 0.0, 0.0, 1.0],
                [0.999994, -0.001921, 0.000364, -0.0, 0.000364, 0.365924, 0.930643, 0.37472, -0.001921, -0.930648, 0.365921, -0.0, 0.0, 0.0, 0.0, 1.0],
                [0.999995, -0.001925, 0.000342, -0.0, 0.000341, 0.344261, 0.938872, 0.37472, -0.001926, -0.938877, 0.344258, -0.0, 0.0, 0.0, 0.0, 1.0],
                [0.999995, -0.001929, 0.00032, -0.0, 0.000319, 0.322412, 0.946597, 0.37472, -0.001929, -0.946602, 0.32241, -0.0, 0.0, 0.0, 0.0, 1.0],
                [0.999995, -0.001935, 0.000281, -0.0, 0.00028, 0.284084, 0.958797, 0.37472, -0.001935, -0.958802, 0.284082, -0.0, 0.0, 0.0, 0.0, 1.0],
                [0.999995, -0.001941, 0.000237, 0.0, 0.000237, 0.24045, 0.970659, 0.37472, -0.001941, -0.970664, 0.240448, 0.0, 0.0, 0.0, 0.0, 1.0],
                [0.999996, -0.001946, 0.000196, 0.0, 0.000195, 0.199106, 0.979975, 0.37472, -0.001946, -0.979979, 0.199105, -0.0, 0.0, 0.0, 0.0, 1.0],
                [0.999995, -0.001949, 0.000155, -0.0, 0.000154, 0.157404, 0.987531, 0.37472, -0.001949, -0.987538, 0.157403, -0.0, 0.0, 0.0, 0.0, 1.0],
                [0.999995, -0.001952, 0.000119, -0.0, 0.000118, 0.121148, 0.992631, 0.37472, -0.001952, -0.992637, 0.121147, -0.0, 0.0, 0.0, 0.0, 1.0],
                [0.999995, -0.001941, 0.000238, -0.0, 0.000239, 0.242155, 0.970234, 0.37472, -0.001941, -0.970241, 0.242153, 0.0, 0.0, 0.0, 0.0, 1.0],
                [0.999995, -0.00184, 0.000659, -0.0, 0.000658, 0.634232, 0.773142, 0.37472, -0.00184, -0.773144, 0.634229, 0.0, 0.0, 0.0, 0.0, 1.0],
                [0.999996, -0.001697, 0.000971, -0.0, 0.00097, 0.861791, 0.507264, 0.37472, -0.001697, -0.507262, 0.86179, -0.0, 0.0, 0.0, 0.0, 1.0],
                [0.999996, -0.001656, 0.001039, -0.0, 0.001036, 0.899789, 0.436326, 0.37472, -0.001657, -0.436324, 0.899788, 0.0, 0.0, 0.0, 0.0, 1.0],
                [0.999995, -0.001885, 0.00052, -0.0, 0.000518, 0.511981, 0.858995, 0.37472, -0.001886, -0.858999, 0.511978, 0.0, 0.0, 0.0, 0.0, 1.0],
                [0.999996, -0.001848, 0.000639, -0.0, 0.000636, 0.61629, 0.787519, 0.37472, -0.001849, -0.787521, 0.616287, -0.0, 0.0, 0.0, 0.0, 1.0],
                [0.999995, -0.001744, 0.000884, -0.0, 0.000883, 0.806263, 0.591559, 0.37472, -0.001745, -0.591559, 0.80626, 0.0, 0.0, 0.0, 0.0, 1.0],
                [0.999995, -0.001658, 0.001036, 0.0, 0.001033, 0.89792, 0.44016, 0.37472, -0.00166, -0.440159, 0.897919, 0.0, 0.0, 0.0, 0.0, 1.0],
                [0.999996, -0.001743, 0.000886, 0.0, 0.000884, 0.807121, 0.590386, 0.37472, -0.001744, -0.590386, 0.807119, 0.0, 0.0, 0.0, 0.0, 1.0],
                [0.999996, -0.001765, 0.000841, 0.0, 0.000839, 0.775915, 0.630838, 0.37472, -0.001766, -0.630838, 0.775913, 0.0, 0.0, 0.0, 0.0, 1.0],
                [0.999996, -0.00179, 0.000787, 0.0, 0.000785, 0.735884, 0.677109, 0.37472, -0.001791, -0.677109, 0.735881, 0.0, 0.0, 0.0, 0.0, 1.0],
                [0.999995, -0.001812, 0.000736, 0.0, 0.000734, 0.696642, 0.71742, 0.37472, -0.001813, -0.717421, 0.696639, 0.0, 0.0, 0.0, 0.0, 1.0],
                [0.999995, -0.001832, 0.000685, 0.0, 0.000682, 0.655195, 0.75546, 0.37472, -0.001833, -0.755461, 0.655192, -0.0, 0.0, 0.0, 0.0, 1.0],
                [0.999995, -0.001853, 0.000624, 0.0, 0.000622, 0.604091, 0.796915, 0.37472, -0.001854, -0.796917, 0.604088, 0.0, 0.0, 0.0, 0.0, 1.0],
                [0.999996, -0.001872, 0.000567, -0.0, 0.000564, 0.553381, 0.832927, 0.37472, -0.001872, -0.832929, 0.553378, -0.0, 0.0, 0.0, 0.0, 1.0],
                [0.999996, -0.001885, 0.000521, 0.0, 0.000518, 0.51198, 0.858996, 0.37472, -0.001885, -0.858999, 0.511977, -0.0, 0.0, 0.0, 0.0, 1.0],
                [0.999996, -0.001891, 0.000495, 0.0, 0.000491, 0.487799, 0.872955, 0.37472, -0.001892, -0.872957, 0.487796, 0.0, 0.0, 0.0, 0.0, 1.0],
                [0.999995, -0.001896, 0.000477, -0.0, 0.000475, 0.471903, 0.881649, 0.37472, -0.001897, -0.881653, 0.471899, -0.0, 0.0, 0.0, 0.0, 1.0],
                [0.999996, -0.0019, 0.000459, -0.0, 0.000458, 0.455851, 0.890055, 0.37472, -0.001901, -0.890058, 0.455848, -0.0, 0.0, 0.0, 0.0, 1.0],
                [0.999995, -0.001903, 0.000449, 0.0, 0.000445, 0.445107, 0.895476, 0.37472, -0.001904, -0.89548, 0.445104, 0.0, 0.0, 0.0, 0.0, 1.0],
                [0.999995, -0.001906, 0.000437, 0.0, 0.000434, 0.434299, 0.900767, 0.37472, -0.001907, -0.900771, 0.434296, 0.0, 0.0, 0.0, 0.0, 1.0],
                [0.999996, -0.001909, 0.000425, 0.0, 0.000423, 0.423427, 0.905928, 0.37472, -0.00191, -0.905932, 0.423425, 0.0, 0.0, 0.0, 0.0, 1.0],
                [0.999996, -0.001911, 0.000414, 0.0, 0.000411, 0.412495, 0.910958, 0.37472, -0.001912, -0.910962, 0.412493, 0.0, 0.0, 0.0, 0.0, 1.0],
                [0.999996, -0.001913, 0.000407, -0.0, 0.000404, 0.405351, 0.914159, 0.37472, -0.001913, -0.914162, 0.405349, 0.0, 0.0, 0.0, 0.0, 1.0],
                [0.999996, -0.001914, 0.000398, 0.0, 0.000397, 0.398182, 0.917305, 0.37472, -0.001914, -0.917308, 0.398179, -0.0, 0.0, 0.0, 0.0, 1.0],
                [0.999996, -0.001914, 0.000397, 0.0, 0.000395, 0.396664, 0.917961, 0.37472, -0.001915, -0.917966, 0.396662, -0.0, 0.0, 0.0, 0.0, 1.0],
                [0.999995, -0.001913, 0.000402, -0.0, 0.000399, 0.401208, 0.915985, 0.37472, -0.001914, -0.915989, 0.401206, 0.0, 0.0, 0.0, 0.0, 1.0],
                [0.999995, -0.001911, 0.000415, 0.0, 0.000412, 0.413245, 0.910618, 0.37472, -0.001911, -0.910623, 0.413242, -0.0, 0.0, 0.0, 0.0, 1.0],
                [0.999995, -0.001906, 0.000436, 0.0, 0.000433, 0.433278, 0.901259, 0.37472, -0.001907, -0.901263, 0.433275, -0.0, 0.0, 0.0, 0.0, 1.0],
                [0.999996, -0.001899, 0.000468, 0.0, 0.000466, 0.463749, 0.885965, 0.37472, -0.001899, -0.885969, 0.463746, 0.0, 0.0, 0.0, 0.0, 1.0],
                [0.999996, -0.001888, 0.000508, -0.0, 0.000505, 0.500308, 0.865846, 0.37472, -0.001889, -0.865848, 0.500306, 0.0, 0.0, 0.0, 0.0, 1.0],
                [0.999995, -0.001869, 0.000573, -0.0, 0.000571, 0.559887, 0.828568, 0.37472, -0.00187, -0.828571, 0.559884, -0.0, 0.0, 0.0, 0.0, 1.0],
                [0.999996, -0.001833, 0.000679, 0.0, 0.000675, 0.650013, 0.759923, 0.37472, -0.001834, -0.759924, 0.65001, 0.0, 0.0, 0.0, 0.0, 1.0],
                [0.999996, -0.001766, 0.000839, -0.0, 0.000836, 0.774061, 0.633111, 0.37472, -0.001767, -0.63311, 0.774059, 0.0, 0.0, 0.0, 0.0, 1.0],
                [0.999995, -0.001669, 0.001017, 0.0, 0.001015, 0.888019, 0.459808, 0.37472, -0.001671, -0.459806, 0.888018, 0.0, 0.0, 0.0, 0.0, 1.0],
                [0.999995, -0.001665, 0.001024, 0.0, 0.001021, 0.891529, 0.452965, 0.37472, -0.001667, -0.452964, 0.891528, -0.0, 0.0, 0.0, 0.0, 1.0],
                [0.999995, -0.00169, 0.000982, 0.0, 0.000981, 0.868608, 0.495502, 0.37472, -0.00169, -0.495501, 0.868606, -0.0, 0.0, 0.0, 0.0, 1.0],
                [0.999996, -0.001746, 0.000877, 0.0, 0.000875, 0.801504, 0.59799, 0.37472, -0.001748, -0.59799, 0.801502, -0.0, 0.0, 0.0, 0.0, 1.0],
                [0.999996, -0.001808, 0.000744, 0.0, 0.000741, 0.702771, 0.711416, 0.37472, -0.001809, -0.711416, 0.702769, -0.0, 0.0, 0.0, 0.0, 1.0],
                [0.999995, -0.001853, 0.000621, 0.0, 0.000618, 0.601012, 0.79924, 0.37472, -0.001854, -0.799242, 0.601009, -0.0, 0.0, 0.0, 0.0, 1.0],
                [0.999995, -0.001875, 0.000553, 0.0, 0.000551, 0.541553, 0.840665, 0.37472, -0.001876, -0.840669, 0.541549, -0.0, 0.0, 0.0, 0.0, 1.0],
                [0.999996, -0.001874, 0.000556, -0.0, 0.000553, 0.544195, 0.838958, 0.37472, -0.001875, -0.83896, 0.544192, 0.0, 0.0, 0.0, 0.0, 1.0],
                [0.999996, -0.00186, 0.0006, -0.0, 0.000597, 0.582913, 0.812533, 0.37472, -0.001861, -0.812535, 0.582911, 0.0, 0.0, 0.0, 0.0, 1.0],
                [0.999996, -0.001635, 0.001071, 0.0, 0.001068, 0.916077, 0.401003, 0.37472, -0.001637, -0.401001, 0.916076, 0.0, 0.0, 0.0, 0.0, 1.0],
                [0.999996, -0.001635, 0.001071, 0.0, 0.001068, 0.916077, 0.401003, 0.37472, -0.001637, -0.401001, 0.916076, 0.0, 0.0, 0.0, 0.0, 1.0]
            ]
        },
        {
            "name": "Knee_R",
            "time": [0.0, 2.5333, 2.8667],
            "transform": [
                [1.0, 0.0, -0.0, -0.0, -0.0, 0.0, -1.0, 0.37472, -0.0, 1.0, 0.0, -0.0, 0.0, 0.0, 0.0, 1.0],
                [1.0, 0.0, -0.0, 0.0, -0.0, 0.0, -1.0, 0.37472, -0.0, 1.0, 0.0, 0.0, 0.0, 0.0, 0.0, 1.0],
                [1.0, 0.0, -0.0, 0.0, -0.0, 0.0, -1.0, 0.37472, -0.0, 1.0, 0.0, 0.0, 0.0, 0.0, 0.0, 1.0]
            ]
        },
        {
            "name": "Thigh_L",
            "time": [0.0, 0.0333, 0.0667, 0.1, 0.1333, 0.1667, 0.2, 0.2333, 0.2667, 0.3, 0.3333, 0.3667, 0.4, 0.4333, 0.4667, 0.5, 0.5333, 0.5667, 0.6, 0.6333, 0.6667, 0.7, 0.7333, 0.7667, 0.8, 0.8333, 0.8667, 0.9, 0.9333, 0.9667, 1.0, 1.0333, 1.0667, 1.1, 1.1333, 1.1667, 1.2, 1.2333, 1.2667, 1.3, 1.3333, 1.3667, 1.4, 1.4333, 1.4667, 1.5, 1.5333, 1.5667, 1.6, 1.6333, 1.6667, 1.7, 1.7333, 1.7667, 1.8, 1.8333, 1.8667, 1.9, 1.9333, 1.9667, 2.0, 2.0333, 2.0667, 2.1, 2.1333, 2.1667, 2.2, 2.2333, 2.2667, 2.5333, 2.8667],
            "transform": [
                [0.468728, -0.577324, -0.668575, -0.083564, -0.396958, -0.813815, 0.424425, 0.000167, -0.789116, 0.066458, -0.610631, 0.060828, 0.0, 0.0, 0.0, 1.0],
                [0.434564, -0.60893, -0.663598, -0.080547, -0.378806, -0.792049, 0.478719, 0.001879, -0.817096, 0.043342, -0.574862, 0.064743, 0.0, 0.0, 0.0, 1.0],
                [0.405891, -0.631785, -0.660382, -0.0778, -0.367264, -0.774431, 0.51515, 0.00477, -0.836873, 0.03344, -0.546367, 0.067878, 0.0, 0.0, 0.0, 1.0],
                [0.38456, -0.648492, -0.656944, -0.075476, -0.360725, -0.760662, 0.539701, 0.008201, -0.849692, 0.029429, -0.526447, 0.070136, 0.0, 0.0, 0.0, 1.0],
                [0.368918, -0.6611, -0.653338, -0.073445, -0.358608, -0.749742, 0.556141, 0.011536, -0.857488, 0.029122, -0.513669, 0.071802, 0.0, 0.0, 0.0, 1.0],
                [0.358882, -0.672804, -0.64695, -0.071755, -0.358297, -0.739331, 0.570105, 0.014149, -0.861866, 0.0272, -0.506396, 0.073033, 0.0, 0.0, 0.0, 1.0],
                [0.349577, -0.685466, -0.6387, -0.070308, -0.358568, -0.727699, 0.584713, 0.015444, -0.865569, 0.024616, -0.500173, 0.074169, 0.0, 0.0, 0.0, 1.0],
                [0.338734, -0.7, -0.628701, -0.068983, -0.358384, -0.71383, 0.601676, 0.01573, -0.869945, 0.021509, -0.492667, 0.075344, 0.0, 0.0, 0.0, 1.0],
                [0.329544, -0.714134, -0.617593, -0.0679, -0.359146, -0.699781, 0.617516, 0.015705, -0.873156, 0.018308, -0.487086, 0.076326, 0.0, 0.0, 0.0, 1.0],
                [0.320122, -0.727565, -0.606777, -0.066984, -0.36048, -0.685855, 0.632188, 0.015205, -0.876106, 0.016353, -0.48183, 0.077231, 0.0, 0.0, 0.0, 1.0],
                [0.310515, -0.740749, -0.595716, -0.066059, -0.361812, -0.67163, 0.646537, 0.014695, -0.87901, 0.014779, -0.476563, 0.078121, 0.0, 0.0, 0.0, 1.0],
                [0.301907, -0.753172, -0.584459, -0.065374, -0.364099, -0.657693, 0.659451, 0.013839, -0.881062, 0.013708, -0.472791, 0.07885, 0.0, 0.0, 0.0, 1.0],
                [0.293043, -0.76533, -0.573066, -0.064686, -0.366345, -0.64352, 0.67207, 0.012971, -0.88312, 0.012995, -0.468954, 0.079562, 0.0, 0.0, 0.0, 1.0],
                [0.285494, -0.776623, -0.561568, -0.064229, -0.369896, -0.62985, 0.682987, 0.012027, -0.884113, 0.012733, -0.467088, 0.080078, 0.0, 0.0, 0.0, 1.0],
                [0.277669, -0.787664, -0.549994, -0.063773, -0.373387, -0.615986, 0.693648, 0.011074, -0.885137, 0.012756, -0.465144, 0.080579, 0.0, 0.0, 0.0, 1.0],
                [0.271684, -0.798296, -0.537513, -0.063502, -0.37793, -0.602157, 0.703264, 0.010205, -0.885067, 0.012077, -0.465296, 0.080907, 0.0, 0.0, 0.0, 1.0],
                [0.266658, -0.807777, -0.525738, -0.063233, -0.379805, -0.589425, 0.712972, 0.00933, -0.885791, 0.009558, -0.463972, 0.081223, 0.0, 0.0, 0.0, 1.0],
                [0.262857, -0.81732, -0.512743, -0.063107, -0.38637, -0.576132, 0.720273, 0.008902, -0.884086, 0.00878, -0.467228, 0.081368, 0.0, 0.0, 0.0, 1.0],
                [0.259946, -0.826277, -0.499704, -0.062983, -0.389482, -0.563254, 0.728733, 0.008473, -0.883582, 0.005195, -0.468235, 0.08151, 0.0, 0.0, 0.0, 1.0],
                [0.26481, -0.836168, -0.480321, -0.06313, -0.388434, -0.548405, 0.740523, 0.008871, -0.882599, -0.009526, -0.470019, 0.081354, 0.0, 0.0, 0.0, 1.0],
                [0.276142, -0.843353, -0.46099, -0.063731, -0.390685, -0.536725, 0.747859, 0.009894, -0.87812, -0.026414, -0.477698, 0.080765, 0.0, 0.0, 0.0, 1.0],
                [0.287064, -0.838199, -0.46371, -0.064846, -0.41513, -0.545127, 0.728358, 0.01086, -0.863276, -0.016586, -0.504448, 0.079747, 0.0, 0.0, 0.0, 1.0],
                [0.293825, -0.822295, -0.487348, -0.066777, -0.445058, -0.568911, 0.691567, 0.0117, -0.845916, 0.013699, -0.533129, 0.078017, 0.0, 0.0, 0.0, 1.0],
