{
    "animation": [
        {
            "name": "Root",
            "time": [0.0, 0.0333, 0.0667, 0.1, 0.1333, 0.1667, 0.2, 0.2333, 0.2667, 0.3, 0.3333, 0.3667, 0.4, 0.4333, 0.4667, 0.5, 0.5333, 0.5667, 0.6, 0.6333, 0.6667, 0.7, 0.7333, 0.7667, 0.8, 0.8333, 0.8667, 0.9, 0.9333, 0.9667, 1.0, 1.0333, 1.0667, 1.1, 1.1333, 1.1667, 1.2, 1.2333, 1.2667, 1.3, 1.3333, 1.3667, 1.4, 1.4333, 1.4667, 1.5, 1.5333, 1.5667, 1.6, 1.6333, 1.6667, 1.7, 1.7333, 1.7667, 1.8, 1.8333, 1.8667, 1.9, 1.9333, 2.2333],
            "transform": [
                [0.999993, -8.1e-05, 0.003836, 0.000815, 0.003836, 0.003907, -0.999985, 0.001789, 6.6e-05, 0.999992, 0.003907, 0.687913, 0.0, 0.0, 0.0, 1.0],
                [1.0, 0.000384, 0.0, -0.023923, -1e-06, 0.003889, -0.999992, 0.180933, -0.000384, 0.999992, 0.003889, 0.708063, 0.0, 0.0, 0.0, 1.0],
                [1.0, 0.000832, 2e-06, -0.048659, -2e-06, 0.003818, -0.999992, 0.360051, -0.000832, 0.999992, 0.003818, 0.728213, 0.0, 0.0, 0.0, 1.0],
                [0.999999, 0.001296, 2e-06, -0.07339, -3e-06, 0.003686, -0.999993, 0.550973, -0.001296, 0.999992, 0.003686, 0.729267, 0.0, 0.0, 0.0, 1.0],
                [0.999998, 0.001863, 3e-06, -0.100328, -3e-06, 0.003436, -0.999994, 0.780328, -0.001863, 0.999992, 0.003436, 0.679045, 0.0, 0.0, 0.0, 1.0],
                [0.999997, 0.002317, 4e-06, -0.123636, -4e-06, 0.003147, -0.999995, 1.005715, -0.002317, 0.999992, 0.003147, 0.622456, 0.0, 0.0, 0.0, 1.0],
                [0.999997, 0.002542, 3e-06, -0.14173, -4e-06, 0.002968, -0.999995, 1.197763, -0.002542, 0.999992, 0.002968, 0.60036, 0.0, 0.0, 0.0, 1.0],
                [0.999996, 0.002714, 3e-06, -0.159843, -4e-06, 0.002812, -0.999996, 1.386247, -0.002714, 0.999992, 0.002812, 0.584204, 0.0, 0.0, 0.0, 1.0],
                [0.999996, 0.002845, 4e-06, -0.176131, -4e-06, 0.002679, -0.999996, 1.568235, -0.002845, 0.999992, 0.002679, 0.572576, 0.0, 0.0, 0.0, 1.0],
                [0.999995, 0.002948, 4e-06, -0.188896, -4e-06, 0.002566, -0.999996, 1.740788, -0.002948, 0.999992, 0.002566, 0.560948, 0.0, 0.0, 0.0, 1.0],
                [0.999995, 0.003033, 4e-06, -0.1964, -4e-06, 0.002465, -0.999997, 1.900974, -0.003033, 0.999992, 0.002465, 0.54932, 0.0, 0.0, 0.0, 1.0],
                [0.999995, 0.003079, 4e-06, -0.192027, -4e-06, 0.002407, -0.999997, 2.031625, -0.003079, 0.999992, 0.002407, 0.537692, 0.0, 0.0, 0.0, 1.0],
                [0.999995, 0.003069, 4e-06, -0.176241, -4e-06, 0.00242, -0.999997, 2.133358, -0.003069, 0.999992, 0.00242, 0.528569, 0.0, 0.0, 0.0, 1.0],
                [0.999995, 0.003019, 3e-06, -0.157957, -4e-06, 0.002482, -0.999996, 2.229899, -0.003019, 0.999992, 0.002482, 0.516162, 0.0, 0.0, 0.0, 1.0],
                [0.999996, 0.002909, 4e-06, -0.135734, -4e-06, 0.002609, -0.999996, 2.320542, -0.002909, 0.999992, 0.002609, 0.494273, 0.0, 0.0, 0.0, 1.0],
                [0.999996, 0.0027, 4e-06, -0.113547, -4e-06, 0.002826, -0.999996, 2.410209, -0.0027, 0.999992, 0.002826, 0.469954, 0.0, 0.0, 0.0, 1.0],
                [0.999997, 0.002364, 4e-06, -0.10611, -4e-06, 0.003112, -0.999995, 2.513149, -0.002364, 0.999992, 0.003112, 0.4519, 0.0, 0.0, 0.0, 1.0],
                [0.999998, 0.001861, 3e-06, -0.09872, -4e-06, 0.003437, -0.999994, 2.629463, -0.001861, 0.999992, 0.003437, 0.433847, 0.0, 0.0, 0.0, 1.0],
                [0.999999, 0.000961, 1e-06, -0.075768, -2e-06, 0.003788, -0.999993, 2.790152, -0.000961, 0.999992, 0.003788, 0.404211, 0.0, 0.0, 0.0, 1.0],
                [1.0, 0.000599, 1e-06, -0.027642, -1e-06, 0.003862, -0.999992, 2.945728, -0.000599, 0.999992, 0.003862, 0.392776, 0.0, 0.0, 0.0, 1.0],
                [0.999994, -0.000454, 0.003526, -0.004022, 0.003528, 0.003881, -0.999986, 3.130715, 0.000441, 0.999992, 0.003883, 0.394605, 0.0, 0.0, 0.0, 1.0],
                [0.999994, -0.000795, 0.003307, 0.076207, 0.00331, 0.003826, -0.999987, 3.64886, 0.000782, 0.999992, 0.003829, 0.344732, 0.0, 0.0, 0.0, 1.0],
                [0.999994, -0.000871, 0.003264, 0.095855, 0.003267, 0.003809, -0.999987, 3.794146, 0.000859, 0.999992, 0.003812, 0.337557, 0.0, 0.0, 0.0, 1.0],
                [0.999994, -0.000997, 0.003199, 0.091092, 0.003202, 0.003779, -0.999987, 3.922916, 0.000985, 0.999992, 0.003782, 0.340817, 0.0, 0.0, 0.0, 1.0],
                [0.999994, -0.00111, 0.003145, 0.082401, 0.003149, 0.003747, -0.999988, 4.016639, 0.001098, 0.999992, 0.00375, 0.347324, 0.0, 0.0, 0.0, 1.0],
                [0.999994, -0.00119, 0.003111, 0.076531, 0.003115, 0.003723, -0.999988, 4.062046, 0.001178, 0.999992, 0.003727, 0.355655, 0.0, 0.0, 0.0, 1.0],
                [0.999994, -0.001268, 0.003076, 0.070661, 0.003081, 0.003696, -0.999988, 4.095668, 0.001257, 0.999992, 0.0037, 0.363987, 0.0, 0.0, 0.0, 1.0],
                [0.999994, -0.001337, 0.003048, 0.064793, 0.003053, 0.003672, -0.999988, 4.12108, 0.001326, 0.999992, 0.003676, 0.372317, 0.0, 0.0, 0.0, 1.0],
                [0.999994, -0.001393, 0.003027, 0.060035, 0.003032, 0.003651, -0.999988, 4.141866, 0.001382, 0.999992, 0.003655, 0.380649, 0.0, 0.0, 0.0, 1.0],
                [0.999994, -0.001429, 0.003013, 0.055282, 0.003019, 0.003637, -0.999989, 4.161605, 0.001418, 0.999992, 0.003642, 0.38898, 0.0, 0.0, 0.0, 1.0],
                [0.999994, -0.001418, 0.003018, 0.054131, 0.003023, 0.003642, -0.999989, 4.174801, 0.001407, 0.999992, 0.003646, 0.393765, 0.0, 0.0, 0.0, 1.0],
                [0.999994, -0.001364, 0.003038, 0.052993, 0.003043, 0.003662, -0.999988, 4.178461, 0.001353, 0.999992, 0.003666, 0.397027, 0.0, 0.0, 0.0, 1.0],
                [0.999994, -0.0013, 0.003064, 0.051859, 0.003069, 0.003686, -0.999988, 4.179904, 0.001289, 0.999992, 0.00369, 0.40029, 0.0, 0.0, 0.0, 1.0],
                [0.999994, -0.001235, 0.00309, 0.049289, 0.003094, 0.003707, -0.999988, 4.183086, 0.001224, 0.999992, 0.003711, 0.407, 0.0, 0.0, 0.0, 1.0],
                [0.999994, -0.001163, 0.003121, 0.046722, 0.003125, 0.003731, -0.999988, 4.184053, 0.001152, 0.999992, 0.003735, 0.41371, 0.0, 0.0, 0.0, 1.0],
                [0.999994, -0.001103, 0.003148, 0.042037, 0.003152, 0.003749, -0.999988, 4.178288, 0.001091, 0.999992, 0.003752, 0.418377, 0.0, 0.0, 0.0, 1.0],
                [0.999994, -0.00106, 0.003168, 0.037348, 0.003172, 0.003761, -0.999988, 4.166763, 0.001048, 0.999992, 0.003764, 0.419848, 0.0, 0.0, 0.0, 1.0],
                [0.999994, -0.001025, 0.003186, 0.032658, 0.003189, 0.003772, -0.999987, 4.153696, 0.001013, 0.999992, 0.003775, 0.419395, 0.0, 0.0, 0.0, 1.0],
                [0.999994, -0.000989, 0.003204, 0.027968, 0.003207, 0.003781, -0.999987, 4.139449, 0.000977, 0.999992, 0.003784, 0.418943, 0.0, 0.0, 0.0, 1.0],
                [0.999994, -0.000954, 0.003221, 0.022564, 0.003225, 0.00379, -0.999987, 4.124373, 0.000941, 0.999992, 0.003793, 0.41849, 0.0, 0.0, 0.0, 1.0],
                [0.999994, -0.000918, 0.003239, 0.01716, 0.003242, 0.003798, -0.999987, 4.108823, 0.000905, 0.999992, 0.003801, 0.418037, 0.0, 0.0, 0.0, 1.0],
                [0.999994, -0.000876, 0.003262, 0.011757, 0.003265, 0.003808, -0.999987, 4.093156, 0.000864, 0.999992, 0.003811, 0.419786, 0.0, 0.0, 0.0, 1.0],
                [0.999994, -0.000834, 0.003284, 0.006354, 0.003288, 0.003817, -0.999987, 4.077724, 0.000821, 0.999992, 0.00382, 0.421535, 0.0, 0.0, 0.0, 1.0],
                [0.999994, -0.000781, 0.003314, 0.000903, 0.003317, 0.003828, -0.999987, 4.06277, 0.000769, 0.999992, 0.003831, 0.426703, 0.0, 0.0, 0.0, 1.0],
                [0.999994, -0.000705, 0.00336, -0.007038, 0.003362, 0.003844, -0.999987, 4.04412, 0.000692, 0.999992, 0.003846, 0.437464, 0.0, 0.0, 0.0, 1.0],
                [0.999994, -0.000602, 0.003425, -0.015022, 0.003427, 0.003861, -0.999986, 4.02246, 0.000589, 0.999992, 0.003863, 0.454817, 0.0, 0.0, 0.0, 1.0],
                [0.999994, -0.00049, 0.0035, -0.021693, 0.003502, 0.003877, -0.999986, 4.006595, 0.000477, 0.999992, 0.003879, 0.475931, 0.0, 0.0, 0.0, 1.0],
                [0.999993, -0.000396, 0.003569, -0.022986, 0.003571, 0.003887, -0.999986, 4.005211, 0.000382, 0.999992, 0.003889, 0.497044, 0.0, 0.0, 0.0, 1.0],
                [0.999993, -0.000324, 0.003625, -0.018206, 0.003626, 0.003894, -0.999985, 4.017428, 0.00031, 0.999992, 0.003895, 0.518158, 0.0, 0.0, 0.0, 1.0],
                [0.999993, -0.000262, 0.003675, -0.009964, 0.003676, 0.003899, -0.999985, 4.035865, 0.000248, 0.999992, 0.0039, 0.540909, 0.0, 0.0, 0.0, 1.0],
                [0.999993, -0.000208, 0.003723, -4.1e-05, 0.003724, 0.003904, -0.999985, 4.059452, 0.000194, 0.999992, 0.003904, 0.563661, 0.0, 0.0, 0.0, 1.0],
                [0.999993, -0.000154, 0.003773, 0.009883, 0.003773, 0.003907, -0.999985, 4.087118, 0.000139, 0.999992, 0.003907, 0.586412, 0.0, 0.0, 0.0, 1.0],
                [0.999992, -0.0001, 0.003821, 0.019809, 0.003822, 0.003908, -0.999985, 4.117789, 8.5e-05, 0.999992, 0.003908, 0.609164, 0.0, 0.0, 0.0, 1.0],
                [0.999992, -4.6e-05, 0.00387, 0.026166, 0.00387, 0.003908, -0.999985, 4.150402, 3e-05, 0.999992, 0.003908, 0.631915, 0.0, 0.0, 0.0, 1.0],
                [0.999996, 1.8e-05, 0.002904, 0.029294, 0.002904, 0.003909, -0.999988, 4.190337, -3e-05, 0.999992, 0.003909, 0.654666, 0.0, 0.0, 0.0, 1.0],
                [0.999998, 8.2e-05, 0.001935, 0.030223, 0.001935, 0.003909, -0.99999, 4.239152, -9e-05, 0.999992, 0.003908, 0.678271, 0.0, 0.0, 0.0, 1.0],
                [0.999999, 0.000146, 0.000967, 0.029011, 0.000967, 0.003907, -0.999992, 4.290028, -0.00015, 0.999992, 0.003907, 0.701875, 0.0, 0.0, 0.0, 1.0],
                [1.0, 0.00021, 0.0, 0.0278, -0.0, 0.003902, -0.999992, 4.33614, -0.00021, 0.999992, 0.003902, 0.721446, 0.0, 0.0, 0.0, 1.0],
                [1.0, 0.000264, 1e-06, 0.02508, -0.0, 0.003899, -0.999992, 4.370657, -0.000264, 0.999992, 0.003899, 0.734863, 0.0, 0.0, 0.0, 1.0],
                [1.0, 0.000593, 1e-06, 0.000827, -1e-06, 0.003864, -0.999992, 4.418386, -0.000593, 0.999992, 0.003864, 0.729421, 0.0, 0.0, 0.0, 1.0]
            ]
        },
        {
            "name": "Thigh_R",
            "time": [0.0, 0.0333, 0.0667, 0.1, 0.1333, 0.1667, 0.2, 0.2333, 0.2667, 0.3, 0.3333, 0.3667, 0.4, 0.4333, 0.4667, 0.5, 0.5333, 0.5667, 0.6, 0.6333, 0.6667, 0.7, 0.7333, 0.7667, 0.8, 0.8333, 0.8667, 0.9, 0.9333, 0.9667, 1.0, 1.0333, 1.0667, 1.1, 1.1333, 1.1667, 1.2, 1.2333, 1.2667, 1.3, 1.3333, 1.3667, 1.4, 1.4333, 1.4667, 1.5, 1.5333, 1.5667, 1.6, 1.6333, 1.6667, 1.7, 1.7333, 1.7667, 1.8, 1.8333, 1.8667, 1.9, 1.9333, 2.2333],
            "transform": [
                [0.986844, -0.098571, 0.128128, 0.061254, -0.048232, -0.936028, -0.348613, -0.038772, 0.154294, 0.337848, -0.928469, -0.07366, 0.0, 0.0, 0.0, 1.0],
                [0.948967, 0.209162, 0.236037, 0.061254, 0.208564, -0.977614, 0.027788, -0.038772, 0.236565, 0.022859, -0.971347, -0.07366, 0.0, 0.0, 0.0, 1.0],
                [0.806357, 0.519884, 0.281974, 0.061254, 0.409916, -0.834948, 0.367192, -0.038772, 0.426331, -0.180502, -0.886376, -0.07366, 0.0, 0.0, 0.0, 1.0],
                [0.667965, 0.683257, 0.294929, 0.061254, 0.399372, -0.663515, 0.632653, -0.038772, 0.627956, -0.304803, -0.716079, -0.073659, 0.0, 0.0, 0.0, 1.0],
                [0.626225, 0.676667, 0.387252, 0.061254, 0.107451, -0.56687, 0.816769, -0.038772, 0.772205, -0.469868, -0.427697, -0.07366, 0.0, 0.0, 0.0, 1.0],
                [0.525064, 0.534222, 0.662507, 0.061254, -0.133775, -0.716962, 0.684157, -0.038772, 0.840484, -0.447852, -0.304986, -0.07366, 0.0, 0.0, 0.0, 1.0],
                [0.39518, 0.645306, 0.653769, 0.061254, 0.065608, -0.729705, 0.680606, -0.038772, 0.91626, -0.226068, -0.330702, -0.073659, 0.0, 0.0, 0.0, 1.0],
                [0.273917, 0.681951, 0.678168, 0.061254, 0.27688, -0.731197, 0.623447, -0.038772, 0.921039, 0.016998, -0.389106, -0.07366, 0.0, 0.0, 0.0, 1.0],
                [0.192592, 0.643093, 0.741174, 0.061254, 0.45457, -0.72785, 0.513419, -0.038772, 0.869644, 0.238034, -0.432509, -0.07366, 0.0, 0.0, 0.0, 1.0],
                [0.178678, 0.626505, 0.75866, 0.061254, 0.543529, -0.705585, 0.45467, -0.038772, 0.820157, 0.331112, -0.466597, -0.07366, 0.0, 0.0, 0.0, 1.0],
                [0.170024, 0.622071, 0.764277, 0.061254, 0.584539, -0.688054, 0.429996, -0.038772, 0.793354, 0.373638, -0.480611, -0.07366, 0.0, 0.0, 0.0, 1.0],
                [0.131243, 0.540003, 0.831367, 0.061254, 0.655963, -0.676085, 0.335592, -0.038772, 0.743299, 0.501298, -0.442954, -0.073659, 0.0, 0.0, 0.0, 1.0],
                [0.109868, 0.447561, 0.887479, 0.061254, 0.716798, -0.654236, 0.241198, -0.038772, 0.688573, 0.609641, -0.392691, -0.07366, 0.0, 0.0, 0.0, 1.0],
                [0.109326, 0.353894, 0.928875, 0.061254, 0.766689, -0.624775, 0.147797, -0.038772, 0.632641, 0.696, -0.339631, -0.07366, 0.0, 0.0, 0.0, 1.0],
                [0.141919, 0.425424, 0.893798, 0.061254, 0.79476, -0.58724, 0.153317, -0.038772, 0.590097, 0.688597, -0.421451, -0.07366, 0.0, 0.0, 0.0, 1.0],
                [0.271054, 0.622304, 0.734349, 0.061254, 0.778419, -0.59048, 0.213066, -0.038772, 0.56621, 0.513879, -0.644465, -0.07366, 0.0, 0.0, 0.0, 1.0],
                [0.487252, 0.727696, 0.482747, 0.061254, 0.711496, -0.651335, 0.263696, -0.038772, 0.506322, 0.214985, -0.835117, -0.07366, 0.0, 0.0, 0.0, 1.0],
                [0.674247, 0.668157, 0.314574, 0.061254, 0.640782, -0.741055, 0.200585, -0.038772, 0.36714, 0.066329, -0.927799, -0.073659, 0.0, 0.0, 0.0, 1.0],
                [0.88111, 0.461796, 0.101933, 0.061254, 0.428184, -0.870521, 0.242588, -0.038772, 0.200762, -0.170101, -0.96476, -0.073659, 0.0, 0.0, 0.0, 1.0],
                [0.907443, 0.420013, 0.011819, 0.061254, 0.322697, -0.714647, 0.620601, -0.038772, 0.269108, -0.559343, -0.784039, -0.073659, 0.0, 0.0, 0.0, 1.0],
                [0.986323, 0.067475, -0.15037, 0.061254, 0.160762, -0.1928, 0.96798, -0.038772, 0.036322, -0.978917, -0.201011, -0.073659, 0.0, 0.0, 0.0, 1.0],
                [0.983151, -0.15012, -0.104273, 0.061254, 0.105479, 7.7e-05, 0.994422, -0.038772, -0.149274, -0.988671, 0.01591, -0.073659, 0.0, 0.0, 0.0, 1.0],
                [0.9952, -0.097729, -0.004048, 0.061254, 0.006855, 0.028407, 0.999574, -0.038772, -0.097571, -0.994812, 0.028941, -0.07366, 0.0, 0.0, 0.0, 1.0],
                [0.99343, -0.105242, -0.044837, 0.061254, 0.041477, -0.033897, 0.998565, -0.038772, -0.10661, -0.993875, -0.029309, -0.073659, 0.0, 0.0, 0.0, 1.0],
                [0.990334, -0.106092, -0.089295, 0.061254, 0.078391, -0.102841, 0.991605, -0.038772, -0.114383, -0.98903, -0.09353, -0.073659, 0.0, 0.0, 0.0, 1.0],
                [0.990569, -0.087821, -0.105116, 0.061254, 0.094367, -0.118671, 0.98844, -0.038772, -0.099278, -0.989049, -0.109265, -0.073659, 0.0, 0.0, 0.0, 1.0],
                [0.990628, -0.072359, -0.115789, 0.061254, 0.102212, -0.169257, 0.980258, -0.038772, -0.090527, -0.982919, -0.160275, -0.07366, 0.0, 0.0, 0.0, 1.0],
                [0.991575, -0.049864, -0.119498, 0.061254, 0.105892, -0.218836, 0.969999, -0.038772, -0.074517, -0.974494, -0.211712, -0.07366, 0.0, 0.0, 0.0, 1.0],
                [0.992411, -0.032334, -0.11858, 0.061254, 0.105623, -0.268988, 0.957335, -0.038772, -0.06285, -0.962608, -0.263531, -0.073661, 0.0, 0.0, 0.0, 1.0],
                [0.991133, -0.026525, -0.130148, 0.061254, 0.115118, -0.317223, 0.941339, -0.038771, -0.066254, -0.947988, -0.311356, -0.07366, 0.0, 0.0, 0.0, 1.0],
                [0.990138, -0.030362, -0.136718, 0.061254, 0.118008, -0.344807, 0.931227, -0.038772, -0.075414, -0.93819, -0.337824, -0.07366, 0.0, 0.0, 0.0, 1.0],
                [0.990167, -0.034211, -0.135598, 0.061254, 0.115008, -0.352441, 0.928742, -0.038772, -0.079563, -0.935215, -0.345041, -0.073659, 0.0, 0.0, 0.0, 1.0],
                [0.989411, -0.042222, -0.138821, 0.061254, 0.114656, -0.358837, 0.926333, -0.038772, -0.088924, -0.932452, -0.350196, -0.07366, 0.0, 0.0, 0.0, 1.0],
                [0.988499, -0.049227, -0.142953, 0.061254, 0.114918, -0.369782, 0.921986, -0.038772, -0.098247, -0.92782, -0.359872, -0.07366, 0.0, 0.0, 0.0, 1.0],
                [0.988609, -0.047246, -0.142868, 0.061254, 0.114613, -0.378788, 0.918361, -0.038772, -0.097505, -0.924283, -0.369058, -0.073661, 0.0, 0.0, 0.0, 1.0],
                [0.988521, -0.042789, -0.144867, 0.061254, 0.11843, -0.375764, 0.919118, -0.038772, -0.093763, -0.925733, -0.366383, -0.073659, 0.0, 0.0, 0.0, 1.0],
                [0.988286, -0.036716, -0.148099, 0.061254, 0.125112, -0.360594, 0.924295, -0.038772, -0.08734, -0.932005, -0.351777, -0.07366, 0.0, 0.0, 0.0, 1.0],
                [0.988455, -0.027147, -0.149027, 0.061254, 0.130907, -0.341923, 0.930566, -0.038772, -0.076216, -0.939342, -0.334422, -0.073659, 0.0, 0.0, 0.0, 1.0],
                [0.988649, -0.015628, -0.149397, 0.061254, 0.136508, -0.321555, 0.937001, -0.038772, -0.062682, -0.946768, -0.315771, -0.07366, 0.0, 0.0, 0.0, 1.0],
                [0.988566, -0.004285, -0.150691, 0.061254, 0.142431, -0.300941, 0.942947, -0.038772, -0.049389, -0.953639, -0.29689, -0.07366, 0.0, 0.0, 0.0, 1.0],
                [0.988812, 0.007657, -0.148935, 0.061254, 0.145078, -0.280635, 0.948788, -0.038772, -0.034531, -0.95979, -0.278606, -0.07366, 0.0, 0.0, 0.0, 1.0],
                [0.988987, 0.019275, -0.146702, 0.061254, 0.146522, -0.265541, 0.952901, -0.038772, -0.020588, -0.963913, -0.265441, -0.07366, 0.0, 0.0, 0.0, 1.0],
                [0.989013, 0.03154, -0.144385, 0.061254, 0.14763, -0.256205, 0.955283, -0.038772, -0.006863, -0.966114, -0.258046, -0.073659, 0.0, 0.0, 0.0, 1.0],
                [0.98898, 0.043225, -0.141565, 0.061254, 0.147914, -0.253093, 0.956069, -0.038772, 0.005496, -0.966482, -0.256697, -0.073659, 0.0, 0.0, 0.0, 1.0],
                [0.989059, 0.055217, -0.136764, 0.061254, 0.146359, -0.252866, 0.956368, -0.038772, 0.018224, -0.965929, -0.258181, -0.073659, 0.0, 0.0, 0.0, 1.0],
                [0.989022, 0.070294, -0.129956, 0.061254, 0.144173, -0.266846, 0.952895, -0.038772, 0.032304, -0.961176, -0.274051, -0.073659, 0.0, 0.0, 0.0, 1.0],
                [0.988936, 0.090012, -0.117893, 0.061254, 0.139333, -0.2912, 0.946462, -0.038772, 0.050862, -0.952421, -0.300519, -0.073659, 0.0, 0.0, 0.0, 1.0],
                [0.988559, 0.112208, -0.100785, 0.061254, 0.133067, -0.334279, 0.933034, -0.038772, 0.071003, -0.935773, -0.345386, -0.07366, 0.0, 0.0, 0.0, 1.0],
                [0.987344, 0.137527, -0.078966, 0.061254, 0.127458, -0.391905, 0.911134, -0.038772, 0.094358, -0.90967, -0.404475, -0.07366, 0.0, 0.0, 0.0, 1.0],
                [0.985041, 0.163448, -0.054539, 0.061254, 0.124944, -0.459595, 0.879296, -0.038772, 0.118653, -0.872961, -0.473143, -0.073659, 0.0, 0.0, 0.0, 1.0],
                [0.982203, 0.186021, -0.025897, 0.061254, 0.123477, -0.535675, 0.835349, -0.038772, 0.14152, -0.823682, -0.549111, -0.07366, 0.0, 0.0, 0.0, 1.0],
                [0.978955, 0.203923, 0.007682, 0.061254, 0.122976, -0.61957, 0.775249, -0.038772, 0.16285, -0.757992, -0.631609, -0.07366, 0.0, 0.0, 0.0, 1.0],
                [0.974455, 0.222089, 0.0333, 0.061254, 0.131444, -0.684287, 0.717271, -0.038772, 0.182084, -0.694575, -0.695999, -0.07366, 0.0, 0.0, 0.0, 1.0],
                [0.970619, 0.23231, 0.062668, 0.061254, 0.136842, -0.747195, 0.650367, -0.038772, 0.197911, -0.622686, -0.757031, -0.07366, 0.0, 0.0, 0.0, 1.0],
                [0.96854, 0.229036, 0.097303, 0.061254, 0.132797, -0.806397, 0.576275, -0.038772, 0.210451, -0.545227, -0.811444, -0.073659, 0.0, 0.0, 0.0, 1.0],
                [0.964746, 0.228223, 0.131048, 0.061254, 0.138773, -0.86427, 0.483512, -0.038772, 0.223608, -0.448283, -0.865474, -0.073659, 0.0, 0.0, 0.0, 1.0],
                [0.959907, 0.226152, 0.165611, 0.061254, 0.150051, -0.91362, 0.377874, -0.038772, 0.236761, -0.337876, -0.910926, -0.07366, 0.0, 0.0, 0.0, 1.0],
                [0.954449, 0.221636, 0.199747, 0.061254, 0.164195, -0.949162, 0.268587, -0.038772, 0.249119, -0.223557, -0.942318, -0.073659, 0.0, 0.0, 0.0, 1.0],
                [0.948353, 0.212379, 0.235614, 0.061254, 0.174154, -0.969435, 0.172844, -0.038772, 0.265118, -0.122885, -0.956354, -0.073659, 0.0, 0.0, 0.0, 1.0],
                [0.86051, 0.267309, 0.43366, 0.102516, 0.232826, -0.963536, 0.131915, 0.000325, 0.453103, -0.012547, -0.891369, -0.013089, 0.0, 0.0, 0.0, 1.0]
            ]
        },
        {
            "name": "Leg_R",
            "time": [0.0, 0.0333, 0.0667, 0.1, 0.1333, 0.1667, 0.2, 0.2333, 0.2667, 0.3, 0.3333, 0.3667, 0.4, 0.4333, 0.4667, 0.5, 0.5333, 0.5667, 0.6, 0.6333, 0.6667, 0.7, 0.7333, 0.7667, 0.8, 0.8333, 0.8667, 0.9, 0.9333, 0.9667, 1.0, 1.0333, 1.0667, 1.1, 1.1333, 1.1667, 1.2, 1.2333, 1.2667, 1.3, 1.3333, 1.3667, 1.4, 1.4333, 1.4667, 1.5, 1.5333, 1.5667, 1.6, 1.6333, 1.6667, 1.7, 1.7333, 1.7667, 1.8, 1.8333, 1.8667, 1.9, 1.9333, 2.2333],
            "transform": [
                [1.000005, -0.001944, 0.000209, -0.0, 0.000206, 0.211221, 0.977439, 0.37472, -0.001944, -0.97743, 0.211222, -0.0, 0.0, 0.0, 0.0, 1.0],
                [1.000005, -0.00195, -0.000123, 0.0, -0.000127, -0.127515, 0.991835, 0.37472, -0.00195, -0.991831, -0.127515, -0.0, 0.0, 0.0, 0.0, 1.0],
                [1.000002, -0.001943, -0.000203, -0.0, -0.000212, -0.211219, 0.977437, 0.37472, -0.001942, -0.977436, -0.211219, 0.0, 0.0, 0.0, 0.0, 1.0],
                [1.000001, -0.001951, -0.000133, -0.0, -0.000142, -0.140277, 0.990111, 0.37472, -0.00195, -0.99011, -0.140277, 0.0, 0.0, 0.0, 0.0, 1.0],
                [1.000001, -0.00195, 0.000142, -0.0, 0.000142, 0.144799, 0.989459, 0.37472, -0.00195, -0.98946, 0.144798, -0.0, 0.0, 0.0, 0.0, 1.0],
                [1.000003, -0.001815, 0.000723, -0.0, 0.000727, 0.68933, 0.724445, 0.37472, -0.001814, -0.724442, 0.68933, 0.0, 0.0, 0.0, 0.0, 1.0],
                [1.000003, -0.001871, 0.000566, -0.0, 0.000567, 0.554677, 0.832063, 0.37472, -0.001871, -0.832062, 0.554677, -0.0, 0.0, 0.0, 0.0, 1.0],
                [1.000004, -0.001865, 0.000585, 0.0, 0.000584, 0.570823, 0.82107, 0.37472, -0.001866, -0.821069, 0.570822, 0.0, 0.0, 0.0, 0.0, 1.0],
                [1.000003, -0.001813, 0.000732, 0.0, 0.000729, 0.693092, 0.720845, 0.37472, -0.001814, -0.720844, 0.693092, 0.0, 0.0, 0.0, 0.0, 1.0],
                [1.000005, -0.001814, 0.000733, -0.0, 0.000729, 0.693093, 0.720843, 0.37472, -0.001815, -0.720843, 0.693092, 0.0, 0.0, 0.0, 0.0, 1.0],
                [1.000005, -0.001804, 0.000755, -0.0, 0.000751, 0.710697, 0.703494, 0.37472, -0.001805, -0.703493, 0.710696, -0.0, 0.0, 0.0, 0.0, 1.0],
                [1.000006, -0.001725, 0.00092, 0.0, 0.000915, 0.828781, 0.559567, 0.37472, -0.001728, -0.559565, 0.828781, -0.0, 0.0, 0.0, 0.0, 1.0],
                [1.000005, -0.001646, 0.001056, -0.0, 0.001051, 0.907663, 0.41969, 0.37472, -0.00165, -0.419687, 0.907665, -0.0, 0.0, 0.0, 0.0, 1.0],
                [1.000003, -0.001558, 0.001182, -0.0, 0.001178, 0.962381, 0.271687, 0.37472, -0.001561, -0.271684, 0.962385, -0.0, 0.0, 0.0, 0.0, 1.0],
                [1.000002, -0.001663, 0.001029, -0.0, 0.001022, 0.892865, 0.450318, 0.37472, -0.001667, -0.450314, 0.892869, 0.0, 0.0, 0.0, 0.0, 1.0],
                [1.0, -0.001856, 0.000617, 0.0, 0.000607, 0.594191, 0.804324, 0.37472, -0.001859, -0.804319, 0.594193, 0.0, 0.0, 0.0, 0.0, 1.0],
                [1.000001, -0.001939, 0.000246, -0.0, 0.000237, 0.245555, 0.969383, 0.37472, -0.00194, -0.96938, 0.245555, 0.0, 0.0, 0.0, 0.0, 1.0],
                [1.0, -0.001953, 8.7e-05, 0.0, 8.1e-05, 0.086002, 0.996294, 0.37472, -0.001953, -0.996292, 0.086002, -0.0, 0.0, 0.0, 0.0, 1.0],
                [1.000002, -0.001941, -0.00023, -0.0, -0.000235, -0.236182, 0.971707, 0.37472, -0.001941, -0.971706, -0.236182, -0.0, 0.0, 0.0, 0.0, 1.0],
                [1.000001, -0.001906, -0.00044, 0.0, -0.000444, -0.440608, 0.897698, 0.37472, -0.001905, -0.897697, -0.440608, -0.0, 0.0, 0.0, 0.0, 1.0],
                [1.000001, -0.001899, -0.000472, -0.0, -0.000476, -0.470168, 0.882578, 0.37472, -0.001899, -0.882572, -0.47017, -0.0, 0.0, 0.0, 0.0, 1.0],
                [1.000004, -0.00196, -2.7e-05, 0.0, -3.4e-05, -0.031073, 0.999516, 0.37472, -0.001959, -0.999512, -0.031073, -0.0, 0.0, 0.0, 0.0, 1.0],
                [1.000003, -0.00195, -0.00021, -0.0, -0.000218, -0.217288, 0.976107, 0.37472, -0.001949, -0.976103, -0.217288, -0.0, 0.0, 0.0, 0.0, 1.0],
                [1.000001, -0.00194, -0.000283, -0.0, -0.00029, -0.289038, 0.957318, 0.37472, -0.001939, -0.957314, -0.289038, 0.0, 0.0, 0.0, 0.0, 1.0],
                [1.0, -0.001939, -0.000293, -0.0, -0.000302, -0.299708, 0.954031, 0.37472, -0.001938, -0.954028, -0.299708, -0.0, 0.0, 0.0, 0.0, 1.0],
                [1.0, -0.001939, -0.000298, 0.0, -0.000306, -0.304605, 0.952479, 0.37472, -0.001937, -0.952476, -0.304606, 0.0, 0.0, 0.0, 0.0, 1.0],
                [0.999998, -0.001935, -0.000318, -0.0, -0.000327, -0.324022, 0.94605, 0.374719, -0.001934, -0.946048, -0.324022, 0.0, 0.0, 0.0, 0.0, 1.0],
                [0.999997, -0.001933, -0.000324, -0.0, -0.000335, -0.331232, 0.94355, 0.37472, -0.001931, -0.943549, -0.331232, 0.0, 0.0, 0.0, 0.0, 1.0],
                [0.999997, -0.001933, -0.000323, -0.0, -0.000334, -0.330432, 0.94383, 0.37472, -0.001931, -0.943829, -0.330431, -0.0, 0.0, 0.0, 0.0, 1.0],
                [0.999998, -0.001933, -0.000322, 0.0, -0.000333, -0.329632, 0.94411, 0.37472, -0.001932, -0.944109, -0.329632, -0.0, 0.0, 0.0, 0.0, 1.0],
                [0.999997, -0.001933, -0.00032, -0.0, -0.000333, -0.328833, 0.944389, 0.37472, -0.001931, -0.944389, -0.328832, -0.0, 0.0, 0.0, 0.0, 1.0],
                [0.999997, -0.001934, -0.000312, 0.0, -0.000325, -0.320792, 0.94715, 0.37472, -0.001932, -0.94715, -0.320791, 0.0, 0.0, 0.0, 0.0, 1.0],
                [0.999997, -0.001935, -0.000304, 0.0, -0.000316, -0.312729, 0.949843, 0.37472, -0.001933, -0.949843, -0.312728, 0.0, 0.0, 0.0, 0.0, 1.0],
                [0.999996, -0.001937, -0.000287, 0.0, -0.0003, -0.296433, 0.955054, 0.37472, -0.001935, -0.955055, -0.296432, 0.0, 0.0, 0.0, 0.0, 1.0],
                [0.999997, -0.00194, -0.000266, -0.0, -0.000281, -0.276549, 0.961, 0.37472, -0.001938, -0.961, -0.276548, 0.0, 0.0, 0.0, 0.0, 1.0],
                [0.999997, -0.001942, -0.000246, -0.0, -0.00026, -0.256545, 0.966532, 0.37472, -0.00194, -0.966533, -0.256545, 0.0, 0.0, 0.0, 0.0, 1.0],
                [0.999997, -0.001945, -0.000228, -0.0, -0.000241, -0.237464, 0.971396, 0.37472, -0.001943, -0.971397, -0.237464, 0.0, 0.0, 0.0, 0.0, 1.0],
                [0.999997, -0.001947, -0.000208, 0.0, -0.000222, -0.218289, 0.975884, 0.374721, -0.001946, -0.975885, -0.218289, 0.0, 0.0, 0.0, 0.0, 1.0],
                [0.999997, -0.001949, -0.000189, 0.0, -0.000202, -0.199031, 0.979993, 0.374721, -0.001948, -0.979994, -0.19903, -0.0, 0.0, 0.0, 0.0, 1.0],
                [0.999997, -0.001952, -0.000166, 0.0, -0.000179, -0.175126, 0.984545, 0.37472, -0.001951, -0.984547, -0.175126, -0.0, 0.0, 0.0, 0.0, 1.0],
                [0.999998, -0.001955, -0.000143, 0.0, -0.000154, -0.151118, 0.988515, 0.37472, -0.001954, -0.988516, -0.151117, 0.0, 0.0, 0.0, 0.0, 1.0],
                [0.999999, -0.001958, -0.000114, -0.0, -0.000127, -0.122907, 0.992418, 0.37472, -0.001957, -0.992418, -0.122907, 0.0, 0.0, 0.0, 0.0, 1.0],
                [0.999998, -0.001959, -8.7e-05, 0.0, -9.9e-05, -0.094584, 0.995516, 0.37472, -0.001958, -0.995517, -0.094584, 0.0, 0.0, 0.0, 0.0, 1.0],
                [0.999999, -0.00196, -5.8e-05, 0.0, -7.1e-05, -0.066009, 0.997818, 0.37472, -0.00196, -0.997818, -0.066009, -0.0, 0.0, 0.0, 0.0, 1.0],
                [1.0, -0.00196, -3.1e-05, 0.0, -4.3e-05, -0.037745, 0.999286, 0.37472, -0.001959, -0.999286, -0.037745, -0.0, 0.0, 0.0, 0.0, 1.0],
                [1.0, -0.001959, 1.2e-05, 0.0, -2e-06, 0.004869, 0.999987, 0.37472, -0.001959, -0.999987, 0.004869, -0.0, 0.0, 0.0, 0.0, 1.0],
                [1.0, -0.001958, 5.7e-05, -0.0, 4.5e-05, 0.052054, 0.998643, 0.37472, -0.001959, -0.998643, 0.052054, 0.0, 0.0, 0.0, 0.0, 1.0],
                [1.0, -0.001956, 9.8e-05, -0.0, 8.5e-05, 0.093448, 0.995622, 0.37472, -0.001956, -0.995623, 0.093447, -0.0, 0.0, 0.0, 0.0, 1.0],
                [0.999999, -0.001953, 0.000128, -0.0, 0.000115, 0.123889, 0.992294, 0.37472, -0.001954, -0.992296, 0.123889, 0.0, 0.0, 0.0, 0.0, 1.0],
                [0.999998, -0.00195, 0.000162, -0.0, 0.000149, 0.158298, 0.98739, 0.37472, -0.001951, -0.987391, 0.158297, -0.0, 0.0, 0.0, 0.0, 1.0],
                [0.999998, -0.001945, 0.000207, -0.0, 0.000193, 0.203393, 0.979096, 0.37472, -0.001947, -0.979097, 0.203393, -0.0, 0.0, 0.0, 0.0, 1.0],
                [0.999999, -0.001936, 0.000275, 0.0, 0.000261, 0.27163, 0.962401, 0.37472, -0.001938, -0.962402, 0.271629, 0.0, 0.0, 0.0, 0.0, 1.0],
                [0.999998, -0.001926, 0.000336, -0.0, 0.000323, 0.332028, 0.943269, 0.37472, -0.001929, -0.943269, 0.332027, 0.0, 0.0, 0.0, 0.0, 1.0],
                [0.999998, -0.001911, 0.000412, 0.0, 0.000399, 0.405736, 0.913991, 0.37472, -0.001914, -0.913989, 0.405735, 0.0, 0.0, 0.0, 0.0, 1.0],
                [0.999999, -0.001891, 0.000495, -0.0, 0.000481, 0.483594, 0.875293, 0.374721, -0.001895, -0.875291, 0.483594, 0.0, 0.0, 0.0, 0.0, 1.0],
                [0.999998, -0.001862, 0.000592, -0.0, 0.000581, 0.572754, 0.819728, 0.37472, -0.001866, -0.819724, 0.572756, 0.0, 0.0, 0.0, 0.0, 1.0],
                [0.999999, -0.001821, 0.000709, -0.0, 0.000698, 0.671632, 0.740885, 0.37472, -0.001825, -0.740879, 0.671636, -0.0, 0.0, 0.0, 0.0, 1.0],
                [0.999999, -0.001767, 0.000834, -0.0, 0.000825, 0.768925, 0.639337, 0.37472, -0.001771, -0.63933, 0.768931, -0.0, 0.0, 0.0, 0.0, 1.0],
                [0.999999, -0.001706, 0.000953, 0.0, 0.000945, 0.849169, 0.528116, 0.37472, -0.00171, -0.52811, 0.849176, -0.0, 0.0, 0.0, 0.0, 1.0],
                [0.999996, -0.001635, 0.001071, -0.0, 0.001068, 0.916077, 0.401003, 0.37472, -0.001637, -0.401001, 0.916076, -1e-06, 0.0, 0.0, 0.0, 1.0]
            ]
        },
        {
            "name": "Knee_R",
            "time": [2.2333, 0.0],
            "transform": [
                [1.0, 0.0, -0.0, -0.0, -0.0, 0.0, -1.0, 0.37472, -0.0, 1.0, 0.0, -0.0, 0.0, 0.0, 0.0, 1.0],
                [1.0, 0.0, -0.0, -0.0, -0.0, 0.0, -1.0, 0.37472, -0.0, 1.0, 0.0, -1e-06, 0.0, 0.0, 0.0, 1.0]
            ]
        },
        {
            "name": "Thigh_L",
            "time": [0.0, 0.0333, 0.0667, 0.1, 0.1333, 0.1667, 0.2, 0.2333, 0.2667, 0.3, 0.3333, 0.3667, 0.4, 0.4333, 0.4667, 0.5, 0.5333, 0.5667, 0.6, 0.6333, 0.6667, 0.7, 0.7333, 0.7667, 0.8, 0.8333, 0.8667, 0.9, 0.9333, 0.9667, 1.0, 1.0333, 1.0667, 1.1, 1.1333, 1.1667, 1.2, 1.2333, 1.2667, 1.3, 1.3333, 1.3667, 1.4, 1.4333, 1.4667, 1.5, 1.5333, 1.5667, 1.6, 1.6333, 1.6667, 1.7, 1.7333, 1.7667, 1.8, 1.8333, 1.8667, 1.9, 1.9333, 2.2333],
            "transform": [
                [0.990592, -0.045748, -0.128942, -0.097585, 0.028409, -0.853127, 0.520936, 0.007486, -0.133834, -0.519703, -0.843802, -0.033235, 0.0, 0.0, 0.0, 1.0],
                [0.997964, -0.023702, -0.059135, -0.091766, 0.006957, -0.882122, 0.470979, -0.0024, -0.063327, -0.470435, -0.880162, -0.047504, 0.0, 0.0, 0.0, 1.0],
                [0.988021, 0.110255, 0.107931, -0.08343, 0.083131, -0.969733, 0.2296, -0.012498, 0.129977, -0.217879, -0.967283, -0.059718, 0.0, 0.0, 0.0, 1.0],
                [0.931206, 0.164297, 0.325356, -0.071489, 0.170868, -0.985262, 0.008481, -0.02249, 0.321951, 0.047696, -0.945555, -0.071178, 0.0, 0.0, 0.0, 1.0],
                [0.846726, 0.205011, 0.490937, -0.050425, 0.282219, -0.955326, -0.08782, -0.034975, 0.450996, 0.212913, -0.866759, -0.083164, 0.0, 0.0, 0.0, 1.0],
                [0.77374, 0.229589, 0.590433, -0.029776, 0.312983, -0.948869, -0.041194, -0.04371, 0.55078, 0.216671, -0.806037, -0.088795, 0.0, 0.0, 0.0, 1.0],
                [0.723734, 0.315371, 0.613798, -0.018746, 0.214482, -0.948215, 0.234291, -0.047147, 0.655895, -0.037916, -0.753898, -0.09004, 0.0, 0.0, 0.0, 1.0],
                [0.676855, 0.466015, 0.569822, -0.009471, 0.07804, -0.815162, 0.573957, -0.049898, 0.731963, -0.344019, -0.588115, -0.09001, 0.0, 0.0, 0.0, 1.0],
                [0.645208, 0.555984, 0.524012, -0.001629, -0.095943, -0.621483, 0.777534, -0.052027, 0.757952, -0.551951, -0.347644, -0.089284, 0.0, 0.0, 0.0, 1.0],
                [0.56586, 0.487079, 0.66525, 0.005024, -0.411299, -0.532534, 0.739759, -0.053749, 0.714581, -0.692222, -0.101005, -0.088129, 0.0, 0.0, 0.0, 1.0],
                [0.459437, 0.414898, 0.785353, 0.010914, -0.637332, -0.461856, 0.616843, -0.05492, 0.61864, -0.783938, 0.052234, -0.086865, 0.0, 0.0, 0.0, 1.0],
                [0.524187, 0.424931, 0.738013, 0.014409, -0.605979, -0.422773, 0.673834, -0.054389, 0.598338, -0.800442, 0.035887, -0.086688, 0.0, 0.0, 0.0, 1.0],
                [0.661804, 0.422265, 0.61944, 0.014149, -0.47819, -0.398578, 0.782605, -0.05175, 0.577355, -0.814149, -0.061858, -0.088331, 0.0, 0.0, 0.0, 1.0],
                [0.785694, 0.395962, 0.475285, 0.010635, -0.338885, -0.367264, 0.866185, -0.04816, 0.517525, -0.841631, -0.154372, -0.09082, 0.0, 0.0, 0.0, 1.0],
                [0.881809, 0.285805, 0.37513, 0.002957, -0.286378, -0.30747, 0.907443, -0.042302, 0.374689, -0.907628, -0.189281, -0.094249, 0.0, 0.0, 0.0, 1.0],
                [0.94927, 0.184204, 0.254848, -0.011534, -0.190276, -0.308746, 0.931919, -0.037213, 0.250344, -0.933142, -0.258034, -0.095727, 0.0, 0.0, 0.0, 1.0],
                [0.978569, 0.12748, 0.161686, -0.032194, -0.103535, -0.374107, 0.92159, -0.038058, 0.17797, -0.918588, -0.352891, -0.090537, 0.0, 0.0, 0.0, 1.0],
                [0.995667, 0.064483, 0.066925, -0.057326, -0.025786, -0.500172, 0.865545, -0.038584, 0.089286, -0.863528, -0.496343, -0.076859, 0.0, 0.0, 0.0, 1.0],
                [0.981264, -0.158502, -0.109502, -0.088862, -0.068546, -0.818471, 0.570451, -0.031899, -0.18004, -0.552261, -0.814001, -0.042062, 0.0, 0.0, 0.0, 1.0],
                [0.995024, -0.098239, 0.016388, -0.091849, -0.099264, -0.991626, 0.082669, -0.040923, 0.008129, -0.083885, -0.996444, -0.023924, 0.0, 0.0, 0.0, 1.0],
                [0.990488, -0.12528, -0.05683, -0.092288, -0.128448, -0.990137, -0.056027, -0.038349, -0.04925, 0.062794, -0.996812, 0.026374, 0.0, 0.0, 0.0, 1.0],
                [0.908775, -0.203185, -0.364468, -0.092113, -0.399793, -0.674147, -0.621043, -0.012267, -0.119517, 0.710106, -0.693881, 0.045254, 0.0, 0.0, 0.0, 1.0],
                [0.80573, -0.237872, -0.542413, -0.090504, -0.556532, -0.617398, -0.555961, 0.010627, -0.202635, 0.749831, -0.629841, 0.048777, 0.0, 0.0, 0.0, 1.0],
                [0.744878, -0.257477, -0.615516, -0.086937, -0.61515, -0.62224, -0.484158, 0.011779, -0.258336, 0.73928, -0.62188, 0.054648, 0.0, 0.0, 0.0, 1.0],
                [0.707973, -0.283954, -0.646639, -0.083632, -0.643072, -0.637678, -0.424059, 0.010152, -0.291931, 0.716064, -0.634062, 0.059881, 0.0, 0.0, 0.0, 1.0],
                [0.689419, -0.30633, -0.6564, -0.080876, -0.651388, -0.658554, -0.376831, 0.010924, -0.316837, 0.687371, -0.65356, 0.063424, 0.0, 0.0, 0.0, 1.0],
                [0.678949, -0.341282, -0.65004, -0.077946, -0.653925, -0.683622, -0.324105, 0.011821, -0.333766, 0.645134, -0.687318, 0.06684, 0.0, 0.0, 0.0, 1.0],
                [0.674722, -0.382367, -0.631304, -0.075202, -0.652657, -0.70851, -0.268428, 0.012699, -0.344643, 0.593144, -0.727603, 0.069759, 0.0, 0.0, 0.0, 1.0],
                [0.672847, -0.422595, -0.607198, -0.07288, -0.651716, -0.726991, -0.216222, 0.013965, -0.35005, 0.54121, -0.764566, 0.071947, 0.0, 0.0, 0.0, 1.0],
                [0.677129, -0.444223, -0.586652, -0.071328, -0.643328, -0.744399, -0.178887, 0.014338, -0.357233, 0.498544, -0.789837, 0.073413, 0.0, 0.0, 0.0, 1.0],
                [0.695481, -0.437881, -0.569705, -0.07165, -0.628528, -0.754965, -0.187032, 0.014326, -0.348205, 0.488158, -0.800286, 0.073102, 0.0, 0.0, 0.0, 1.0],
                [0.726941, -0.408989, -0.551618, -0.073736, -0.599934, -0.769097, -0.22039, 0.014081, -0.334107, 0.491149, -0.804456, 0.071047, 0.0, 0.0, 0.0, 1.0],
                [0.747198, -0.380038, -0.545219, -0.076076, -0.577198, -0.777742, -0.248923, 0.013947, -0.329436, 0.500698, -0.800485, 0.068563, 0.0, 0.0, 0.0, 1.0],
                [0.740384, -0.357701, -0.569104, -0.078326, -0.575684, -0.774512, -0.26215, 0.013885, -0.347002, 0.52172, -0.77936, 0.065993, 0.0, 0.0, 0.0, 1.0],
                [0.722758, -0.334338, -0.604844, -0.080807, -0.582271, -0.766015, -0.272368, 0.013937, -0.372252, 0.549044, -0.74832, 0.06292, 0.0, 0.0, 0.0, 1.0],
                [0.714449, -0.319972, -0.622236, -0.082748, -0.582895, -0.764107, -0.276362, 0.014098, -0.387023, 0.56015, -0.732427, 0.060308, 0.0, 0.0, 0.0, 1.0],
                [0.7192, -0.317781, -0.61787, -0.084113, -0.575325, -0.770961, -0.273172, 0.014464, -0.38954, 0.551947, -0.737304, 0.0583, 0.0, 0.0, 0.0, 1.0],
                [0.726053, -0.320089, -0.608594, -0.085283, -0.567061, -0.779329, -0.266629, 0.015027, -0.388946, 0.538701, -0.747345, 0.05643, 0.0, 0.0, 0.0, 1.0],
                [0.735536, -0.322051, -0.596043, -0.086297, -0.556617, -0.788811, -0.260689, 0.015518, -0.386205, 0.523518, -0.759459, 0.054727, 0.0, 0.0, 0.0, 1.0],
                [0.745883, -0.325554, -0.581094, -0.087292, -0.545715, -0.798898, -0.252906, 0.01595, -0.381896, 0.505755, -0.773545, 0.052997, 0.0, 0.0, 0.0, 1.0],
                [0.756308, -0.327934, -0.566087, -0.088266, -0.534249, -0.809009, -0.245126, 0.016323, -0.37758, 0.487826, -0.78706, 0.051244, 0.0, 0.0, 0.0, 1.0],
                [0.767805, -0.328463, -0.550076, -0.089351, -0.520662, -0.820212, -0.236996, 0.016292, -0.37333, 0.468375, -0.800783, 0.049336, 0.0, 0.0, 0.0, 1.0],
                [0.779594, -0.326252, -0.534593, -0.090603, -0.505694, -0.831485, -0.230024, 0.015863, -0.369456, 0.44967, -0.813205, 0.047147, 0.0, 0.0, 0.0, 1.0],
                [0.791267, -0.320367, -0.520824, -0.092026, -0.488734, -0.843231, -0.223842, 0.014935, -0.367459, 0.431667, -0.823796, 0.044626, 0.0, 0.0, 0.0, 1.0],
                [0.800348, -0.307904, -0.514427, -0.094022, -0.467081, -0.858166, -0.213054, 0.012194, -0.37586, 0.4108, -0.830648, 0.041165, 0.0, 0.0, 0.0, 1.0],
                [0.809858, -0.286804, -0.511732, -0.096402, -0.437164, -0.876757, -0.200474, 0.007852, -0.391164, 0.38607, -0.83543, 0.036446, 0.0, 0.0, 0.0, 1.0],
                [0.825003, -0.260917, -0.501285, -0.098477, -0.405209, -0.891425, -0.202912, 0.004075, -0.39391, 0.370531, -0.841156, 0.03113, 0.0, 0.0, 0.0, 1.0],
                [0.848804, -0.235624, -0.473296, -0.099881, -0.377894, -0.896461, -0.23143, 0.00278, -0.369757, 0.375297, -0.849962, 0.026449, 0.0, 0.0, 0.0, 1.0],
                [0.880253, -0.223008, -0.418826, -0.10073, -0.357675, -0.891865, -0.276862, 0.00403, -0.31179, 0.393516, -0.864832, 0.022821, 0.0, 0.0, 0.0, 1.0],
                [0.912671, -0.214925, -0.347606, -0.10127, -0.335664, -0.879414, -0.337591, 0.006552, -0.23313, 0.424793, -0.87476, 0.019621, 0.0, 0.0, 0.0, 1.0],
                [0.939236, -0.213074, -0.269123, -0.101518, -0.30905, -0.86611, -0.392873, 0.009766, -0.149377, 0.452177, -0.879333, 0.016796, 0.0, 0.0, 0.0, 1.0],
                [0.958585, -0.214795, -0.186999, -0.101581, -0.27607, -0.862078, -0.424986, 0.013005, -0.069922, 0.459015, -0.885675, 0.01399, 0.0, 0.0, 0.0, 1.0],
                [0.970124, -0.215782, -0.110845, -0.101534, -0.242569, -0.868017, -0.433261, 0.015764, -0.002725, 0.447209, -0.894428, 0.011221, 0.0, 0.0, 0.0, 1.0],
                [0.974863, -0.216988, -0.050495, -0.101507, -0.217751, -0.880149, -0.421819, 0.01764, 0.047086, 0.422215, -0.905275, 0.008286, 0.0, 0.0, 0.0, 1.0],
                [0.975265, -0.220436, 0.016099, -0.101595, -0.206275, -0.933949, -0.291886, 0.018294, 0.079377, 0.281348, -0.95632, 0.005231, 0.0, 0.0, 0.0, 1.0],
                [0.97357, -0.216, 0.074138, -0.101742, -0.206657, -0.971461, -0.116475, 0.018109, 0.09718, 0.098077, -0.990424, 0.002058, 0.0, 0.0, 0.0, 1.0],
