{
    "animation": [
        {
            "name": "Root",
            "time": [0.0, 0.0333, 0.0667, 0.1, 0.1333, 0.1667, 0.2, 0.2333, 0.2667, 0.3, 0.3333, 0.3667, 0.4, 0.4333, 0.4667, 0.5, 0.5333, 0.5667, 0.6, 0.6333, 0.6667, 0.7, 0.7333, 0.7667, 0.8, 0.8333],
            "transform": [
                [0.999992, 4.2e-05, -0.003874, 0.020326, -0.003874, 0.003908, -0.999985, 0.001628, -2.7e-05, 0.999992, 0.003908, 0.632693, 0.0, 0.0, 0.0, 1.0],
                [0.999992, 5.2e-05, -0.003864, 0.014074, -0.003864, 0.003907, -0.999985, 0.001628, -3.7e-05, 0.999992, 0.003907, 0.673919, 0.0, 0.0, 0.0, 1.0],
                [0.999992, 8e-05, -0.003838, 0.006092, -0.003838, 0.003907, -0.999985, 0.001628, -6.5e-05, 0.999992, 0.003907, 0.703685, 0.0, 0.0, 0.0, 1.0],
                [0.999993, 0.00014, -0.003781, -0.005491, -0.003782, 0.003905, -0.999985, 0.001628, -0.000126, 0.999992, 0.003906, 0.7135, 0.0, 0.0, 0.0, 1.0],
                [0.999993, 0.000207, -0.003722, -0.018217, -0.003723, 0.003903, -0.999985, 0.001628, -0.000193, 0.999992, 0.003904, 0.713686, 0.0, 0.0, 0.0, 1.0],
                [0.999993, 0.000246, -0.003689, -0.029961, -0.003689, 0.003901, -0.999985, 0.001628, -0.000232, 0.999992, 0.003901, 0.702036, 0.0, 0.0, 0.0, 1.0],
                [0.999993, 0.000231, -0.003701, -0.03971, -0.003702, 0.003901, -0.999985, 0.001628, -0.000217, 0.999992, 0.003902, 0.670128, 0.0, 0.0, 0.0, 1.0],
                [0.999993, 0.000207, -0.003722, -0.048352, -0.003723, 0.003902, -0.999985, 0.001628, -0.000192, 0.999992, 0.003903, 0.635819, 0.0, 0.0, 0.0, 1.0],
                [0.999993, 0.000198, -0.00373, -0.056951, -0.003731, 0.003903, -0.999985, 0.001628, -0.000184, 0.999992, 0.003903, 0.611422, 0.0, 0.0, 0.0, 1.0],
                [0.999993, 0.000193, -0.003734, -0.064341, -0.003735, 0.003903, -0.999985, 0.001628, -0.000179, 0.999992, 0.003904, 0.592959, 0.0, 0.0, 0.0, 1.0],
                [0.999993, 0.000208, -0.003721, -0.067701, -0.003721, 0.003903, -0.999985, 0.001628, -0.000194, 0.999992, 0.003903, 0.589797, 0.0, 0.0, 0.0, 1.0],
                [0.999993, 0.000239, -0.003695, -0.065071, -0.003696, 0.0039, -0.999985, 0.001628, -0.000224, 0.999992, 0.003901, 0.60802, 0.0, 0.0, 0.0, 1.0],
                [0.999993, 0.000219, -0.003712, -0.058254, -0.003712, 0.003902, -0.999985, 0.001628, -0.000205, 0.999992, 0.003902, 0.635782, 0.0, 0.0, 0.0, 1.0],
                [0.999993, 0.000132, -0.00379, -0.049365, -0.003791, 0.003906, -0.999985, 0.001628, -0.000117, 0.999992, 0.003907, 0.665146, 0.0, 0.0, 0.0, 1.0],
                [0.999998, 2.3e-05, -0.00205, -0.038906, -0.00205, 0.003909, -0.99999, 0.001628, -1.5e-05, 0.999992, 0.003909, 0.692263, 0.0, 0.0, 0.0, 1.0],
                [1.0, -7.1e-05, -0.0, -0.026109, 0.0, 0.003908, -0.999992, 0.001628, 7.1e-05, 0.999992, 0.003908, 0.708338, 0.0, 0.0, 0.0, 1.0],
                [1.0, -0.000119, -0.0, -0.011485, 0.0, 0.003906, -0.999992, 0.001628, 0.000119, 0.999992, 0.003906, 0.707607, 0.0, 0.0, 0.0, 1.0],
                [1.0, -9.5e-05, -0.0, 0.001619, 0.0, 0.003907, -0.999992, 0.001628, 9.5e-05, 0.999992, 0.003907, 0.687248, 0.0, 0.0, 0.0, 1.0],
                [0.999997, -2e-06, -0.002325, 0.012739, -0.002325, 0.003908, -0.999989, 0.001628, 1.1e-05, 0.999992, 0.003908, 0.652893, 0.0, 0.0, 0.0, 1.0],
                [0.999992, 9e-05, -0.003828, 0.022074, -0.003828, 0.003907, -0.999985, 0.001628, -7.5e-05, 0.999992, 0.003907, 0.618534, 0.0, 0.0, 0.0, 1.0],
                [0.999993, 0.000131, -0.003789, 0.027954, -0.00379, 0.003906, -0.999985, 0.001628, -0.000116, 0.999992, 0.003906, 0.595235, 0.0, 0.0, 0.0, 1.0],
                [0.999993, 0.000125, -0.003795, 0.029557, -0.003795, 0.003906, -0.999985, 0.001628, -0.00011, 0.999992, 0.003907, 0.587179, 0.0, 0.0, 0.0, 1.0],
                [0.999992, 9.6e-05, -0.003822, 0.026221, -0.003822, 0.003907, -0.999985, 0.001628, -8.1e-05, 0.999992, 0.003907, 0.600215, 0.0, 0.0, 0.0, 1.0],
                [0.999992, 5.2e-05, -0.003864, 0.021412, -0.003864, 0.003908, -0.999985, 0.001628, -3.7e-05, 0.999992, 0.003908, 0.626297, 0.0, 0.0, 0.0, 1.0],
                [0.999992, 6e-06, -0.003909, 0.016599, -0.003909, 0.003908, -0.999984, 0.001628, 1e-05, 0.999992, 0.003908, 0.654623, 0.0, 0.0, 0.0, 1.0],
                [0.999992, 6e-06, -0.003909, 0.016599, -0.003909, 0.003908, -0.999984, 0.001628, 1e-05, 0.999992, 0.003908, 0.654623, 0.0, 0.0, 0.0, 1.0]
            ]
        },
        {
            "name": "Thigh_R",
            "time": [0.0, 0.0333, 0.0667, 0.1, 0.1333, 0.1667, 0.2, 0.2333, 0.2667, 0.3, 0.3333, 0.3667, 0.4, 0.4333, 0.4667, 0.5, 0.5333, 0.5667, 0.6, 0.6333, 0.6667, 0.7, 0.7333, 0.7667, 0.8, 0.8333],
            "transform": [
                [0.996689, -0.018591, 0.079013, 0.103334, -0.039985, -0.959578, 0.278623, 0.000772, 0.070638, -0.280866, -0.957145, 0.001564, 0.0, 0.0, 0.0, 1.0],
                [0.997214, -0.022153, 0.071094, 0.103322, -0.021738, -0.999751, -0.006596, -0.002199, 0.071221, 0.005033, -0.997448, 0.000853, 0.0, 0.0, 0.0, 1.0],
                [0.997061, -0.009386, 0.075928, 0.103293, 0.013178, -0.956549, -0.2913, -0.003311, 0.075362, 0.291449, -0.953614, 0.000779, 0.0, 0.0, 0.0, 1.0],
                [0.994753, 0.021225, 0.100009, 0.103289, 0.05893, -0.918398, -0.391261, -0.002392, 0.083543, 0.395107, -0.91483, 0.00258, 0.0, 0.0, 0.0, 1.0],
                [0.993111, 0.039515, 0.110241, 0.103213, 0.065766, -0.967088, -0.245827, -0.001071, 0.096898, 0.251388, -0.963025, 0.005185, 0.0, 0.0, 0.0, 1.0],
                [0.994376, 0.042044, 0.097114, 0.103113, 0.060505, -0.978783, -0.195801, -0.000905, 0.08682, 0.20058, -0.975823, 0.006923, 0.0, 0.0, 0.0, 1.0],
                [0.998491, 0.039619, 0.037778, 0.103125, 0.044718, -0.988367, -0.145425, -0.002314, 0.031576, 0.146897, -0.988648, 0.006396, 0.0, 0.0, 0.0, 1.0],
                [0.999461, 0.031653, -0.007583, 0.103125, 0.030954, -0.996387, -0.079201, -0.003826, -0.010063, 0.078925, -0.99683, 0.005625, 0.0, 0.0, 0.0, 1.0],
                [0.999519, 0.02818, -0.012187, 0.103068, 0.028312, -0.99955, 0.010807, -0.004804, -0.011877, -0.011147, -0.999867, 0.005906, 0.0, 0.0, 0.0, 1.0],
                [0.999539, 0.029759, -0.003954, 0.103, 0.03001, -0.993923, 0.106009, -0.005382, -0.000775, -0.106081, -0.994357, 0.006559, 0.0, 0.0, 0.0, 1.0],
                [0.998937, 0.042014, 0.018339, 0.102938, 0.036301, -0.969307, 0.243201, -0.004283, 0.027993, -0.242282, -0.969803, 0.008147, 0.0, 0.0, 0.0, 1.0],
                [0.996116, 0.069838, 0.053387, 0.102809, 0.038647, -0.893423, 0.447573, -0.000649, 0.078953, -0.443783, -0.892653, 0.010537, 0.0, 0.0, 0.0, 1.0],
                [0.994121, 0.08113, 0.071521, 0.102815, 0.022067, -0.799548, 0.60021, 0.002628, 0.105877, -0.595119, -0.796638, 0.010164, 0.0, 0.0, 0.0, 1.0],
                [0.995978, 0.061777, 0.064681, 0.103085, -0.001853, -0.708761, 0.705456, 0.003933, 0.089422, -0.702759, -0.705796, 0.00625, 0.0, 0.0, 0.0, 1.0],
                [0.998139, 0.033177, 0.0509, 0.103225, -0.017424, -0.646269, 0.762918, 0.004854, 0.058205, -0.762406, -0.644489, 0.001433, 0.0, 0.0, 0.0, 1.0],
                [0.99949, 0.005222, 0.031036, 0.103157, -0.020648, -0.635439, 0.771883, 0.005596, 0.023751, -0.772152, -0.635007, -0.0029, 0.0, 0.0, 0.0, 1.0],
                [0.999762, -0.016946, 0.012648, 0.103022, -0.020491, -0.628696, 0.777388, 0.006133, -0.005222, -0.777485, -0.628894, -0.005469, 0.0, 0.0, 0.0, 1.0],
                [0.999497, -0.025723, 0.017743, 0.102993, -0.02974, -0.608876, 0.792715, 0.007432, -0.009587, -0.792867, -0.609334, -0.004263, 0.0, 0.0, 0.0, 1.0],
                [0.998146, -0.021795, 0.056581, 0.102917, -0.058763, -0.577689, 0.814145, 0.009441, 0.014942, -0.815984, -0.577899, 3.6e-05, 0.0, 0.0, 0.0, 1.0],
                [0.994324, -0.007906, 0.105967, 0.102678, -0.091039, -0.577675, 0.81118, 0.010877, 0.054799, -0.816246, -0.575116, 0.004468, 0.0, 0.0, 0.0, 1.0],
                [0.990241, 0.015707, 0.138381, 0.102593, -0.09962, -0.614466, 0.782635, 0.010672, 0.09732, -0.788804, -0.606905, 0.006473, 0.0, 0.0, 0.0, 1.0],
                [0.98963, 0.022105, 0.141839, 0.102797, -0.086499, -0.696731, 0.712107, 0.008741, 0.114562, -0.717011, -0.687594, 0.006114, 0.0, 0.0, 0.0, 1.0],
                [0.992191, 0.007895, 0.124378, 0.103101, -0.063958, -0.8243, 0.562545, 0.00558, 0.106963, -0.566122, -0.817358, 0.004482, 0.0, 0.0, 0.0, 1.0],
                [0.995876, -0.014444, 0.089445, 0.103313, -0.043802, -0.940937, 0.335765, 0.001688, 0.079311, -0.338306, -0.937689, 0.002125, 0.0, 0.0, 0.0, 1.0],
                [0.998923, -0.026711, 0.037662, 0.103321, -0.029623, -0.996444, 0.07901, -0.002385, 0.035417, -0.080042, -0.996162, -0.000338, 0.0, 0.0, 0.0, 1.0],
                [0.998923, -0.026711, 0.037662, 0.103321, -0.029623, -0.996444, 0.07901, -0.002385, 0.035417, -0.080042, -0.996162, -0.000338, 0.0, 0.0, 0.0, 1.0]
            ]
        },
        {
            "name": "Leg_R",
            "time": [0.0, 0.0333, 0.0667, 0.1, 0.1333, 0.1667, 0.2, 0.2333, 0.2667, 0.3, 0.3333, 0.3667, 0.4, 0.4333, 0.4667, 0.5, 0.5333, 0.5667, 0.6, 0.6333, 0.6667, 0.7, 0.7333, 0.7667, 0.8, 0.8333],
            "transform": [
                [0.999998, 0.001914, -0.000395, 0.0, -0.000395, 0.3959, 0.918294, 0.37472, 0.001914, -0.918292, 0.3959, 0.0, 0.0, 0.0, 0.0, 1.0],
                [0.999997, 0.001829, -0.00069, -0.0, -0.00069, 0.660361, 0.750949, 0.37472, 0.001829, -0.750945, 0.660364, 0.0, 0.0, 0.0, 0.0, 1.0],
                [0.999997, 0.001668, -0.001017, -0.0, -0.001017, 0.888794, 0.458301, 0.37472, 0.001669, -0.458294, 0.888803, -0.0, 0.0, 0.0, 0.0, 1.0],
                [0.999998, 0.001616, -0.001106, -0.0, -0.001106, 0.932122, 0.362131, 0.37472, 0.001617, -0.362125, 0.932133, 0.0, 0.0, 0.0, 0.0, 1.0],
                [0.999997, 0.001826, -0.000699, -0.0, -0.000698, 0.667096, 0.744973, 0.37472, 0.001827, -0.744969, 0.667098, 0.0, 0.0, 0.0, 0.0, 1.0],
                [0.999995, 0.001905, -0.000443, 0.0, -0.000442, 0.440541, 0.897734, 0.37472, 0.001906, -0.897734, 0.44054, 0.0, 0.0, 0.0, 0.0, 1.0],
                [0.999994, 0.001947, -0.000193, -0.0, -0.000192, 0.195537, 0.980697, 0.37472, 0.001947, -0.980699, 0.195536, 0.0, 0.0, 0.0, 0.0, 1.0],
                [0.999993, 0.001955, 5e-06, -0.0, 4e-06, -0.004281, 0.999992, 0.37472, 0.001955, -0.999994, -0.004281, -0.0, 0.0, 0.0, 0.0, 1.0],
                [0.999994, 0.001953, 8.6e-05, -0.0, 8.5e-05, -0.087266, 0.996187, 0.37472, 0.001953, -0.996187, -0.087266, 0.0, 0.0, 0.0, 0.0, 1.0],
                [0.999993, 0.001953, 9.3e-05, 0.0, 9.3e-05, -0.095088, 0.995471, 0.37472, 0.001953, -0.995471, -0.095088, 0.0, 0.0, 0.0, 0.0, 1.0],
                [0.999994, 0.001952, 0.000104, -0.0, 0.000104, -0.106108, 0.994357, 0.37472, 0.001952, -0.994356, -0.106108, 0.0, 0.0, 0.0, 0.0, 1.0],
                [0.999995, 0.001949, 0.000144, 0.0, 0.000142, -0.145938, 0.989296, 0.37472, 0.001949, -0.989293, -0.145939, -0.0, 0.0, 0.0, 0.0, 1.0],
                [0.999997, 0.001953, 8.6e-05, -0.0, 8.5e-05, -0.087428, 0.996172, 0.37472, 0.001953, -0.99617, -0.087428, 0.0, 0.0, 0.0, 0.0, 1.0],
                [0.999998, 0.001956, -3.6e-05, 0.0, -3.8e-05, 0.037786, 0.999286, 0.37472, 0.001955, -0.999285, 0.037786, -0.0, 0.0, 0.0, 0.0, 1.0],
                [0.999997, 0.001942, -0.000251, -0.0, -0.000252, 0.25458, 0.967052, 0.37472, 0.001942, -0.967052, 0.254579, -0.0, 0.0, 0.0, 0.0, 1.0],
                [0.999997, 0.001891, -0.000507, 0.0, -0.000508, 0.50083, 0.865548, 0.37472, 0.001891, -0.865543, 0.500831, -0.0, 0.0, 0.0, 0.0, 1.0],
                [0.999995, 0.001822, -0.000711, 0.0, -0.000712, 0.677968, 0.735095, 0.37472, 0.001822, -0.735088, 0.677973, 0.0, 0.0, 0.0, 0.0, 1.0],
                [0.999994, 0.001773, -0.000822, 0.0, -0.000823, 0.763785, 0.645473, 0.37472, 0.001772, -0.645464, 0.763793, -0.0, 0.0, 0.0, 0.0, 1.0],
                [0.999994, 0.001807, -0.000748, 0.0, -0.00075, 0.707884, 0.706332, 0.37472, 0.001806, -0.706324, 0.707889, -0.0, 0.0, 0.0, 0.0, 1.0],
                [0.999997, 0.001875, -0.000557, 0.0, -0.00056, 0.547212, 0.836996, 0.37472, 0.001875, -0.836991, 0.547215, 0.0, 0.0, 0.0, 0.0, 1.0],
                [0.999998, 0.001927, -0.000339, 0.0, -0.000342, 0.342569, 0.939493, 0.37472, 0.001927, -0.939491, 0.342569, -0.0, 0.0, 0.0, 0.0, 1.0],
                [0.999998, 0.001945, -0.000199, -0.0, -0.000202, 0.203872, 0.978998, 0.37472, 0.001944, -0.978996, 0.203872, 0.0, 0.0, 0.0, 0.0, 1.0],
                [0.999998, 0.001943, -0.000212, 0.0, -0.000213, 0.216239, 0.976341, 0.37472, 0.001943, -0.97634, 0.216239, 0.0, 0.0, 0.0, 0.0, 1.0],
                [0.999998, 0.001923, -0.000357, 0.0, -0.000356, 0.358346, 0.933589, 0.37472, 0.001923, -0.933588, 0.358346, 0.0, 0.0, 0.0, 0.0, 1.0],
                [0.999997, 0.001872, -0.000523, -0.0, -0.000524, 0.51869, 0.854963, 0.37472, 0.001872, -0.854961, 0.518691, 0.0, 0.0, 0.0, 0.0, 1.0],
                [0.999997, 0.001872, -0.000523, -0.0, -0.000524, 0.51869, 0.854963, 0.37472, 0.001872, -0.854961, 0.518691, 0.0, 0.0, 0.0, 0.0, 1.0]
            ]
        },
        {
            "name": "Knee_R",
            "time": [0.0, 0.8333],
            "transform": [
                [1.0, 0.0, -0.0, 0.0, -0.0, 0.0, -1.0, 0.37472, -0.0, 1.0, 0.0, 0.0, 0.0, 0.0, 0.0, 1.0],
                [1.0, 0.0, -0.0, -0.0, -0.0, 0.0, -1.0, 0.37472, -0.0, 1.0, 0.0, 0.0, 0.0, 0.0, 0.0, 1.0]
            ]
        },
        {
            "name": "Thigh_L",
            "time": [0.0, 0.0333, 0.0667, 0.1, 0.1333, 0.1667, 0.2, 0.2333, 0.2667, 0.3, 0.3333, 0.3667, 0.4, 0.4333, 0.4667, 0.5, 0.5333, 0.5667, 0.6, 0.6333, 0.6667, 0.7, 0.7333, 0.7667, 0.8, 0.8333],
            "transform": [
                [0.999071, -0.017418, -0.039296, -0.10327, 0.008239, -0.819667, 0.572787, 0.003652, -0.042186, -0.572584, -0.818763, -0.00235, 0.0, 0.0, 0.0, 1.0],
                [0.99747, -0.042515, -0.056884, -0.10327, 0.003065, -0.77448, 0.632597, 0.003652, -0.070949, -0.631177, -0.772391, -0.00235, 0.0, 0.0, 0.0, 1.0],
                [0.994498, -0.037238, -0.097861, -0.10327, 0.036999, -0.74935, 0.661145, 0.003652, -0.097951, -0.661135, -0.743849, -0.00235, 0.0, 0.0, 0.0, 1.0],
                [0.99586, -0.029605, -0.085884, -0.10327, 0.041518, -0.692569, 0.72016, 0.003652, -0.0808, -0.720752, -0.688473, -0.00235, 0.0, 0.0, 0.0, 1.0],
                [0.997485, -0.013647, -0.069476, -0.10327, 0.045655, -0.626038, 0.778458, 0.003652, -0.054118, -0.779681, -0.623841, -0.00235, 0.0, 0.0, 0.0, 1.0],
                [0.997998, 0.002928, -0.063091, -0.10327, 0.052362, -0.596922, 0.800592, 0.003652, -0.035315, -0.802301, -0.595881, -0.00235, 0.0, 0.0, 0.0, 1.0],
                [0.997553, 0.016579, -0.067846, -0.10327, 0.061581, -0.667072, 0.742448, 0.003652, -0.032949, -0.744817, -0.666461, -0.00235, 0.0, 0.0, 0.0, 1.0],
                [0.997087, 0.007548, -0.075814, -0.10327, 0.060644, -0.68099, 0.729782, 0.003652, -0.04612, -0.732262, -0.679465, -0.00235, 0.0, 0.0, 0.0, 1.0],
                [0.995208, 0.015463, -0.096504, -0.10327, 0.07749, -0.726574, 0.682709, 0.003652, -0.05956, -0.686922, -0.724291, -0.00235, 0.0, 0.0, 0.0, 1.0],
                [0.994164, 0.037368, -0.101145, -0.10327, 0.088302, -0.820483, 0.564817, 0.003652, -0.061881, -0.570458, -0.818995, -0.00235, 0.0, 0.0, 0.0, 1.0],
                [0.9941, 0.059245, -0.090797, -0.10327, 0.088709, -0.92596, 0.367067, 0.003652, -0.062327, -0.372959, -0.925754, -0.00235, 0.0, 0.0, 0.0, 1.0],
                [0.994623, 0.072177, -0.074199, -0.10327, 0.080868, -0.989267, 0.121741, 0.003652, -0.064615, -0.127088, -0.989786, -0.00235, 0.0, 0.0, 0.0, 1.0],
                [0.995884, 0.078402, -0.045347, -0.10327, 0.073149, -0.991491, -0.107741, 0.003652, -0.053408, 0.103982, -0.993145, -0.00235, 0.0, 0.0, 0.0, 1.0],
                [0.997812, 0.058814, -0.029981, -0.10327, 0.046456, -0.948271, -0.314065, 0.003652, -0.046901, 0.311989, -0.948929, -0.00235, 0.0, 0.0, 0.0, 1.0],
                [0.99884, 0.039325, -0.027557, -0.10327, 0.027379, -0.937862, -0.345945, 0.003652, -0.039448, 0.344794, -0.937851, -0.00235, 0.0, 0.0, 0.0, 1.0],
                [0.998488, 0.016092, -0.052442, -0.10327, 0.001263, -0.962504, -0.271289, 0.003652, -0.05484, 0.270816, -0.961069, -0.00235, 0.0, 0.0, 0.0, 1.0],
                [0.997558, -0.01376, -0.068378, -0.10327, -0.030275, -0.968607, -0.246771, 0.003652, -0.062835, 0.248241, -0.96666, -0.00235, 0.0, 0.0, 0.0, 1.0],
                [0.996842, -0.036115, -0.070634, -0.10327, -0.052205, -0.969055, -0.241287, 0.003652, -0.059734, 0.244216, -0.967881, -0.002351, 0.0, 0.0, 0.0, 1.0],
                [0.996766, -0.049141, -0.063489, -0.10327, -0.062617, -0.970775, -0.231707, 0.003652, -0.050246, 0.234936, -0.970713, -0.00235, 0.0, 0.0, 0.0, 1.0],
                [0.997303, -0.054273, -0.049291, -0.10327, -0.062756, -0.979546, -0.191216, 0.003652, -0.037905, 0.193796, -0.980311, -0.00235, 0.0, 0.0, 0.0, 1.0],
                [0.999363, -0.029395, -0.019922, -0.10327, -0.030283, -0.998495, -0.045848, 0.003652, -0.018544, 0.046423, -0.998751, -0.00235, 0.0, 0.0, 0.0, 1.0],
                [0.999895, 0.012807, 0.005984, -0.10327, 0.011471, -0.982504, 0.185917, 0.003652, 0.008261, -0.185831, -0.982548, -0.00235, 0.0, 0.0, 0.0, 1.0],
                [0.999874, 0.015149, -0.003276, -0.10327, 0.015208, -0.918071, 0.396138, 0.003652, 0.002993, -0.396143, -0.918186, -0.00235, 0.0, 0.0, 0.0, 1.0],
                [0.999419, -0.010213, -0.032363, -0.10327, 0.009036, -0.839135, 0.543856, 0.003652, -0.032711, -0.543837, -0.838556, -0.00235, 0.0, 0.0, 0.0, 1.0],
                [0.997569, -0.042341, -0.055258, -0.10327, 0.005275, -0.745515, 0.666474, 0.003652, -0.069414, -0.665152, -0.743479, -0.00235, 0.0, 0.0, 0.0, 1.0],
                [0.997569, -0.042341, -0.055258, -0.10327, 0.005275, -0.745515, 0.666474, 0.003652, -0.069414, -0.665152, -0.743479, -0.00235, 0.0, 0.0, 0.0, 1.0]
            ]
        },
        {
            "name": "Leg_L",
            "time": [0.0, 0.0333, 0.0667, 0.1, 0.1333, 0.1667, 0.2, 0.2333, 0.2667, 0.3, 0.3333, 0.3667, 0.4, 0.4333, 0.4667, 0.5, 0.5333, 0.5667, 0.6, 0.6333, 0.6667, 0.7, 0.7333, 0.7667, 0.8, 0.8333],
            "transform": [
                [0.999993, -0.001954, -4.9e-05, -0.0, -4.9e-05, -0.050158, 0.998738, 0.37472, -0.001954, -0.998745, -0.050158, -0.0, 0.0, 0.0, 0.0, 1.0],
                [0.999994, -0.001946, 0.000185, -0.0, 0.000184, 0.187726, 0.982218, 0.37472, -0.001946, -0.982225, 0.187724, -0.0, 0.0, 0.0, 0.0, 1.0],
                [0.999995, -0.001908, 0.000421, -0.0, 0.00042, 0.420359, 0.907356, 0.37472, -0.001908, -0.907361, 0.420355, -0.0, 0.0, 0.0, 0.0, 1.0],
                [0.999995, -0.001883, 0.000521, -0.0, 0.000521, 0.514027, 0.857773, 0.37472, -0.001883, -0.857776, 0.514024, 0.0, 0.0, 0.0, 0.0, 1.0],
                [0.999995, -0.001859, 0.0006, -0.0, 0.0006, 0.584419, 0.811451, 0.37472, -0.00186, -0.811454, 0.584415, -0.0, 0.0, 0.0, 0.0, 1.0],
                [0.999995, -0.001824, 0.000705, -0.0, 0.000705, 0.672556, 0.740047, 0.37472, -0.001824, -0.740048, 0.672553, 0.0, 0.0, 0.0, 0.0, 1.0],
                [0.999996, -0.001791, 0.00079, 0.0, 0.000789, 0.737993, 0.674808, 0.37472, -0.001792, -0.674809, 0.737991, 0.0, 0.0, 0.0, 0.0, 1.0],
                [0.999994, -0.00189, 0.000506, 0.0, 0.000506, 0.499696, 0.8662, 0.37472, -0.00189, -0.866204, 0.499693, -0.0, 0.0, 0.0, 0.0, 1.0],
                [0.999994, -0.001933, 0.000289, -0.0, 0.000288, 0.292224, 0.956348, 0.37472, -0.001933, -0.956353, 0.292222, 0.0, 0.0, 0.0, 0.0, 1.0],
                [0.999994, -0.001943, 0.000207, -0.0, 0.000206, 0.210095, 0.977678, 0.37472, -0.001943, -0.977685, 0.210093, -0.0, 0.0, 0.0, 0.0, 1.0],
                [0.999994, -0.001937, 0.000271, 0.0, 0.000271, 0.274456, 0.961597, 0.37472, -0.001937, -0.961604, 0.274453, 0.0, 0.0, 0.0, 0.0, 1.0],
                [0.999994, -0.001904, 0.000447, -0.0, 0.000447, 0.444994, 0.895532, 0.37472, -0.001904, -0.895538, 0.44499, 0.0, 0.0, 0.0, 0.0, 1.0],
                [0.999993, -0.001844, 0.000664, -0.0, 0.000664, 0.637562, 0.7704, 0.37472, -0.001844, -0.770404, 0.637558, 0.0, 0.0, 0.0, 0.0, 1.0],
                [0.999993, -0.001727, 0.000922, 0.0, 0.000922, 0.831133, 0.556078, 0.37472, -0.001727, -0.556078, 0.831129, -0.0, 0.0, 0.0, 0.0, 1.0],
                [0.999994, -0.00173, 0.000921, -0.0, 0.00092, 0.829353, 0.558728, 0.37472, -0.00173, -0.558728, 0.82935, 0.0, 0.0, 0.0, 0.0, 1.0],
                [0.999993, -0.001843, 0.000663, 0.0, 0.000662, 0.63656, 0.771228, 0.37472, -0.001843, -0.771232, 0.636555, -0.0, 0.0, 0.0, 0.0, 1.0],
                [0.999993, -0.001903, 0.000453, -0.0, 0.000452, 0.45026, 0.892896, 0.37472, -0.001904, -0.892903, 0.450255, 0.0, 0.0, 0.0, 0.0, 1.0],
                [0.999994, -0.001931, 0.000308, 0.0, 0.000307, 0.310455, 0.950584, 0.37472, -0.001931, -0.950594, 0.310452, 0.0, 0.0, 0.0, 0.0, 1.0],
                [0.999994, -0.001945, 0.000196, 0.0, 0.000195, 0.198679, 0.98006, 0.37472, -0.001945, -0.98007, 0.198677, 0.0, 0.0, 0.0, 0.0, 1.0],
                [0.999994, -0.001953, 8.6e-05, -0.0, 8.6e-05, 0.087811, 0.996132, 0.37472, -0.001953, -0.996142, 0.08781, -0.0, 0.0, 0.0, 0.0, 1.0],
                [0.999994, -0.001955, -3.2e-05, -0.0, -3.3e-05, -0.033461, 0.999435, 0.37472, -0.001955, -0.999446, -0.033461, -0.0, 0.0, 0.0, 0.0, 1.0],
                [0.999994, -0.001951, -0.00012, 0.0, -0.000121, -0.122935, 0.99241, 0.37472, -0.001951, -0.99242, -0.122934, -0.0, 0.0, 0.0, 0.0, 1.0],
                [0.999993, -0.001949, -0.000147, 0.0, -0.000147, -0.149852, 0.988704, 0.37472, -0.001949, -0.988714, -0.149851, 0.0, 0.0, 0.0, 0.0, 1.0],
                [0.999993, -0.001954, -7.2e-05, -0.0, -7.2e-05, -0.074007, 0.997254, 0.37472, -0.001954, -0.997262, -0.074006, 0.0, 0.0, 0.0, 0.0, 1.0],
                [0.999993, -0.00195, 3.1e-05, -0.0, 3.1e-05, 0.031591, 0.999497, 0.37472, -0.00195, -0.999506, 0.031591, -0.0, 0.0, 0.0, 0.0, 1.0],
                [0.999993, -0.00195, 3.1e-05, -0.0, 3.1e-05, 0.031591, 0.999497, 0.37472, -0.00195, -0.999506, 0.031591, -0.0, 0.0, 0.0, 0.0, 1.0]
            ]
        },
        {
            "name": "Knee_L",
            "time": [0.0, 0.8333],
            "transform": [
                [1.0, 0.0, -0.0, -0.0, -0.0, 0.0, -1.0, 0.37472, -0.0, 1.0, 0.0, -0.0, 0.0, 0.0, 0.0, 1.0],
                [1.0, 0.0, -0.0, -0.0, -0.0, 0.0, -1.0, 0.37472, -0.0, 1.0, 0.0, -0.0, 0.0, 0.0, 0.0, 1.0]
            ]
        },
        {
            "name": "Torso",
            "time": [0.0, 0.0333, 0.0667, 0.1, 0.1333, 0.1667, 0.2, 0.2333, 0.2667, 0.3, 0.3333, 0.3667, 0.4, 0.4333, 0.4667, 0.5, 0.5333, 0.5667, 0.6, 0.6333, 0.6667, 0.7, 0.7333, 0.7667, 0.8, 0.8333],
            "transform": [
                [0.974603, -0.079454, 0.209367, -0.0, -0.063999, 0.797121, 0.600418, 0.05, -0.214596, -0.598569, 0.771792, 0.0, 0.0, 0.0, 0.0, 1.0],
                [0.948079, -0.098954, 0.302248, -0.0, -0.094, 0.820715, 0.563552, 0.05, -0.303825, -0.562703, 0.768801, -0.0, 0.0, 0.0, 0.0, 1.0],
                [0.918806, -0.113205, 0.378125, 0.0, -0.115561, 0.838858, 0.531943, 0.05, -0.377411, -0.532449, 0.757666, 0.0, 0.0, 0.0, 0.0, 1.0],
                [0.897689, -0.128603, 0.421444, 0.0, -0.124479, 0.843482, 0.522533, 0.05, -0.422681, -0.521533, 0.741177, -0.0, 0.0, 0.0, 0.0, 1.0],
                [0.882334, -0.149594, 0.446215, -0.0, -0.121689, 0.843373, 0.523366, 0.05, -0.454618, -0.516083, 0.725934, -0.0, 0.0, 0.0, 0.0, 1.0],
                [0.873195, -0.162104, 0.459621, -0.0, -0.123826, 0.838327, 0.530918, 0.05, -0.471377, -0.520509, 0.711951, 0.0, 0.0, 0.0, 0.0, 1.0],
                [0.88045, -0.161592, 0.445752, 0.0, -0.125447, 0.827237, 0.54767, 0.05, -0.457241, -0.538115, 0.70807, -0.0, 0.0, 0.0, 0.0, 1.0],
                [0.904912, -0.148244, 0.398946, 0.0, -0.114284, 0.81831, 0.5633, 0.05, -0.409968, -0.55533, 0.723557, -0.0, 0.0, 0.0, 0.0, 1.0],
                [0.937024, -0.125352, 0.325994, -0.0, -0.087335, 0.819629, 0.566198, 0.05, -0.338168, -0.559011, 0.757065, 0.0, 0.0, 0.0, 0.0, 1.0],
                [0.965475, -0.094761, 0.242646, 0.0, -0.06076, 0.823872, 0.563509, 0.05, -0.253308, -0.558797, 0.789671, -0.0, 0.0, 0.0, 0.0, 1.0],
                [0.986708, -0.051453, 0.154133, -0.0, -0.043532, 0.830174, 0.555802, 0.05, -0.156555, -0.555126, 0.8169, -0.0, 0.0, 0.0, 0.0, 1.0],
                [0.997517, 0.006036, 0.070167, 0.0, -0.043159, 0.839706, 0.541323, 0.05, -0.055652, -0.543007, 0.837882, -0.0, 0.0, 0.0, 0.0, 1.0],
                [0.998521, 0.053793, 0.007757, 0.0, -0.049629, 0.8443, 0.533567, 0.05, 0.022153, -0.533163, 0.845722, -0.0, 0.0, 0.0, 0.0, 1.0],
                [0.996031, 0.082218, -0.034069, 0.0, -0.051073, 0.841558, 0.537746, 0.05, 0.072884, -0.533872, 0.842418, 0.0, 0.0, 0.0, 0.0, 1.0],
                [0.99278, 0.102851, -0.061722, 0.0, -0.052709, 0.83629, 0.545746, 0.05, 0.107748, -0.538552, 0.835674, -0.0, 0.0, 0.0, 0.0, 1.0],
                [0.990205, 0.118333, -0.074096, -0.0, -0.057638, 0.82984, 0.555016, 0.05, 0.127164, -0.545309, 0.828533, -0.0, 0.0, 0.0, 0.0, 1.0],
                [0.989339, 0.127994, -0.069468, -0.0, -0.066378, 0.82091, 0.567185, 0.05, 0.129624, -0.556526, 0.820656, -0.0, 0.0, 0.0, 0.0, 1.0],
                [0.99027, 0.125354, -0.06043, 0.0, -0.066416, 0.807334, 0.586344, 0.05, 0.122288, -0.576626, 0.807805, -0.0, 0.0, 0.0, 0.0, 1.0],
                [0.991606, 0.116223, -0.056662, 0.0, -0.057941, 0.791176, 0.608836, 0.05, 0.115591, -0.600442, 0.791269, -0.0, 0.0, 0.0, 0.0, 1.0],
                [0.993898, 0.101015, -0.044295, -0.0, -0.05076, 0.775425, 0.629396, 0.05, 0.097925, -0.623307, 0.775821, 0.0, 0.0, 0.0, 0.0, 1.0],
                [0.997097, 0.076133, 7.6e-05, -0.0, -0.058672, 0.767784, 0.638016, 0.05, 0.048516, -0.636168, 0.770023, 0.0, 0.0, 0.0, 0.0, 1.0],
                [0.996821, 0.038033, 0.069993, 0.0, -0.073892, 0.769719, 0.634092, 0.05, -0.029758, -0.637249, 0.770083, 0.0, 0.0, 0.0, 0.0, 1.0],
                [0.991062, -0.012292, 0.13283, 0.0, -0.073666, 0.779715, 0.621787, 0.05, -0.111213, -0.626015, 0.771841, 0.0, 0.0, 0.0, 0.0, 1.0],
                [0.978502, -0.067204, 0.194977, -0.0, -0.06595, 0.793809, 0.60458, 0.05, -0.195405, -0.604442, 0.772312, 0.0, 0.0, 0.0, 0.0, 1.0],
                [0.95846, -0.12016, 0.25868, 0.0, -0.056791, 0.808375, 0.585922, 0.05, -0.279514, -0.576274, 0.767971, -0.0, 0.0, 0.0, 0.0, 1.0],
                [0.95846, -0.12016, 0.25868, 0.0, -0.056791, 0.808375, 0.585922, 0.05, -0.279514, -0.576274, 0.767971, -0.0, 0.0, 0.0, 0.0, 1.0]
            ]
        },
        {
            "name": "Chest",
            "time": [0.0, 0.0333, 0.0667, 0.1, 0.1333, 0.1667, 0.2, 0.2333, 0.2667, 0.3, 0.3333, 0.3667, 0.4, 0.4333, 0.4667, 0.5, 0.5333, 0.5667, 0.6, 0.6333, 0.6667, 0.7, 0.7333, 0.7667, 0.8, 0.8333],
            "transform": [
                [0.983734, 0.010883, -0.179306, -0.0, -0.029114, 0.994624, -0.099363, 0.3, 0.177261, 0.102967, 0.978762, -0.0, 0.0, 0.0, 0.0, 1.0],
                [0.970857, 0.015809, -0.239141, 0.0, -0.036558, 0.995913, -0.082579, 0.3, 0.236859, 0.088915, 0.967466, -0.0, 0.0, 0.0, 0.0, 1.0],
                [0.955699, 0.018719, -0.293751, -0.0, -0.041118, 0.996681, -0.070261, 0.3, 0.291461, 0.079226, 0.953296, -0.0, 0.0, 0.0, 0.0, 1.0],
                [0.939041, 0.012285, -0.343587, 0.0, -0.039581, 0.996578, -0.072545, 0.3, 0.341521, 0.081723, 0.936314, 0.0, 0.0, 0.0, 0.0, 1.0],
                [0.920714, 0.005591, -0.390199, 0.0, -0.038054, 0.996417, -0.075516, 0.3, 0.388379, 0.084377, 0.917628, 0.0, 0.0, 0.0, 0.0, 1.0],
                [0.91013, -0.002539, -0.414314, 0.0, -0.035093, 0.995915, -0.083192, 0.3, 0.412833, 0.090254, 0.906324, 0.0, 0.0, 0.0, 0.0, 1.0],
                [0.917315, -0.01164, -0.397991, -0.0, -0.027833, 0.995252, -0.09326, 0.3, 0.397187, 0.096626, 0.912636, 0.0, 0.0, 0.0, 0.0, 1.0],
                [0.935655, -0.017435, -0.352485, 0.0, -0.019535, 0.994688, -0.101054, 0.3, 0.352375, 0.101437, 0.930345, -0.0, 0.0, 0.0, 0.0, 1.0],
                [0.955905, -0.019096, -0.293056, -0.0, -0.0114, 0.994718, -0.102, 0.3, 0.293456, 0.100843, 0.950638, 0.0, 0.0, 0.0, 0.0, 1.0],
                [0.9733, -0.021122, -0.228564, -0.0, -0.002256, 0.994828, -0.101542, 0.3, 0.229527, 0.099346, 0.968218, -0.0, 0.0, 0.0, 0.0, 1.0],
                [0.98478, -0.027599, -0.171594, 0.0, 0.010668, 0.995048, -0.098821, 0.3, 0.173472, 0.095487, 0.980198, 0.0, 0.0, 0.0, 0.0, 1.0],
                [0.99124, -0.039899, -0.125901, -0.0, 0.028355, 0.995337, -0.092186, 0.3, 0.128992, 0.087808, 0.98775, -0.0, 0.0, 0.0, 0.0, 1.0],
                [0.995817, -0.050353, -0.076248, 0.0, 0.043825, 0.995417, -0.084993, 0.3, 0.080178, 0.081296, 0.993459, -0.0, 0.0, 0.0, 0.0, 1.0],
                [0.998127, -0.05766, -0.020467, 0.0, 0.055918, 0.995432, -0.07738, 0.3, 0.024835, 0.076091, 0.996791, -0.0, 0.0, 0.0, 0.0, 1.0],
                [0.99751, -0.062987, 0.031735, 0.0, 0.065102, 0.99537, -0.070708, 0.3, -0.027134, 0.072598, 0.996992, 0.0, 0.0, 0.0, 0.0, 1.0],
                [0.99562, -0.061376, 0.070525, 0.0, 0.066327, 0.995328, -0.070149, 0.3, -0.06589, 0.074519, 0.99504, 0.0, 0.0, 0.0, 0.0, 1.0],
                [0.995047, -0.052257, 0.084565, 0.0, 0.058861, 0.995246, -0.077576, 0.3, -0.080109, 0.082169, 0.993393, -0.0, 0.0, 0.0, 0.0, 1.0],
                [0.996904, -0.039521, 0.067973, -0.0, 0.045623, 0.994833, -0.090691, 0.3, -0.064037, 0.093512, 0.993556, -0.0, 0.0, 0.0, 0.0, 1.0],
                [0.999226, -0.026646, 0.028963, -0.0, 0.029547, 0.99405, -0.10483, 0.3, -0.025998, 0.105604, 0.994068, -0.0, 0.0, 0.0, 0.0, 1.0],
                [0.999759, -0.014497, -0.016535, 0.0, 0.012452, 0.992972, -0.11769, 0.3, 0.018125, 0.117456, 0.992912, -0.0, 0.0, 0.0, 0.0, 1.0],
                [0.997819, -0.008356, -0.065492, 0.0, 0.000379, 0.992666, -0.120884, 0.3, 0.066022, 0.120595, 0.990504, -0.0, 0.0, 0.0, 0.0, 1.0],
                [0.993441, -0.005459, -0.114218, 0.0, -0.007924, 0.993172, -0.116387, 0.3, 0.114074, 0.116528, 0.986614, -0.0, 0.0, 0.0, 0.0, 1.0],
                [0.989149, 0.000994, -0.146912, 0.0, -0.017214, 0.993874, -0.109174, 0.3, 0.145904, 0.110518, 0.983106, 0.0, 0.0, 0.0, 0.0, 1.0],
                [0.984817, 0.009043, -0.173358, -0.0, -0.026945, 0.994501, -0.101195, 0.3, 0.17149, 0.104329, 0.979646, 0.0, 0.0, 0.0, 0.0, 1.0],
                [0.97972, 0.017247, -0.199626, 0.0, -0.036466, 0.994998, -0.093, 0.3, 0.197024, 0.098394, 0.975448, 0.0, 0.0, 0.0, 0.0, 1.0],
                [0.97972, 0.017247, -0.199626, 0.0, -0.036466, 0.994998, -0.093, 0.3, 0.197024, 0.098394, 0.975448, 0.0, 0.0, 0.0, 0.0, 1.0]
            ]
        },
        {
            "name": "Head",
            "time": [0.0, 0.0333, 0.0667, 0.1, 0.1333, 0.1667, 0.2, 0.2333, 0.2667, 0.3, 0.3333, 0.3667, 0.4, 0.4333, 0.4667, 0.5, 0.5333, 0.5667, 0.6, 0.6333, 0.6667, 0.7, 0.7333, 0.7667, 0.8, 0.8333],
            "transform": [
                [0.998198, 0.058225, -0.014518, -0.0, -0.059926, 0.979821, -0.190684, 0.4, 0.003123, 0.191211, 0.981544, 0.0, 0.0, 0.0, 0.0, 1.0],
                [0.998149, 0.050003, -0.034633, -0.0, -0.054134, 0.989905, -0.130984, 0.4, 0.027734, 0.132616, 0.990779, -0.0, 0.0, 0.0, 0.0, 1.0],
                [0.998175, 0.042888, -0.042504, -0.0, -0.04744, 0.992506, -0.11262, 0.4, 0.037355, 0.114431, 0.992728, -0.0, 0.0, 0.0, 0.0, 1.0],
                [0.99767, 0.059774, -0.032889, 0.0, -0.062961, 0.992331, -0.10637, 0.4, 0.026278, 0.108193, 0.993782, -0.0, 0.0, 0.0, 0.0, 1.0],
                [0.995561, 0.092446, -0.017654, -0.0, -0.093711, 0.99107, -0.094863, 0.4, 0.008727, 0.096096, 0.995334, 0.0, 0.0, 0.0, 0.0, 1.0],
                [0.994317, 0.104884, -0.018239, 0.0, -0.106195, 0.989229, -0.100741, 0.4, 0.007476, 0.102105, 0.994745, -0.0, 0.0, 0.0, 0.0, 1.0],
                [0.994275, 0.10378, -0.025439, 0.0, -0.106275, 0.985181, -0.134628, 0.4, 0.01109, 0.136561, 0.99057, -0.0, 0.0, 0.0, 0.0, 1.0],
                [0.997276, 0.066974, -0.030912, 0.0, -0.071034, 0.984919, -0.157759, 0.4, 0.01988, 0.159525, 0.986994, 0.0, 0.0, 0.0, 0.0, 1.0],
                [0.999201, 0.029625, -0.026861, 0.0, -0.033495, 0.986956, -0.157463, 0.4, 0.021846, 0.158237, 0.987159, -0.0, 0.0, 0.0, 0.0, 1.0],
                [0.999717, 0.023432, -0.004161, -0.0, -0.023796, 0.986895, -0.159603, 0.4, 0.000367, 0.159657, 0.987173, -0.0, 0.0, 0.0, 0.0, 1.0],
                [0.999195, 0.036706, 0.016111, 0.0, -0.033669, 0.986597, -0.159668, 0.4, -0.021756, 0.158998, 0.987039, -0.0, 0.0, 0.0, 0.0, 1.0],
                [0.998439, 0.042484, 0.036275, -0.0, -0.036438, 0.987466, -0.153566, 0.4, -0.042345, 0.152004, 0.987472, 0.0, 0.0, 0.0, 0.0, 1.0],
                [0.997538, 0.038706, 0.058488, -0.0, -0.029597, 0.988351, -0.149285, 0.4, -0.063585, 0.147186, 0.987063, 0.0, 0.0, 0.0, 0.0, 1.0],
                [0.99824, 0.023615, 0.054394, 0.0, -0.015162, 0.988438, -0.150875, 0.4, -0.057328, 0.149784, 0.987055, -0.0, 0.0, 0.0, 0.0, 1.0],
                [0.999844, -0.005785, 0.01669, 0.0, 0.008321, 0.987709, -0.156082, 0.4, -0.015582, 0.156196, 0.987603, 0.0, 0.0, 0.0, 0.0, 1.0],
                [0.999202, -0.033916, -0.021106, 0.0, 0.030214, 0.987281, -0.156087, 0.4, 0.026131, 0.155325, 0.987518, -0.0, 0.0, 0.0, 0.0, 1.0],
                [0.998242, -0.045084, -0.03848, -0.0, 0.038868, 0.988029, -0.149288, 0.4, 0.04475, 0.14753, 0.988045, 0.0, 0.0, 0.0, 0.0, 1.0],
                [0.998667, -0.040422, -0.032095, -0.0, 0.034911, 0.987014, -0.156796, 0.4, 0.038016, 0.155467, 0.98711, -0.0, 0.0, 0.0, 0.0, 1.0],
                [0.999368, -0.035551, 0.00126, 0.0, 0.035124, 0.980528, -0.193211, 0.4, 0.005634, 0.193132, 0.981156, -0.0, 0.0, 0.0, 0.0, 1.0],
                [0.998583, -0.024622, 0.047187, 0.0, 0.035326, 0.969735, -0.241589, 0.4, -0.03981, 0.242914, 0.969231, -0.0, 0.0, 0.0, 0.0, 1.0],
                [0.997098, -0.003134, 0.076066, 0.0, 0.023679, 0.962359, -0.270748, 0.4, -0.072355, 0.271763, 0.95964, -0.0, 0.0, 0.0, 0.0, 1.0],
                [0.997742, 0.018497, 0.06456, 0.0, -0.000989, 0.965264, -0.261275, 0.4, -0.06715, 0.260621, 0.963103, -0.0, 0.0, 0.0, 0.0, 1.0],
                [0.998982, 0.036875, 0.025957, -0.0, -0.029877, 0.972376, -0.231501, 0.4, -0.033776, 0.23049, 0.972488, 0.0, 0.0, 0.0, 0.0, 1.0],
                [0.998486, 0.05445, -0.007758, -0.0, -0.054906, 0.978583, -0.198399, 0.4, -0.003211, 0.198525, 0.98009, -0.0, 0.0, 0.0, 0.0, 1.0],
                [0.996819, 0.070325, -0.037498, -0.0, -0.075546, 0.983647, -0.163502, 0.4, 0.025386, 0.165815, 0.98583, -0.0, 0.0, 0.0, 0.0, 1.0],
                [0.996819, 0.070325, -0.037498, -0.0, -0.075546, 0.983647, -0.163502, 0.4, 0.025386, 0.165815, 0.98583, -0.0, 0.0, 0.0, 0.0, 1.0]
            ]
        },
        {
            "name": "Shoulder_R",
            "time": [0.0, 0.0333, 0.0667, 0.1, 0.1333, 0.1667, 0.2, 0.2333, 0.2667, 0.3, 0.3333, 0.3667, 0.4, 0.4333, 0.4667, 0.5, 0.5333, 0.5667, 0.6, 0.6333, 0.6667, 0.7, 0.7333, 0.7667, 0.8, 0.8333],
            "transform": [
                [0.268164, 0.881175, 0.389385, -0.0, 0.104173, -0.428343, 0.897592, 0.4, 0.957722, -0.200139, -0.206661, 0.0, 0.0, 0.0, 0.0, 1.0],
                [0.300202, 0.881087, 0.365467, -0.0, 0.090592, -0.407743, 0.908591, 0.4, 0.949564, -0.239652, -0.202224, -0.0, 0.0, 0.0, 0.0, 1.0],
                [0.322343, 0.881379, 0.345351, -0.0, 0.080803, -0.389112, 0.91764, 0.4, 0.943167, -0.26789, -0.196645, -0.0, 0.0, 0.0, 0.0, 1.0],
                [0.340732, 0.879788, 0.331473, 0.0, 0.082419, -0.379166, 0.92165, 0.4, 0.936541, -0.286716, -0.201705, -0.0, 0.0, 0.0, 0.0, 1.0],
                [0.357826, 0.878029, 0.317845, -0.0, 0.084286, -0.369363, 0.925454, 0.4, 0.929976, -0.304363, -0.206173, 0.0, 0.0, 0.0, 0.0, 1.0],
                [0.362091, 0.880082, 0.307155, 0.0, 0.090759, -0.361236, 0.928047, 0.4, 0.927713, -0.308161, -0.210675, -0.0, 0.0, 0.0, 0.0, 1.0],
                [0.338872, 0.889867, 0.305456, 0.0, 0.097244, -0.356056, 0.929391, 0.4, 0.935793, -0.285241, -0.207191, -0.0, 0.0, 0.0, 0.0, 1.0],
                [0.30676, 0.901057, 0.306588, 0.0, 0.102327, -0.351474, 0.930588, 0.4, 0.94627, -0.254095, -0.20002, 0.0, 0.0, 0.0, 0.0, 1.0],
                [0.295073, 0.904994, 0.306462, 0.0, 0.1008, -0.348439, 0.931895, 0.4, 0.950142, -0.244086, -0.194038, -0.0, 0.0, 0.0, 0.0, 1.0],
                [0.307835, 0.900755, 0.306397, -0.0, 0.097312, -0.350155, 0.931623, 0.4, 0.94645, -0.25697, -0.195444, -0.0, 0.0, 0.0, 0.0, 1.0],
                [0.339309, 0.887937, 0.310543, 0.0, 0.089261, -0.359031, 0.929047, 0.4, 0.93643, -0.287515, -0.20108, -0.0, 0.0, 0.0, 0.0, 1.0],
                [0.371693, 0.870634, 0.322245, -0.0, 0.075166, -0.374199, 0.924297, 0.4, 0.925307, -0.319333, -0.204529, 0.0, 0.0, 0.0, 0.0, 1.0],
                [0.376767, 0.861453, 0.340508, -0.0, 0.062246, -0.390313, 0.918575, 0.4, 0.924213, -0.324894, -0.200679, 0.0, 0.0, 0.0, 0.0, 1.0],
                [0.358061, 0.859449, 0.364884, 0.0, 0.052153, -0.408595, 0.911224, 0.4, 0.93224, -0.307244, -0.191125, -0.0, 0.0, 0.0, 0.0, 1.0],
                [0.332354, 0.858174, 0.391252, 0.0, 0.045222, -0.428857, 0.90224, 0.4, 0.942069, -0.28217, -0.181341, 0.0, 0.0, 0.0, 0.0, 1.0],
                [0.309042, 0.857678, 0.410951, 0.0, 0.046484, -0.44521, 0.894218, 0.4, 0.949912, -0.257249, -0.177457, -0.0, 0.0, 0.0, 0.0, 1.0],
                [0.299123, 0.857888, 0.417799, -0.0, 0.05675, -0.453065, 0.889669, 0.4, 0.952525, -0.242411, -0.184207, 0.0, 0.0, 0.0, 0.0, 1.0],
                [0.303891, 0.859132, 0.411756, -0.0, 0.073144, -0.451961, 0.889034, 0.4, 0.949894, -0.240052, -0.200187, -0.0, 0.0, 0.0, 0.0, 1.0],
                [0.311311, 0.863058, 0.397766, 0.0, 0.09092, -0.443696, 0.891553, 0.4, 0.945948, -0.241386, -0.216596, -0.0, 0.0, 0.0, 0.0, 1.0],
                [0.311245, 0.870335, 0.381633, 0.0, 0.108481, -0.431493, 0.89557, 0.4, 0.944117, -0.237343, -0.228715, -0.0, 0.0, 0.0, 0.0, 1.0],
                [0.311907, 0.874024, 0.372554, 0.0, 0.115094, -0.423986, 0.898327, 0.4, 0.943115, -0.237316, -0.232839, -0.0, 0.0, 0.0, 0.0, 1.0],
                [0.313318, 0.87358, 0.372412, 0.0, 0.113385, -0.423765, 0.898647, 0.4, 0.942854, -0.239337, -0.231824, -0.0, 0.0, 0.0, 0.0, 1.0],
                [0.29693, 0.876426, 0.379092, -0.0, 0.109544, -0.42564, 0.898237, 0.4, 0.948595, -0.225186, -0.222392, 0.0, 0.0, 0.0, 0.0, 1.0],
                [0.273473, 0.880373, 0.3875, -0.0, 0.105169, -0.427809, 0.89773, 0.4, 0.956113, -0.204752, -0.209582, -0.0, 0.0, 0.0, 0.0, 1.0],
                [0.249958, 0.883665, 0.395801, -0.0, 0.100741, -0.430294, 0.897049, 0.4, 0.963001, -0.184351, -0.196577, -0.0, 0.0, 0.0, 0.0, 1.0],
                [0.249958, 0.883665, 0.395801, -0.0, 0.100741, -0.430294, 0.897049, 0.4, 0.963001, -0.184351, -0.196577, -0.0, 0.0, 0.0, 0.0, 1.0]
            ]
        },
        {
            "name": "Arm_R",
            "time": [0.0, 0.0333, 0.0667, 0.1, 0.1333, 0.1667, 0.2, 0.2333, 0.2667, 0.3, 0.3333, 0.3667, 0.4, 0.4333, 0.4667, 0.5, 0.5333, 0.5667, 0.6, 0.6333, 0.6667, 0.7, 0.7333, 0.7667, 0.8, 0.8333],
            "transform": [
                [-0.303431, -0.501124, -0.810434, -0.0, 0.800848, 0.326743, -0.501879, 0.39386, 0.516308, -0.80132, 0.30218, -0.0, 0.0, 0.0, 0.0, 1.0],
                [-0.338306, -0.453655, -0.824466, -0.0, 0.836245, 0.256865, -0.484475, 0.39386, 0.431562, -0.853357, 0.292467, 0.0, 0.0, 0.0, 0.0, 1.0],
                [-0.368878, -0.431131, -0.82344, 0.0, 0.8546, 0.191055, -0.482865, 0.39386, 0.365501, -0.881831, 0.297967, 0.0, 0.0, 0.0, 0.0, 1.0],
                [-0.386928, -0.427348, -0.817104, -0.0, 0.860759, 0.150435, -0.486275, 0.393861, 0.330731, -0.891484, 0.309635, -0.0, 0.0, 0.0, 0.0, 1.0],
                [-0.398878, -0.430726, -0.809549, -0.0, 0.861895, 0.125339, -0.491355, 0.39386, 0.313107, -0.893738, 0.321245, 0.0, 0.0, 0.0, 0.0, 1.0],
