{
    "animation": [
        {
            "name": "Root",
            "time": [0.0, 0.0333, 0.0667, 0.1, 0.1333, 0.1667, 0.2, 0.2333, 0.2667, 0.3, 0.3333, 0.3667, 0.4, 0.4333, 0.4667, 0.5, 0.5333, 0.5667, 0.6, 0.6333, 0.6667, 0.7, 0.7333, 0.7667, 0.8, 0.8333, 0.8667, 0.9, 0.9333, 0.9667, 1.0, 1.0333, 1.0667, 1.1, 1.1333, 1.1667, 1.2, 1.2333, 1.2667, 1.3, 1.3333, 1.3667, 1.4, 1.4333, 1.4667, 1.5, 1.5333, 1.5667, 1.6, 1.6333, 1.6667, 1.7, 1.7333, 1.7667, 1.8, 1.8333, 1.8667, 1.9, 1.9333, 1.9667, 2.0, 2.0333, 2.0667, 2.1, 2.1333, 2.1667, 2.2, 2.5],
            "transform": [
                [0.999997, 0.002326, 4e-06, -0.114266, -4e-06, 0.003141, -0.999995, 0.001007, -0.002326, 0.999992, 0.003141, 0.412784, 0.0, 0.0, 0.0, 1.0],
                [0.999998, 0.002222, 4e-06, -0.099222, -4e-06, 0.003217, -0.999994, 0.027347, -0.002222, 0.999992, 0.003217, 0.441176, 0.0, 0.0, 0.0, 1.0],
                [0.999998, 0.002107, 3e-06, -0.084408, -3e-06, 0.003294, -0.999994, 0.051627, -0.002107, 0.999992, 0.003294, 0.470046, 0.0, 0.0, 0.0, 1.0],
                [0.999998, 0.001998, 3e-06, -0.070595, -3e-06, 0.003359, -0.999994, 0.080033, -0.001998, 0.999992, 0.003359, 0.499446, 0.0, 0.0, 0.0, 1.0],
                [0.999998, 0.001933, 3e-06, -0.060863, -3e-06, 0.003397, -0.999994, 0.11875, -0.001933, 0.999992, 0.003397, 0.529429, 0.0, 0.0, 0.0, 1.0],
                [0.999998, 0.001956, 3e-06, -0.058531, -3e-06, 0.003384, -0.999994, 0.168939, -0.001956, 0.999992, 0.003384, 0.565349, 0.0, 0.0, 0.0, 1.0],
                [0.999998, 0.002037, 3e-06, -0.061532, -3e-06, 0.003335, -0.999994, 0.227459, -0.002037, 0.999992, 0.003335, 0.603147, 0.0, 0.0, 0.0, 1.0],
                [0.999998, 0.002093, 3e-06, -0.064546, -3e-06, 0.003301, -0.999994, 0.294056, -0.002093, 0.999992, 0.003301, 0.637978, 0.0, 0.0, 0.0, 1.0],
                [0.999998, 0.002049, 3e-06, -0.065571, -3e-06, 0.003328, -0.999994, 0.36848, -0.002049, 0.999992, 0.003328, 0.662273, 0.0, 0.0, 0.0, 1.0],
                [0.999998, 0.001913, 3e-06, -0.064376, -3e-06, 0.003409, -0.999994, 0.449206, -0.001913, 0.999992, 0.003409, 0.674162, 0.0, 0.0, 0.0, 1.0],
                [0.999998, 0.001749, 3e-06, -0.062838, -3e-06, 0.003496, -0.999993, 0.534095, -0.001749, 0.999992, 0.003496, 0.68293, 0.0, 0.0, 0.0, 1.0],
                [0.999999, 0.001556, 3e-06, -0.0609, -2e-06, 0.003586, -0.999993, 0.621955, -0.001556, 0.999992, 0.003586, 0.688237, 0.0, 0.0, 0.0, 1.0],
                [0.999999, 0.001334, 2e-06, -0.058498, -3e-06, 0.003675, -0.999993, 0.7116, -0.001334, 0.999992, 0.003675, 0.691111, 0.0, 0.0, 0.0, 1.0],
                [0.999999, 0.001085, 2e-06, -0.055583, -2e-06, 0.003757, -0.999992, 0.801844, -0.001085, 0.999992, 0.003757, 0.692414, 0.0, 0.0, 0.0, 1.0],
                [0.999999, 0.000812, 2e-06, -0.052278, -2e-06, 0.003826, -0.999992, 0.891499, -0.000812, 0.999992, 0.003826, 0.693218, 0.0, 0.0, 0.0, 1.0],
                [1.0, 0.000517, 1e-06, -0.048781, -1e-06, 0.003874, -0.999992, 0.979376, -0.000517, 0.999992, 0.003874, 0.693719, 0.0, 0.0, 0.0, 1.0],
                [1.0, 8.9e-05, 0.0, -0.040478, -0.0, 0.003907, -0.999992, 1.053869, -8.9e-05, 0.999992, 0.003907, 0.687434, 0.0, 0.0, 0.0, 1.0],
                [0.999994, -0.00063, 0.003406, -0.024085, 0.003409, 0.003857, -0.999986, 1.147887, 0.000617, 0.999992, 0.003859, 0.66855, 0.0, 0.0, 0.0, 1.0],
                [0.999994, -0.001992, 0.00285, 0.013163, 0.002856, 0.003362, -0.99999, 1.356261, 0.001982, 0.999992, 0.003368, 0.614028, 0.0, 0.0, 0.0, 1.0],
                [0.999993, -0.002462, 0.002775, 0.054391, 0.002782, 0.003035, -0.999991, 1.515746, 0.002454, 0.999992, 0.003042, 0.506478, 0.0, 0.0, 0.0, 1.0],
                [0.999992, -0.002887, 0.002762, 0.125542, 0.00277, 0.002635, -0.999992, 1.695588, 0.00288, 0.999992, 0.002643, 0.366475, 0.0, 0.0, 0.0, 1.0],
                [0.999991, -0.003199, 0.002801, 0.133526, 0.002808, 0.002245, -0.999993, 1.736899, 0.003192, 0.999992, 0.002254, 0.387241, 0.0, 0.0, 0.0, 1.0],
                [0.999991, -0.003233, 0.002809, 0.138178, 0.002816, 0.002196, -0.999993, 1.75556, 0.003227, 0.999992, 0.002205, 0.413853, 0.0, 0.0, 0.0, 1.0],
                [0.999991, -0.003221, 0.002806, 0.140991, 0.002813, 0.002214, -0.999993, 1.768969, 0.003215, 0.999992, 0.002223, 0.435373, 0.0, 0.0, 0.0, 1.0],
                [0.999991, -0.003226, 0.002807, 0.141221, 0.002814, 0.002207, -0.999993, 1.783053, 0.00322, 0.999992, 0.002216, 0.444446, 0.0, 0.0, 0.0, 1.0],
                [0.999991, -0.003231, 0.002808, 0.137964, 0.002815, 0.002199, -0.999993, 1.796211, 0.003225, 0.999992, 0.002209, 0.448614, 0.0, 0.0, 0.0, 1.0],
                [0.999991, -0.003233, 0.002809, 0.134396, 0.002816, 0.002195, -0.999993, 1.806671, 0.003227, 0.999992, 0.002204, 0.451889, 0.0, 0.0, 0.0, 1.0],
                [0.999991, -0.003237, 0.00281, 0.130646, 0.002817, 0.00219, -0.999993, 1.814816, 0.00323, 0.999992, 0.002199, 0.454989, 0.0, 0.0, 0.0, 1.0],
                [0.999991, -0.003241, 0.002811, 0.12682, 0.002818, 0.002184, -0.999993, 1.822246, 0.003235, 0.999992, 0.002193, 0.457912, 0.0, 0.0, 0.0, 1.0],
                [0.999991, -0.003245, 0.002812, 0.122999, 0.002819, 0.002177, -0.999993, 1.829002, 0.003239, 0.999992, 0.002186, 0.460653, 0.0, 0.0, 0.0, 1.0],
                [0.999991, -0.00325, 0.002813, 0.119262, 0.00282, 0.002171, -0.999993, 1.835122, 0.003244, 0.999992, 0.00218, 0.463212, 0.0, 0.0, 0.0, 1.0],
                [0.99999, -0.003247, 0.002812, 0.115692, 0.00282, 0.002175, -0.999993, 1.840651, 0.003241, 0.999992, 0.002185, 0.465402, 0.0, 0.0, 0.0, 1.0],
                [0.999991, -0.003235, 0.00281, 0.112369, 0.002817, 0.002192, -0.999993, 1.845628, 0.003229, 0.999992, 0.002201, 0.467177, 0.0, 0.0, 0.0, 1.0],
                [0.99999, -0.003228, 0.002807, 0.110464, 0.002814, 0.002203, -0.999993, 1.849274, 0.003222, 0.999992, 0.002212, 0.468744, 0.0, 0.0, 0.0, 1.0],
                [0.999991, -0.003228, 0.002808, 0.109695, 0.002815, 0.002203, -0.999993, 1.851249, 0.003222, 0.999992, 0.002212, 0.467443, 0.0, 0.0, 0.0, 1.0],
                [0.999991, -0.003231, 0.002809, 0.108853, 0.002816, 0.002198, -0.999993, 1.852258, 0.003225, 0.999992, 0.002208, 0.46614, 0.0, 0.0, 0.0, 1.0],
                [0.999991, -0.003232, 0.002809, 0.107941, 0.002816, 0.002197, -0.999993, 1.853004, 0.003226, 0.999992, 0.002206, 0.464837, 0.0, 0.0, 0.0, 1.0],
                [0.999991, -0.003225, 0.002807, 0.106959, 0.002814, 0.002208, -0.999993, 1.854191, 0.003219, 0.999992, 0.002217, 0.463534, 0.0, 0.0, 0.0, 1.0],
                [0.999991, -0.003205, 0.002802, 0.10586, 0.00281, 0.002235, -0.999993, 1.856518, 0.003199, 0.999992, 0.002244, 0.463335, 0.0, 0.0, 0.0, 1.0],
                [0.999991, -0.003164, 0.002794, 0.104365, 0.002801, 0.002294, -0.999993, 1.860692, 0.003158, 0.999992, 0.002302, 0.465035, 0.0, 0.0, 0.0, 1.0],
                [0.999991, -0.003095, 0.002782, 0.100976, 0.00279, 0.002386, -0.999993, 1.867414, 0.003088, 0.999992, 0.002395, 0.46927, 0.0, 0.0, 0.0, 1.0],
                [0.999991, -0.002987, 0.002769, 0.096034, 0.002777, 0.002521, -0.999993, 1.877389, 0.00298, 0.999992, 0.002529, 0.476606, 0.0, 0.0, 0.0, 1.0],
                [0.999992, -0.002812, 0.00276, 0.088895, 0.002767, 0.002714, -0.999992, 1.89291, 0.002805, 0.999992, 0.002722, 0.488163, 0.0, 0.0, 0.0, 1.0],
                [0.999993, -0.002552, 0.002767, 0.079495, 0.002775, 0.00296, -0.999991, 1.914519, 0.002544, 0.999992, 0.002967, 0.504116, 0.0, 0.0, 0.0, 1.0],
                [0.999993, -0.002224, 0.002806, 0.067496, 0.002813, 0.003214, -0.99999, 1.939583, 0.002214, 0.999992, 0.00322, 0.523086, 0.0, 0.0, 0.0, 1.0],
                [0.999994, -0.00184, 0.002886, 0.055445, 0.002892, 0.003447, -0.99999, 1.966407, 0.00183, 0.999992, 0.003453, 0.543896, 0.0, 0.0, 0.0, 1.0],
                [0.999994, -0.001433, 0.003013, 0.043412, 0.003018, 0.003636, -0.999989, 1.992675, 0.001422, 0.999992, 0.00364, 0.564561, 0.0, 0.0, 0.0, 1.0],
                [0.999994, -0.001035, 0.003181, 0.031384, 0.003185, 0.003768, -0.999988, 2.016229, 0.001023, 0.999992, 0.003772, 0.584887, 0.0, 0.0, 0.0, 1.0],
                [0.999994, -0.000681, 0.003375, 0.022198, 0.003377, 0.003848, -0.999987, 2.034918, 0.000668, 0.999992, 0.003851, 0.603711, 0.0, 0.0, 0.0, 1.0],
                [0.999993, -0.000408, 0.00356, 0.015069, 0.003562, 0.003887, -0.999986, 2.046588, 0.000394, 0.999992, 0.003888, 0.618838, 0.0, 0.0, 0.0, 1.0],
                [0.999993, -0.000206, 0.003723, 0.010334, 0.003724, 0.003902, -0.999985, 2.051923, 0.000192, 0.999992, 0.003903, 0.631535, 0.0, 0.0, 0.0, 1.0],
                [0.999992, -4e-05, 0.003876, 0.006525, 0.003876, 0.003908, -0.999984, 2.053491, 2.5e-05, 0.999992, 0.003908, 0.644232, 0.0, 0.0, 0.0, 1.0],
                [1.0, 0.000111, 0.0, 0.003611, -0.0, 0.003907, -0.999992, 2.051966, -0.000111, 0.999992, 0.003907, 0.654679, 0.0, 0.0, 0.0, 1.0],
                [1.0, 0.000221, 1e-06, 0.001458, -0.0, 0.003902, -0.999992, 2.048029, -0.000221, 0.999992, 0.003902, 0.664656, 0.0, 0.0, 0.0, 1.0],
                [1.0, 0.000312, 1e-06, -9e-06, -1e-06, 0.003896, -0.999992, 2.042359, -0.000312, 0.999992, 0.003896, 0.674102, 0.0, 0.0, 0.0, 1.0],
                [1.0, 0.000386, 1e-06, -0.00094, -0.0, 0.003889, -0.999992, 2.035632, -0.000386, 0.999992, 0.003889, 0.682956, 0.0, 0.0, 0.0, 1.0],
                [1.0, 0.000448, 1e-06, -0.001776, -1e-06, 0.003882, -0.999992, 2.028526, -0.000448, 0.999992, 0.003882, 0.69118, 0.0, 0.0, 0.0, 1.0],
                [1.0, 0.000506, 1e-06, -0.002584, -1e-06, 0.003876, -0.999992, 2.021719, -0.000506, 0.999992, 0.003876, 0.698837, 0.0, 0.0, 0.0, 1.0],
                [1.0, 0.000565, 1e-06, -0.00336, -1e-06, 0.003869, -0.999992, 2.015888, -0.000565, 0.999992, 0.003869, 0.706019, 0.0, 0.0, 0.0, 1.0],
                [1.0, 0.000623, 1e-06, -0.004108, -1e-06, 0.00386, -0.999992, 2.011708, -0.000623, 0.999992, 0.00386, 0.712812, 0.0, 0.0, 0.0, 1.0],
                [0.999999, 0.000681, 1e-06, -0.004826, -1e-06, 0.003848, -0.999992, 2.00867, -0.000681, 0.999992, 0.003848, 0.717157, 0.0, 0.0, 0.0, 1.0],
                [1.0, 0.000725, 1e-06, -0.005076, -1e-06, 0.00384, -0.999992, 2.005801, -0.000725, 0.999992, 0.00384, 0.720889, 0.0, 0.0, 0.0, 1.0],
                [1.0, 0.000757, 1e-06, -0.004858, -1e-06, 0.003834, -0.999992, 2.003069, -0.000757, 0.999992, 0.003834, 0.72353, 0.0, 0.0, 0.0, 1.0],
                [1.0, 0.000779, 2e-06, -0.004616, -1e-06, 0.00383, -0.999992, 2.00044, -0.000779, 0.999992, 0.00383, 0.725103, 0.0, 0.0, 0.0, 1.0],
                [1.0, 0.00079, 1e-06, -0.004351, -2e-06, 0.003828, -0.999992, 1.997882, -0.00079, 0.999992, 0.003828, 0.726155, 0.0, 0.0, 0.0, 1.0],
                [1.0, 0.000801, 1e-06, -0.004058, -2e-06, 0.003825, -0.999992, 1.995365, -0.000801, 0.999992, 0.003825, 0.727129, 0.0, 0.0, 0.0, 1.0],
                [1.0, 0.000804, 2e-06, -0.00374, -1e-06, 0.003825, -0.999992, 1.992857, -0.000804, 0.999992, 0.003825, 0.728028, 0.0, 0.0, 0.0, 1.0],
                [1.0, 0.00065, 1e-06, -0.000255, -1e-06, 0.003854, -0.999992, 1.97218, -0.00065, 0.999992, 0.003854, 0.732772, 0.0, 0.0, 0.0, 1.0]
            ]
        },
        {
            "name": "Thigh_R",
            "time": [0.0, 0.0333, 0.0667, 0.1, 0.1333, 0.1667, 0.2, 0.2333, 0.2667, 0.3, 0.3333, 0.3667, 0.4, 0.4333, 0.4667, 0.5, 0.5333, 0.5667, 0.6, 0.6333, 0.6667, 0.7, 0.7333, 0.7667, 0.8, 0.8333, 0.8667, 0.9, 0.9333, 0.9667, 1.0, 1.0333, 1.0667, 1.1, 1.1333, 1.1667, 1.2, 1.2333, 1.2667, 1.3, 1.3333, 1.3667, 1.4, 1.4333, 1.4667, 1.5, 1.5333, 1.5667, 1.6, 1.6333, 1.6667, 1.7, 1.7333, 1.7667, 1.8, 1.8333, 1.8667, 1.9, 1.9333, 1.9667, 2.0, 2.0333, 2.0667, 2.1, 2.1333, 2.1667, 2.2, 2.5],
            "transform": [
                [0.560488, 0.537352, 0.630165, -0.022119, 0.659884, -0.749554, 0.052212, 0.006254, 0.500388, 0.386579, -0.774705, 0.100761, 0.0, 0.0, 0.0, 1.0],
                [0.605018, 0.498017, 0.621233, -0.01027, 0.628701, -0.777572, 0.011033, 0.014558, 0.488538, 0.383902, -0.783549, 0.101802, 0.0, 0.0, 0.0, 1.0],
                [0.651786, 0.454347, 0.60724, 0.00393, 0.592511, -0.804857, -0.033791, 0.021815, 0.47338, 0.381828, -0.7938, 0.100944, 0.0, 0.0, 0.0, 1.0],
                [0.692825, 0.418389, 0.587314, 0.017846, 0.555429, -0.829052, -0.064638, 0.025778, 0.45986, 0.371002, -0.806775, 0.098479, 0.0, 0.0, 0.0, 1.0],
                [0.720343, 0.400667, 0.566185, 0.029919, 0.521548, -0.851019, -0.061345, 0.025656, 0.457245, 0.339489, -0.821993, 0.095539, 0.0, 0.0, 0.0, 1.0],
                [0.732606, 0.408879, 0.54415, 0.041528, 0.493559, -0.869648, -0.011058, 0.023241, 0.468688, 0.276676, -0.838916, 0.091741, 0.0, 0.0, 0.0, 1.0],
                [0.734964, 0.435578, 0.519705, 0.053875, 0.46577, -0.881296, 0.07992, 0.020583, 0.492815, 0.183329, -0.8506, 0.08576, 0.0, 0.0, 0.0, 1.0],
                [0.735916, 0.472181, 0.485251, 0.067373, 0.437951, -0.878551, 0.190677, 0.019415, 0.516341, 0.072196, -0.853333, 0.075927, 0.0, 0.0, 0.0, 1.0],
                [0.747662, 0.497188, 0.440227, 0.081257, 0.410577, -0.867132, 0.281994, 0.021506, 0.521928, -0.03009, -0.852456, 0.060132, 0.0, 0.0, 0.0, 1.0],
                [0.753728, 0.535596, 0.380825, 0.093204, 0.395847, -0.832582, 0.387458, 0.024541, 0.524578, -0.141292, -0.839554, 0.037307, 0.0, 0.0, 0.0, 1.0],
                [0.743337, 0.584063, 0.326062, 0.100005, 0.392844, -0.775724, 0.493898, 0.02494, 0.54139, -0.239046, -0.806071, 0.007622, 0.0, 0.0, 0.0, 1.0],
                [0.734353, 0.622624, 0.270302, 0.09489, 0.383819, -0.709365, 0.591178, 0.021192, 0.559813, -0.330392, -0.7599, -0.035041, 0.0, 0.0, 0.0, 1.0],
                [0.752274, 0.624253, 0.210683, 0.073231, 0.341625, -0.643032, 0.685426, 0.01275, 0.563344, -0.443661, -0.696999, -0.071804, 0.0, 0.0, 0.0, 1.0],
                [0.804403, 0.579985, 0.128634, 0.066781, 0.245842, -0.522116, 0.816678, -0.011486, 0.54081, -0.625329, -0.562576, -0.078035, 0.0, 0.0, 0.0, 1.0],
                [0.872543, 0.487387, 0.033363, 0.069353, 0.131978, -0.300933, 0.94447, -0.03961, 0.470354, -0.819701, -0.326902, -0.065591, 0.0, 0.0, 0.0, 1.0],
                [0.923457, 0.383462, -0.01303, 0.038593, 0.053739, -0.095642, 0.993965, -0.038984, 0.379893, -0.918602, -0.108928, -0.087589, 0.0, 0.0, 0.0, 1.0],
                [0.970555, 0.240286, -0.016366, 0.004966, 0.025675, -0.035664, 0.999035, -0.032037, 0.239465, -0.970058, -0.040783, -0.098132, 0.0, 0.0, 0.0, 1.0],
                [0.996283, 0.035878, -0.078216, -0.003864, 0.080393, -0.063895, 0.994714, -0.03212, 0.03069, -0.99732, -0.066542, -0.098155, 0.0, 0.0, 0.0, 1.0],
                [0.879387, -0.181954, -0.439952, -0.003521, 0.373615, -0.309005, 0.874601, -0.033924, -0.29508, -0.933502, -0.203755, -0.097559, 0.0, 0.0, 0.0, 1.0],
                [0.763104, -0.086806, -0.640412, -0.000852, 0.491174, -0.566112, 0.662018, -0.034808, -0.420005, -0.819755, -0.389366, -0.097308, 0.0, 0.0, 0.0, 1.0],
                [0.577779, -0.398497, -0.712299, 0.000523, 0.605439, -0.376013, 0.701466, -0.034382, -0.547357, -0.836559, 0.024013, -0.097461, 0.0, 0.0, 0.0, 1.0],
                [0.445319, -0.407657, -0.797187, 0.001904, 0.612575, -0.510642, 0.603321, -0.033966, -0.653016, -0.757017, 0.022322, -0.097589, 0.0, 0.0, 0.0, 1.0],
                [0.434792, -0.40615, -0.803741, 0.003398, 0.576106, -0.560531, 0.594901, -0.033478, -0.69213, -0.721708, -0.009729, -0.097717, 0.0, 0.0, 0.0, 1.0],
                [0.444892, -0.40385, -0.79936, 0.005345, 0.542287, -0.588854, 0.599314, -0.032837, -0.712728, -0.700124, -0.042974, -0.097848, 0.0, 0.0, 0.0, 1.0],
                [0.43932, -0.402824, -0.802952, 0.008015, 0.523522, -0.611551, 0.593238, -0.032024, -0.730005, -0.680995, -0.05778, -0.097935, 0.0, 0.0, 0.0, 1.0],
                [0.431821, -0.403077, -0.806883, 0.011661, 0.509, -0.629629, 0.586932, -0.030986, -0.744603, -0.664164, -0.066721, -0.097903, 0.0, 0.0, 0.0, 1.0],
                [0.426673, -0.399221, -0.811525, 0.016532, 0.49811, -0.645217, 0.579297, -0.02962, -0.754865, -0.65141, -0.076441, -0.097624, 0.0, 0.0, 0.0, 1.0],
                [0.42016, -0.394576, -0.817176, 0.022652, 0.489672, -0.659577, 0.570249, -0.027899, -0.763984, -0.639753, -0.083915, -0.0969, 0.0, 0.0, 0.0, 1.0],
                [0.415866, -0.385995, -0.823446, 0.030794, 0.482947, -0.673501, 0.55961, -0.025561, -0.770586, -0.630413, -0.093672, -0.095286, 0.0, 0.0, 0.0, 1.0],
                [0.411676, -0.377142, -0.829631, 0.040507, 0.476193, -0.68717, 0.548674, -0.022623, -0.777011, -0.620951, -0.103299, -0.092349, 0.0, 0.0, 0.0, 1.0],
                [0.407974, -0.370028, -0.834648, 0.051082, 0.469403, -0.699098, 0.539376, -0.019216, -0.783072, -0.611848, -0.111522, -0.087764, 0.0, 0.0, 0.0, 1.0],
                [0.406659, -0.364814, -0.837579, 0.06163, 0.462791, -0.708216, 0.533161, -0.015322, -0.787678, -0.604448, -0.11917, -0.081536, 0.0, 0.0, 0.0, 1.0],
                [0.405484, -0.363991, -0.838508, 0.071536, 0.45474, -0.715423, 0.530461, -0.011406, -0.792955, -0.596406, -0.124571, -0.073713, 0.0, 0.0, 0.0, 1.0],
                [0.402631, -0.368249, -0.838022, 0.08019, 0.447648, -0.719354, 0.531175, -0.007477, -0.798425, -0.589017, -0.124788, -0.064766, 0.0, 0.0, 0.0, 1.0],
                [0.397732, -0.373176, -0.838183, 0.087215, 0.442112, -0.722545, 0.53148, -0.003895, -0.803948, -0.581966, -0.122394, -0.055312, 0.0, 0.0, 0.0, 1.0],
                [0.392053, -0.380932, -0.837368, 0.092543, 0.436654, -0.724117, 0.533849, -0.000449, -0.809697, -0.574948, -0.117558, -0.046008, 0.0, 0.0, 0.0, 1.0],
                [0.3854, -0.389819, -0.836366, 0.096195, 0.431736, -0.724883, 0.5368, 0.00186, -0.815508, -0.567983, -0.111072, -0.037737, 0.0, 0.0, 0.0, 1.0],
                [0.38128, -0.399238, -0.833808, 0.098444, 0.425737, -0.724779, 0.54171, 0.003412, -0.820583, -0.561536, -0.106373, -0.031277, 0.0, 0.0, 0.0, 1.0],
                [0.382125, -0.407336, -0.829493, 0.099802, 0.416994, -0.725033, 0.548134, 0.004239, -0.824669, -0.555359, -0.107197, -0.026507, 0.0, 0.0, 0.0, 1.0],
                [0.389826, -0.414304, -0.822429, 0.100687, 0.405156, -0.724847, 0.557184, 0.004582, -0.826962, -0.550427, -0.114707, -0.022852, 0.0, 0.0, 0.0, 1.0],
                [0.406908, -0.418864, -0.811775, 0.101283, 0.388882, -0.724693, 0.568857, 0.004631, -0.826548, -0.547166, -0.131995, -0.020033, 0.0, 0.0, 0.0, 1.0],
                [0.435443, -0.418928, -0.7968, 0.101676, 0.367682, -0.725166, 0.582196, 0.004342, -0.821694, -0.546493, -0.161737, -0.018005, 0.0, 0.0, 0.0, 1.0],
                [0.479909, -0.41093, -0.775128, 0.101945, 0.339135, -0.727953, 0.595886, 0.00389, -0.809109, -0.548854, -0.20999, -0.016523, 0.0, 0.0, 0.0, 1.0],
                [0.545436, -0.388439, -0.742707, 0.102117, 0.309924, -0.729855, 0.609318, 0.003215, -0.778735, -0.562537, -0.277703, -0.015583, 0.0, 0.0, 0.0, 1.0],
                [0.616494, -0.355014, -0.702777, 0.102211, 0.275112, -0.739198, 0.614744, 0.002516, -0.737719, -0.57234, -0.358043, -0.015091, 0.0, 0.0, 0.0, 1.0],
                [0.69217, -0.308384, -0.652527, 0.102212, 0.242858, -0.751882, 0.612948, 0.001756, -0.679631, -0.582748, -0.445537, -0.01519, 0.0, 0.0, 0.0, 1.0],
                [0.765606, -0.250024, -0.592726, 0.102177, 0.217639, -0.766389, 0.604395, 0.001165, -0.605359, -0.591741, -0.532338, -0.01548, 0.0, 0.0, 0.0, 1.0],
                [0.828929, -0.186706, -0.52726, 0.102132, 0.199785, -0.781642, 0.590876, 0.00059, -0.522438, -0.595145, -0.610625, -0.0158, 0.0, 0.0, 0.0, 1.0],
                [0.880669, -0.125693, -0.456735, 0.102122, 0.185995, -0.79499, 0.577417, -0.00027, -0.435668, -0.593475, -0.676745, -0.015878, 0.0, 0.0, 0.0, 1.0],
                [0.919105, -0.074048, -0.386969, 0.10218, 0.173892, -0.805104, 0.567082, -0.000329, -0.353534, -0.58851, -0.7271, -0.015495, 0.0, 0.0, 0.0, 1.0],
                [0.947496, -0.018148, -0.319225, 0.102294, 0.163471, -0.83055, 0.532425, -0.00028, -0.27479, -0.556664, -0.783977, -0.014724, 0.0, 0.0, 0.0, 1.0],
                [0.96852, 0.036525, -0.246203, 0.102412, 0.157234, -0.856592, 0.491469, -9.4e-05, -0.192941, -0.514719, -0.83537, -0.013887, 0.0, 0.0, 0.0, 1.0],
                [0.981745, 0.087026, -0.169074, 0.102507, 0.155024, -0.881204, 0.44661, 0.000121, -0.11012, -0.464675, -0.878609, -0.01317, 0.0, 0.0, 0.0, 1.0],
                [0.987162, 0.133253, -0.087957, 0.102569, 0.157458, -0.903735, 0.398104, 0.000614, -0.026441, -0.40685, -0.913115, -0.01266, 0.0, 0.0, 0.0, 1.0],
                [0.98448, 0.175317, -0.006743, 0.102587, 0.166606, -0.922167, 0.349092, 0.001157, 0.054983, -0.344803, -0.937065, -0.012476, 0.0, 0.0, 0.0, 1.0],
                [0.974751, 0.210803, 0.073532, 0.102542, 0.180243, -0.937411, 0.297973, 0.001405, 0.131741, -0.2772, -0.951739, -0.012816, 0.0, 0.0, 0.0, 1.0],
                [0.95948, 0.23781, 0.151084, 0.102398, 0.196429, -0.949072, 0.246363, 0.001557, 0.201973, -0.206707, -0.95733, -0.013906, 0.0, 0.0, 0.0, 1.0],
                [0.939916, 0.257199, 0.224476, 0.102176, 0.214976, -0.95675, 0.196043, 0.001663, 0.265184, -0.136009, -0.954557, -0.015439, 0.0, 0.0, 0.0, 1.0],
                [0.917464, 0.26798, 0.293997, 0.101842, 0.234927, -0.961417, 0.143182, 0.001622, 0.321018, -0.062297, -0.945022, -0.01751, 0.0, 0.0, 0.0, 1.0],
                [0.895204, 0.268102, 0.355975, 0.101466, 0.254391, -0.963302, 0.085742, 0.001576, 0.365892, 0.013801, -0.930554, -0.019575, 0.0, 0.0, 0.0, 1.0],
                [0.883827, 0.268874, 0.38281, 0.101049, 0.256194, -0.962908, 0.084796, 0.001527, 0.391402, 0.023129, -0.919928, -0.021631, 0.0, 0.0, 0.0, 1.0],
                [0.873041, 0.270079, 0.406009, 0.100589, 0.256798, -0.962457, 0.088019, 0.001473, 0.414531, 0.027419, -0.909621, -0.023677, 0.0, 0.0, 0.0, 1.0],
                [0.864332, 0.271776, 0.423149, 0.100204, 0.256755, -0.961965, 0.093367, 0.000999, 0.432421, 0.027947, -0.901237, -0.025283, 0.0, 0.0, 0.0, 1.0],
                [0.858418, 0.272545, 0.43454, 0.099923, 0.254987, -0.961817, 0.099518, 0.000877, 0.445063, 0.025375, -0.895138, -0.026375, 0.0, 0.0, 0.0, 1.0],
                [0.855167, 0.272835, 0.440724, 0.099923, 0.252057, -0.96186, 0.106345, 0.000877, 0.45292, 0.020145, -0.891322, -0.026375, 0.0, 0.0, 0.0, 1.0],
                [0.851801, 0.273286, 0.44692, 0.099923, 0.249211, -0.961826, 0.113144, 0.000877, 0.460771, 0.015002, -0.887391, -0.026375, 0.0, 0.0, 0.0, 1.0],
                [0.848729, 0.275964, 0.4511, 0.099923, 0.248385, -0.961129, 0.120632, 0.000877, 0.466847, 0.009663, -0.884284, -0.026375, 0.0, 0.0, 0.0, 1.0],
                [0.86051, 0.267309, 0.43366, 0.102516, 0.232827, -0.963536, 0.131916, 0.000325, 0.453103, -0.012547, -0.891369, -0.013088, 0.0, 0.0, 0.0, 1.0]
            ]
        },
        {
            "name": "Leg_R",
            "time": [0.0, 0.0333, 0.0667, 0.1, 0.1333, 0.1667, 0.2, 0.2333, 0.2667, 0.3, 0.3333, 0.3667, 0.4, 0.4333, 0.4667, 0.5, 0.5333, 0.5667, 0.6, 0.6333, 0.6667, 0.7, 0.7333, 0.7667, 0.8, 0.8333, 0.8667, 0.9, 0.9333, 0.9667, 1.0, 1.0333, 1.0667, 1.1, 1.1333, 1.1667, 1.2, 1.2333, 1.2667, 1.3, 1.3333, 1.3667, 1.4, 1.4333, 1.4667, 1.5, 1.5333, 1.5667, 1.6, 1.6333, 1.6667, 1.7, 1.7333, 1.7667, 1.8, 1.8333, 1.8667, 1.9, 1.9333, 1.9667, 2.0, 2.0333, 2.0667, 2.1, 2.1333, 2.1667, 2.2, 2.5],
            "transform": [
                [0.999987, 0.001857, -0.000602, 0.0, -0.000604, 0.587322, 0.809358, 0.37472, 0.001857, -0.809363, 0.587317, -0.0, 0.0, 0.0, 0.0, 1.0],
                [0.999986, 0.001846, -0.000637, 0.0, -0.000639, 0.617807, 0.786335, 0.37472, 0.001845, -0.786339, 0.617802, -0.0, 0.0, 0.0, 0.0, 1.0],
                [0.999987, 0.001831, -0.000679, 0.0, -0.000681, 0.652899, 0.757451, 0.37472, 0.00183, -0.757453, 0.652896, -0.0, 0.0, 0.0, 0.0, 1.0],
                [0.999986, 0.001821, -0.000707, 0.0, -0.000709, 0.675543, 0.737327, 0.37472, 0.00182, -0.73733, 0.675538, -0.0, 0.0, 0.0, 0.0, 1.0],
                [0.999986, 0.001824, -0.000698, -0.0, -0.000701, 0.66883, 0.743421, 0.37472, 0.001823, -0.743425, 0.668826, 0.0, 0.0, 0.0, 0.0, 1.0],
                [0.999987, 0.00184, -0.000652, -0.0, -0.000654, 0.630681, 0.776047, 0.37472, 0.00184, -0.776051, 0.630676, 0.0, 0.0, 0.0, 0.0, 1.0],
                [0.999988, 0.001865, -0.000578, 0.0, -0.00058, 0.566347, 0.824171, 0.37472, 0.001864, -0.824176, 0.566343, 0.0, 0.0, 0.0, 0.0, 1.0],
                [0.999987, 0.001895, -0.000472, -0.0, -0.000473, 0.469459, 0.882956, 0.37472, 0.001895, -0.882963, 0.469454, 0.0, 0.0, 0.0, 0.0, 1.0],
                [0.999987, 0.001925, -0.000328, 0.0, -0.00033, 0.33203, 0.943269, 0.37472, 0.001925, -0.943279, 0.332026, 0.0, 0.0, 0.0, 0.0, 1.0],
                [0.999986, 0.00195, -0.000101, -0.0, -0.000102, 0.103659, 0.994611, 0.37472, 0.00195, -0.994623, 0.103658, -0.0, 0.0, 0.0, 0.0, 1.0],
                [0.999986, 0.001946, 0.000158, 0.0, 0.000158, -0.160991, 0.986954, 0.37472, 0.001946, -0.986967, -0.160989, 0.0, 0.0, 0.0, 0.0, 1.0],
                [0.999988, 0.00191, 0.000403, -0.0, 0.000403, -0.404232, 0.91466, 0.37472, 0.00191, -0.914663, -0.404229, -0.0, 0.0, 0.0, 0.0, 1.0],
                [0.999986, 0.001858, 0.000598, 0.0, 0.000598, -0.583547, 0.812084, 0.37472, 0.001858, -0.812088, -0.583543, 0.0, 0.0, 0.0, 0.0, 1.0],
                [0.999984, 0.00181, 0.00073, 0.0, 0.00073, -0.693651, 0.720319, 0.37472, 0.00181, -0.720323, -0.693646, -0.0, 0.0, 0.0, 0.0, 1.0],
                [0.999986, 0.001796, 0.000766, -0.0, 0.000767, -0.722156, 0.691738, 0.37472, 0.001795, -0.691739, -0.722153, -0.0, 0.0, 0.0, 0.0, 1.0],
                [0.999985, 0.001825, 0.000693, 0.0, 0.000694, -0.664318, 0.747457, 0.37472, 0.001824, -0.74746, -0.664314, -0.0, 0.0, 0.0, 0.0, 1.0],
                [0.999986, 0.001869, 0.000564, 0.0, 0.000565, -0.553385, 0.83293, 0.37472, 0.001869, -0.832935, -0.553381, -0.0, 0.0, 0.0, 0.0, 1.0],
                [0.999987, 0.001923, 0.000346, -0.0, 0.000345, -0.347907, 0.937531, 0.37472, 0.001923, -0.937537, -0.347905, -0.0, 0.0, 0.0, 0.0, 1.0],
                [0.999987, 0.00193, -0.000294, -0.0, -0.000294, 0.298073, 0.954543, 0.37472, 0.00193, -0.954551, 0.29807, 0.0, 0.0, 0.0, 0.0, 1.0],
                [0.999988, 0.00183, -0.000682, 0.0, -0.000684, 0.655197, 0.755464, 0.37472, 0.001829, -0.755464, 0.655194, 0.0, 0.0, 0.0, 0.0, 1.0],
                [0.999988, 0.00195, 8.4e-05, 0.0, 8.3e-05, -0.085065, 0.996375, 0.37472, 0.00195, -0.996383, -0.085064, -0.0, 0.0, 0.0, 0.0, 1.0],
                [0.999988, 0.00195, 6.6e-05, -0.0, 6.5e-05, -0.067222, 0.997738, 0.37472, 0.00195, -0.997747, -0.067222, -0.0, 0.0, 0.0, 0.0, 1.0],
                [0.999988, 0.001952, 3.2e-05, -0.0, 3e-05, -0.031506, 0.999503, 0.37472, 0.001952, -0.99951, -0.031506, -0.0, 0.0, 0.0, 0.0, 1.0],
                [0.999989, 0.001952, 3e-06, -0.0, 1e-06, -0.001951, 0.999998, 0.37472, 0.001952, -1.000005, -0.001951, 0.0, 0.0, 0.0, 0.0, 1.0],
                [0.999987, 0.001952, 2e-06, 0.0, 0.0, -0.000982, 0.999999, 0.37472, 0.001952, -1.000008, -0.000982, 0.0, 0.0, 0.0, 0.0, 1.0],
                [0.999989, 0.001952, 5e-06, -0.0, 3e-06, -0.00439, 0.99999, 0.37472, 0.001952, -0.999998, -0.00439, 0.0, 0.0, 0.0, 0.0, 1.0],
                [0.999987, 0.001952, 9e-06, 0.0, 7e-06, -0.007799, 0.999968, 0.37472, 0.001952, -0.999978, -0.007799, -0.0, 0.0, 0.0, 0.0, 1.0],
                [0.999988, 0.001952, 4e-06, 0.0, 3e-06, -0.003901, 0.999992, 0.37472, 0.001952, -0.999999, -0.003901, -0.0, 0.0, 0.0, 0.0, 1.0],
                [0.999987, 0.001952, 1e-06, 0.0, -1e-06, -3e-06, 0.999999, 0.37472, 0.001952, -1.000009, -3e-06, -0.0, 0.0, 0.0, 0.0, 1.0],
                [0.999987, 0.001952, -2e-06, 0.0, -5e-06, 0.003895, 0.999991, 0.37472, 0.001952, -1.000002, 0.003895, 0.0, 0.0, 0.0, 0.0, 1.0],
                [0.999987, 0.001953, -6e-06, 0.0, -9e-06, 0.007794, 0.999969, 0.37472, 0.001952, -0.999979, 0.007794, 0.0, 0.0, 0.0, 0.0, 1.0],
                [0.999989, 0.001952, -9e-06, -0.0, -1.2e-05, 0.010714, 0.999943, 0.37472, 0.001952, -0.999949, 0.010714, -0.0, 0.0, 0.0, 0.0, 1.0],
                [0.999986, 0.001952, -9e-06, 0.0, -1.1e-05, 0.010066, 0.999949, 0.37472, 0.001952, -0.999958, 0.010066, 0.0, 0.0, 0.0, 0.0, 1.0],
                [0.999987, 0.001952, -6e-06, -0.0, -7e-06, 0.006824, 0.999977, 0.37472, 0.001952, -0.999985, 0.006824, 0.0, 0.0, 0.0, 0.0, 1.0],
                [0.999988, 0.001952, 2e-06, -0.0, -1e-06, -0.00036, 1.0, 0.37472, 0.001952, -1.000006, -0.00036, 0.0, 0.0, 0.0, 0.0, 1.0],
                [0.999987, 0.001952, 8e-06, 0.0, 7e-06, -0.007545, 0.999971, 0.37472, 0.001952, -0.999981, -0.007545, -0.0, 0.0, 0.0, 0.0, 1.0],
                [0.999987, 0.001952, 1.5e-05, -0.0, 1.4e-05, -0.01473, 0.999891, 0.37472, 0.001952, -0.999901, -0.01473, -0.0, 0.0, 0.0, 0.0, 1.0],
                [0.999987, 0.001951, 2.2e-05, 0.0, 2e-05, -0.021913, 0.99976, 0.37472, 0.001951, -0.999769, -0.021913, 0.0, 0.0, 0.0, 0.0, 1.0],
                [0.999987, 0.001952, 2.9e-05, -0.0, 2.8e-05, -0.029096, 0.999575, 0.37472, 0.001952, -0.999587, -0.029095, 0.0, 0.0, 0.0, 0.0, 1.0],
                [0.999986, 0.001951, 3.3e-05, 0.0, 3.1e-05, -0.032458, 0.999472, 0.37472, 0.001951, -0.999484, -0.032458, 0.0, 0.0, 0.0, 0.0, 1.0],
                [0.999987, 0.001952, 3.5e-05, -0.0, 3.4e-05, -0.035823, 0.999357, 0.37472, 0.001952, -0.999366, -0.035822, 0.0, 0.0, 0.0, 0.0, 1.0],
                [0.999987, 0.001953, 3.1e-05, -0.0, 2.9e-05, -0.031019, 0.999517, 0.37472, 0.001953, -0.999529, -0.031019, -0.0, 0.0, 0.0, 0.0, 1.0],
                [0.999988, 0.001952, 1.7e-05, 0.0, 1.5e-05, -0.016539, 0.999861, 0.37472, 0.001952, -0.999872, -0.016539, 0.0, 0.0, 0.0, 0.0, 1.0],
                [0.999988, 0.001952, -8e-06, -0.0, -9e-06, 0.008986, 0.999957, 0.37472, 0.001952, -0.999969, 0.008986, 0.0, 0.0, 0.0, 0.0, 1.0],
                [0.999986, 0.001951, -5.1e-05, -0.0, -5.2e-05, 0.053012, 0.998592, 0.37472, 0.001951, -0.998605, 0.053011, -0.0, 0.0, 0.0, 0.0, 1.0],
                [0.999985, 0.001949, -0.00011, 0.0, -0.000111, 0.112886, 0.993606, 0.37472, 0.001949, -0.99362, 0.112884, -0.0, 0.0, 0.0, 0.0, 1.0],
                [0.999986, 0.001944, -0.000179, 0.0, -0.00018, 0.183214, 0.983072, 0.37472, 0.001944, -0.983085, 0.183211, 0.0, 0.0, 0.0, 0.0, 1.0],
                [0.999987, 0.001937, -0.000252, -0.0, -0.000254, 0.256859, 0.966448, 0.37472, 0.001937, -0.966459, 0.256856, 0.0, 0.0, 0.0, 0.0, 1.0],
                [0.999987, 0.001926, -0.000322, -0.0, -0.000324, 0.326227, 0.945293, 0.37472, 0.001926, -0.945302, 0.326223, -0.0, 0.0, 0.0, 0.0, 1.0],
                [0.999986, 0.001914, -0.000385, 0.0, -0.000387, 0.387525, 0.921861, 0.37472, 0.001914, -0.92187, 0.38752, -0.0, 0.0, 0.0, 0.0, 1.0],
                [0.999988, 0.001904, -0.000438, 0.0, -0.00044, 0.437984, 0.898984, 0.37472, 0.001903, -0.89899, 0.43798, 0.0, 0.0, 0.0, 0.0, 1.0],
                [0.999986, 0.00189, -0.00049, 0.0, -0.000492, 0.487103, 0.873347, 0.37472, 0.001889, -0.873355, 0.487097, -0.0, 0.0, 0.0, 0.0, 1.0],
                [0.999988, 0.001876, -0.000545, 0.0, -0.000547, 0.536527, 0.843887, 0.37472, 0.001875, -0.843892, 0.536523, 0.0, 0.0, 0.0, 0.0, 1.0],
                [0.999987, 0.001859, -0.000598, -0.0, -0.0006, 0.584176, 0.811631, 0.37472, 0.001858, -0.811637, 0.58417, -0.0, 0.0, 0.0, 0.0, 1.0],
                [0.999988, 0.00184, -0.000655, -0.0, -0.000656, 0.632458, 0.774598, 0.37472, 0.001839, -0.7746, 0.632455, -0.0, 0.0, 0.0, 0.0, 1.0],
                [0.999987, 0.001818, -0.000713, 0.0, -0.000715, 0.680532, 0.732724, 0.37472, 0.001817, -0.732727, 0.680527, -0.0, 0.0, 0.0, 0.0, 1.0],
                [0.999987, 0.001791, -0.000777, -0.0, -0.000778, 0.730334, 0.683097, 0.37472, 0.001791, -0.683098, 0.730331, 0.0, 0.0, 0.0, 0.0, 1.0],
                [0.999987, 0.001761, -0.000845, -0.0, -0.000847, 0.780977, 0.624569, 0.37472, 0.00176, -0.624569, 0.780974, -0.0, 0.0, 0.0, 0.0, 1.0],
                [0.999987, 0.001721, -0.000922, 0.0, -0.000924, 0.83281, 0.553567, 0.37472, 0.00172, -0.553566, 0.832809, -0.0, 0.0, 0.0, 0.0, 1.0],
                [0.999987, 0.001672, -0.001009, 0.0, -0.00101, 0.885059, 0.465488, 0.37472, 0.001671, -0.465486, 0.885059, -0.0, 0.0, 0.0, 0.0, 1.0],
                [0.999986, 0.001654, -0.001038, -0.0, -0.00104, 0.901026, 0.433777, 0.37472, 0.001653, -0.433775, 0.901025, -0.0, 0.0, 0.0, 0.0, 1.0],
                [0.999987, 0.001644, -0.001055, 0.0, -0.001056, 0.909443, 0.415838, 0.37472, 0.001643, -0.415836, 0.909444, 0.0, 0.0, 0.0, 0.0, 1.0],
                [0.999987, 0.001638, -0.001063, 0.0, -0.001065, 0.913801, 0.406173, 0.37472, 0.001637, -0.406171, 0.913802, -0.0, 0.0, 0.0, 0.0, 1.0],
                [0.999987, 0.001637, -0.001065, 0.0, -0.001067, 0.914516, 0.404558, 0.37472, 0.001636, -0.404556, 0.914518, 0.0, 0.0, 0.0, 0.0, 1.0],
                [0.999987, 0.001639, -0.001062, -0.0, -0.001063, 0.913082, 0.407786, 0.37472, 0.001638, -0.407784, 0.913083, -0.0, 0.0, 0.0, 0.0, 1.0],
                [0.999987, 0.001641, -0.001058, -0.0, -0.001059, 0.911053, 0.412297, 0.37472, 0.001641, -0.412295, 0.911054, 0.0, 0.0, 0.0, 0.0, 1.0],
                [0.999987, 0.001643, -0.001055, -0.0, -0.001056, 0.90959, 0.415514, 0.37472, 0.001642, -0.415512, 0.909592, 0.0, 0.0, 0.0, 0.0, 1.0],
                [0.999996, -0.001635, 0.001071, -0.0, 0.001069, 0.916077, 0.401003, 0.37472, -0.001637, -0.401001, 0.916076, 0.0, 0.0, 0.0, 0.0, 1.0]
            ]
        },
        {
            "name": "Knee_R",
            "time": [2.5, 0.0],
            "transform": [
                [1.0, 0.0, -0.0, 0.0, -0.0, 1e-06, -1.0, 0.37472, -0.0, 1.0, 1e-06, -0.0, 0.0, 0.0, 0.0, 1.0],
                [1.0, 0.0, -0.0, -0.0, -0.0, 1e-06, -1.0, 0.37472, -0.0, 1.0, 1e-06, 0.0, 0.0, 0.0, 0.0, 1.0]
            ]
        },
        {
            "name": "Thigh_L",
            "time": [0.0, 0.0333, 0.0667, 0.1, 0.1333, 0.1667, 0.2, 0.2333, 0.2667, 0.3, 0.3333, 0.3667, 0.4, 0.4333, 0.4667, 0.5, 0.5333, 0.5667, 0.6, 0.6333, 0.6667, 0.7, 0.7333, 0.7667, 0.8, 0.8333, 0.8667, 0.9, 0.9333, 0.9667, 1.0, 1.0333, 1.0667, 1.1, 1.1333, 1.1667, 1.2, 1.2333, 1.2667, 1.3, 1.3333, 1.3667, 1.4, 1.4333, 1.4667, 1.5, 1.5333, 1.5667, 1.6, 1.6333, 1.6667, 1.7, 1.7333, 1.7667, 1.8, 1.8333, 1.8667, 1.9, 1.9333, 1.9667, 2.0, 2.0333, 2.0667, 2.1, 2.1333, 2.1667, 2.2, 2.5],
            "transform": [
                [0.988169, 0.049392, 0.145141, -0.029556, -0.100348, -0.507366, 0.855871, -0.020177, 0.11591, -0.860326, -0.496406, -0.096959, 0.0, 0.0, 0.0, 1.0],
                [0.9905, 0.014354, 0.136697, -0.029048, -0.114229, -0.467152, 0.876769, -0.016914, 0.076442, -0.884071, -0.461074, -0.097734, 0.0, 0.0, 0.0, 1.0],
                [0.992383, -0.023042, 0.120943, -0.028729, -0.118705, -0.439675, 0.89028, -0.013302, 0.032661, -0.897871, -0.439062, -0.098384, 0.0, 0.0, 0.0, 1.0],
                [0.993601, -0.055367, 0.098363, -0.029048, -0.112757, -0.447378, 0.88721, -0.009103, -0.005117, -0.892639, -0.450758, -0.098768, 0.0, 0.0, 0.0, 1.0],
                [0.994558, -0.076636, 0.070447, -0.030491, -0.099298, -0.495445, 0.862948, -0.004575, -0.03123, -0.865263, -0.500359, -0.098646, 0.0, 0.0, 0.0, 1.0],
                [0.99504, -0.084793, 0.051841, -0.03252, -0.092684, -0.60348, 0.791977, 3.5e-05, -0.035868, -0.792869, -0.608346, -0.098103, 0.0, 0.0, 0.0, 1.0],
                [0.995993, -0.075572, 0.04765, -0.034966, -0.08746, -0.715999, 0.692607, 0.004307, -0.018224, -0.694011, -0.719739, -0.097163, 0.0, 0.0, 0.0, 1.0],
                [0.997018, -0.06219, 0.045501, -0.039127, -0.077046, -0.81439, 0.575192, 0.00685, 0.001285, -0.576992, -0.816752, -0.095416, 0.0, 0.0, 0.0, 1.0],
                [0.997778, -0.063605, 0.019403, -0.046388, -0.065403, -0.885964, 0.459133, 0.007243, -0.012012, -0.45939, -0.888156, -0.092075, 0.0, 0.0, 0.0, 1.0],
                [0.996379, -0.08061, -0.026734, -0.055003, -0.06685, -0.938597, 0.338499, 0.00664, -0.052378, -0.335492, -0.940587, -0.087252, 0.0, 0.0, 0.0, 1.0],
                [0.99226, -0.100385, -0.072992, -0.06295, -0.084432, -0.977004, 0.19583, 0.006138, -0.090971, -0.188154, -0.977918, -0.081744, 0.0, 0.0, 0.0, 1.0],
                [0.987263, -0.104462, -0.119931, -0.070769, -0.099748, -0.994017, 0.044662, 0.005653, -0.123877, -0.032131, -0.991777, -0.075117, 0.0, 0.0, 0.0, 1.0],
                [0.982063, -0.089438, -0.16594, -0.079089, -0.106331, -0.989706, -0.095881, 0.005017, -0.155654, 0.111808, -0.981464, -0.066353, 0.0, 0.0, 0.0, 1.0],
                [0.980785, -0.038406, -0.191229, -0.087295, -0.080721, -0.972454, -0.218711, 0.004272, -0.177559, 0.229949, -0.956869, -0.055177, 0.0, 0.0, 0.0, 1.0],
                [0.981635, 0.019797, -0.189696, -0.094377, -0.040218, -0.950756, -0.307346, 0.003873, -0.186436, 0.309336, -0.932499, -0.041967, 0.0, 0.0, 0.0, 1.0],
                [0.981494, 0.034405, -0.188327, -0.099692, -0.034047, -0.936676, -0.348561, 0.004029, -0.18839, 0.34853, -0.918171, -0.026993, 0.0, 0.0, 0.0, 1.0],
                [0.967135, 0.011049, -0.253991, -0.103229, -0.08132, -0.933129, -0.350246, 0.002464, -0.240871, 0.359397, -0.901563, -0.004611, 0.0, 0.0, 0.0, 1.0],
                [0.908562, -0.058849, -0.413565, -0.098197, -0.200305, -0.930168, -0.307702, -0.000722, -0.36657, 0.362413, -0.856904, 0.032253, 0.0, 0.0, 0.0, 1.0],
                [0.611084, -0.356383, -0.706798, -0.050124, -0.533876, -0.844817, -0.03562, -0.005638, -0.584411, 0.399116, -0.706518, 0.090211, 0.0, 0.0, 0.0, 1.0],
                [0.102698, -0.603842, -0.790465, -0.021879, -0.683332, -0.620307, 0.385068, -0.004956, -0.722839, 0.500611, -0.476328, 0.100888, 0.0, 0.0, 0.0, 1.0],
                [-0.441403, -0.689109, -0.574716, 0.009337, -0.559187, -0.289661, 0.77679, 0.010746, -0.701754, 0.664262, -0.257483, 0.102363, 0.0, 0.0, 0.0, 1.0],
                [-0.577552, -0.703131, -0.414782, 0.034806, -0.350302, -0.245477, 0.903896, 0.013752, -0.737363, 0.667359, -0.104533, 0.096331, 0.0, 0.0, 0.0, 1.0],
                [-0.566072, -0.725008, -0.392338, 0.037694, -0.285792, -0.27382, 0.918338, 0.014682, -0.77322, 0.631984, -0.0522, 0.095098, 0.0, 0.0, 0.0, 1.0],
                [-0.546019, -0.728395, -0.413895, 0.036561, -0.269755, -0.314874, 0.909993, 0.015206, -0.793144, 0.608535, -0.024561, 0.095458, 0.0, 0.0, 0.0, 1.0],
                [-0.553419, -0.707246, -0.439925, 0.036982, -0.276775, -0.342013, 0.898011, 0.015674, -0.785561, 0.618748, -0.006472, 0.09522, 0.0, 0.0, 0.0, 1.0],
                [-0.561377, -0.688443, -0.459245, 0.037406, -0.286202, -0.35919, 0.888297, 0.016138, -0.776484, 0.630118, 0.004607, 0.094977, 0.0, 0.0, 0.0, 1.0],
                [-0.563673, -0.674394, -0.476936, 0.037591, -0.296621, -0.373627, 0.878874, 0.016268, -0.77089, 0.636878, 0.010564, 0.094881, 0.0, 0.0, 0.0, 1.0],
                [-0.564755, -0.661017, -0.494077, 0.038028, -0.307121, -0.387348, 0.869275, 0.01623, -0.765971, 0.642681, 0.015744, 0.094713, 0.0, 0.0, 0.0, 1.0],
                [-0.566363, -0.647726, -0.509595, 0.038697, -0.316229, -0.400206, 0.860137, 0.016063, -0.761061, 0.648311, 0.021832, 0.09447, 0.0, 0.0, 0.0, 1.0],
                [-0.567062, -0.63541, -0.524114, 0.039364, -0.325608, -0.411556, 0.851236, 0.015899, -0.756574, 0.653371, 0.026483, 0.094222, 0.0, 0.0, 0.0, 1.0],
                [-0.563753, -0.624737, -0.540267, 0.039705, -0.337914, -0.422415, 0.841059, 0.015727, -0.753643, 0.656726, 0.02703, 0.094107, 0.0, 0.0, 0.0, 1.0],
                [-0.551513, -0.617829, -0.560465, 0.039256, -0.356145, -0.433174, 0.827962, 0.015477, -0.754306, 0.65625, 0.018864, 0.094337, 0.0, 0.0, 0.0, 1.0],
                [-0.528632, -0.614287, -0.585836, 0.037843, -0.381052, -0.444978, 0.810429, 0.015219, -0.758506, 0.651664, 0.001154, 0.094955, 0.0, 0.0, 0.0, 1.0],
                [-0.493086, -0.622169, -0.60809, 0.036114, -0.410678, -0.449731, 0.79315, 0.014882, -0.766939, 0.64083, -0.033756, 0.095679, 0.0, 0.0, 0.0, 1.0],
