{
    "animation": [
        {
            "name": "Root",
            "time": [0.0, 0.0333, 0.0667, 0.1, 0.1333, 0.1667, 0.2, 0.2333, 0.2667, 0.3, 0.3333, 0.3667, 0.4, 0.4333, 0.4667, 0.5, 0.5333, 0.5667, 0.6, 0.6333, 0.6667, 0.7, 0.7333, 0.7667, 0.8, 0.8333, 0.8667, 0.9, 0.9333, 0.9667, 1.0, 1.0333, 1.0667, 1.1, 1.1333, 1.1667, 1.2, 1.2333, 1.2667, 1.3, 1.3333],
            "transform": [
                [1.0, 4.5e-05, 0.0, -0.060404, 0.0, 0.003908, -0.999992, 0.001849, -4.5e-05, 0.999992, 0.003908, 0.685405, 0.0, 0.0, 0.0, 1.0],
                [1.0, 3.8e-05, 0.0, -0.061858, 0.0, 0.003908, -0.999992, 0.001849, -3.8e-05, 0.999992, 0.003908, 0.686675, 0.0, 0.0, 0.0, 1.0],
                [1.0, 3.1e-05, 0.0, -0.062966, 0.0, 0.003908, -0.999992, 0.001849, -3.1e-05, 0.999992, 0.003908, 0.687524, 0.0, 0.0, 0.0, 1.0],
                [1.0, 2.3e-05, 0.0, -0.063729, 0.0, 0.003908, -0.999992, 0.001849, -2.3e-05, 0.999992, 0.003908, 0.687951, 0.0, 0.0, 0.0, 1.0],
                [1.0, 1.5e-05, 0.0, -0.064147, 0.0, 0.003908, -0.999992, 0.001849, -1.5e-05, 0.999992, 0.003908, 0.687957, 0.0, 0.0, 0.0, 1.0],
                [0.999994, -1.7e-05, 0.003408, -0.062513, 0.003408, 0.003908, -0.999986, 0.001849, 3e-06, 0.999992, 0.003908, 0.686203, 0.0, 0.0, 0.0, 1.0],
                [0.999992, -4.6e-05, 0.00387, -0.059139, 0.003871, 0.003908, -0.999985, 0.001849, 3.1e-05, 0.999992, 0.003908, 0.679926, 0.0, 0.0, 0.0, 1.0],
                [0.999992, -8.6e-05, 0.003832, -0.054733, 0.003832, 0.003906, -0.999985, 0.001849, 7.1e-05, 0.999992, 0.003907, 0.672498, 0.0, 0.0, 0.0, 1.0],
                [0.999993, -0.000126, 0.003795, -0.0497, 0.003795, 0.003906, -0.999985, 0.001849, 0.000111, 0.999992, 0.003906, 0.664974, 0.0, 0.0, 0.0, 1.0],
                [0.999993, -0.000165, 0.00376, -0.043605, 0.00376, 0.003904, -0.999985, 0.001849, 0.00015, 0.999992, 0.003905, 0.657513, 0.0, 0.0, 0.0, 1.0],
                [0.999993, -0.000197, 0.003731, -0.036006, 0.003732, 0.003902, -0.999985, 0.001849, 0.000182, 0.999992, 0.003903, 0.651996, 0.0, 0.0, 0.0, 1.0],
                [0.999993, -0.000221, 0.00371, -0.026467, 0.003711, 0.003902, -0.999985, 0.001849, 0.000206, 0.999992, 0.003902, 0.648719, 0.0, 0.0, 0.0, 1.0],
                [0.999993, -0.000241, 0.003694, -0.015764, 0.003695, 0.0039, -0.999985, 0.001849, 0.000227, 0.999992, 0.003901, 0.646371, 0.0, 0.0, 0.0, 1.0],
                [0.999993, -0.000256, 0.003681, -0.005086, 0.003682, 0.003899, -0.999985, 0.001849, 0.000242, 0.999992, 0.0039, 0.645228, 0.0, 0.0, 0.0, 1.0],
                [0.999993, -0.00027, 0.00367, 0.005375, 0.003671, 0.003898, -0.999985, 0.001849, 0.000255, 0.999992, 0.003899, 0.645679, 0.0, 0.0, 0.0, 1.0],
                [0.999993, -0.000273, 0.003667, 0.013098, 0.003668, 0.003898, -0.999985, 0.001849, 0.000258, 0.999992, 0.003899, 0.648013, 0.0, 0.0, 0.0, 1.0],
                [0.999993, -0.000273, 0.003666, 0.017831, 0.003667, 0.003898, -0.999986, 0.001849, 0.000259, 0.999992, 0.003899, 0.652013, 0.0, 0.0, 0.0, 1.0],
                [0.999993, -0.000271, 0.003669, 0.020806, 0.00367, 0.003899, -0.999986, 0.001849, 0.000256, 0.999992, 0.0039, 0.659543, 0.0, 0.0, 0.0, 1.0],
                [0.999993, -0.000263, 0.003674, 0.021279, 0.003675, 0.003899, -0.999985, 0.001849, 0.000249, 0.999992, 0.0039, 0.666859, 0.0, 0.0, 0.0, 1.0],
                [0.999993, -0.000252, 0.003684, 0.02174, 0.003685, 0.003899, -0.999985, 0.001849, 0.000237, 0.999992, 0.0039, 0.673959, 0.0, 0.0, 0.0, 1.0],
                [0.999993, -0.000236, 0.003698, 0.022132, 0.003699, 0.003901, -0.999985, 0.001849, 0.000221, 0.999992, 0.003902, 0.679006, 0.0, 0.0, 0.0, 1.0],
                [0.999993, -0.000216, 0.003715, 0.022398, 0.003716, 0.003901, -0.999985, 0.001849, 0.000201, 0.999992, 0.003902, 0.681697, 0.0, 0.0, 0.0, 1.0],
                [0.999993, -0.000185, 0.003733, 0.022481, 0.003734, 0.003904, -0.999985, 0.001849, 0.00017, 0.999992, 0.003904, 0.683416, 0.0, 0.0, 0.0, 1.0],
                [0.999993, -0.000155, 0.003698, 0.022319, 0.003698, 0.003905, -0.999985, 0.001849, 0.00014, 0.999992, 0.003905, 0.683898, 0.0, 0.0, 0.0, 1.0],
                [0.999994, -0.000124, 0.003557, 0.021854, 0.003557, 0.003906, -0.999986, 0.001849, 0.00011, 0.999992, 0.003907, 0.682765, 0.0, 0.0, 0.0, 1.0],
                [0.999995, -9.3e-05, 0.003255, 0.018623, 0.003256, 0.003907, -0.999987, 0.001849, 8e-05, 0.999992, 0.003907, 0.679733, 0.0, 0.0, 0.0, 1.0],
                [0.999996, -6.2e-05, 0.002739, 0.015392, 0.00274, 0.003908, -0.999988, 0.001849, 5.1e-05, 0.999992, 0.003908, 0.675, 0.0, 0.0, 0.0, 1.0],
                [0.999998, -3e-05, 0.001957, 0.009433, 0.001957, 0.003908, -0.99999, 0.001849, 2.2e-05, 0.999992, 0.003908, 0.666654, 0.0, 0.0, 0.0, 1.0],
                [1.0, 2e-06, 0.000854, 0.003154, 0.000854, 0.003908, -0.999992, 0.001849, -6e-06, 0.999992, 0.003908, 0.658308, 0.0, 0.0, 0.0, 1.0],
                [1.0, 3.2e-05, 0.000107, -0.003444, 0.000107, 0.003908, -0.999992, 0.001849, -3.3e-05, 0.999992, 0.003908, 0.649962, 0.0, 0.0, 0.0, 1.0],
                [1.0, 5.7e-05, 0.0, -0.010363, 0.0, 0.003908, -0.999992, 0.001849, -5.7e-05, 0.999992, 0.003908, 0.646073, 0.0, 0.0, 0.0, 1.0],
                [1.0, 7e-05, 0.0, -0.019481, -0.0, 0.003908, -0.999992, 0.001849, -7e-05, 0.999992, 0.003908, 0.644576, 0.0, 0.0, 0.0, 1.0],
                [1.0, 8.3e-05, 0.0, -0.028599, -0.0, 0.003907, -0.999992, 0.001849, -8.3e-05, 0.999992, 0.003907, 0.645111, 0.0, 0.0, 0.0, 1.0],
                [1.0, 9.6e-05, 0.0, -0.037717, -0.0, 0.003906, -0.999992, 0.001849, -9.6e-05, 0.999992, 0.003906, 0.646363, 0.0, 0.0, 0.0, 1.0],
                [1.0, 9.9e-05, 0.0, -0.046839, -0.0, 0.003907, -0.999992, 0.001849, -9.9e-05, 0.999992, 0.003907, 0.650371, 0.0, 0.0, 0.0, 1.0],
                [1.0, 9.9e-05, 0.0, -0.052648, -0.0, 0.003907, -0.999992, 0.001849, -9.9e-05, 0.999992, 0.003907, 0.65438, 0.0, 0.0, 0.0, 1.0],
                [1.0, 9.6e-05, 0.0, -0.057058, -0.0, 0.003906, -0.999992, 0.001849, -9.6e-05, 0.999992, 0.003906, 0.658388, 0.0, 0.0, 0.0, 1.0],
                [1.0, 8.4e-05, 0.0, -0.057894, -0.0, 0.003907, -0.999992, 0.001849, -8.4e-05, 0.999992, 0.003907, 0.665143, 0.0, 0.0, 0.0, 1.0],
                [1.0, 7.1e-05, 0.0, -0.058731, 0.0, 0.003907, -0.999992, 0.001849, -7.1e-05, 0.999992, 0.003907, 0.671897, 0.0, 0.0, 0.0, 1.0],
                [1.0, 5.8e-05, 0.0, -0.059567, 0.0, 0.003908, -0.999992, 0.001849, -5.8e-05, 0.999992, 0.003908, 0.678651, 0.0, 0.0, 0.0, 1.0],
                [1.0, 4.5e-05, 0.0, -0.060404, 0.0, 0.003908, -0.999992, 0.001849, -4.5e-05, 0.999992, 0.003908, 0.685405, 0.0, 0.0, 0.0, 1.0]
            ]
        },
        {
            "name": "Thigh_R",
            "time": [0.0, 0.0333, 0.0667, 0.1, 0.1333, 0.1667, 0.2, 0.2333, 0.2667, 0.3, 0.3333, 0.3667, 0.4, 0.4333, 0.4667, 0.5, 0.5333, 0.5667, 0.6, 0.6333, 0.6667, 0.7, 0.7333, 0.7667, 0.8, 0.8333, 0.8667, 0.9, 0.9333, 0.9667, 1.0, 1.0333, 1.0667, 1.1, 1.1333, 1.1667, 1.2, 1.2333, 1.2667, 1.3, 1.3333],
            "transform": [
                [0.990112, 0.072563, 0.11999, 0.099923, 0.003459, -0.868084, 0.496416, 0.000877, 0.140181, -0.4911, -0.859752, -0.026375, 0.0, 0.0, 0.0, 1.0],
                [0.991088, 0.0687, 0.11406, 0.099923, -0.007404, -0.826869, 0.562355, 0.000877, 0.132944, -0.558197, -0.818992, -0.026375, 0.0, 0.0, 0.0, 1.0],
                [0.992198, 0.061279, 0.108492, 0.099923, -0.018065, -0.790771, 0.611854, 0.000877, 0.123284, -0.609051, -0.783495, -0.026375, 0.0, 0.0, 0.0, 1.0],
                [0.99313, 0.053121, 0.104189, 0.099923, -0.02485, -0.774702, 0.631846, 0.000877, 0.114278, -0.630105, -0.768059, -0.026375, 0.0, 0.0, 0.0, 1.0],
                [0.993801, 0.045141, 0.101521, 0.099923, -0.028379, -0.780301, 0.624768, 0.000877, 0.107418, -0.623787, -0.774183, -0.026375, 0.0, 0.0, 0.0, 1.0],
                [0.994723, 0.040551, 0.094159, 0.099923, -0.025185, -0.793652, 0.607859, 0.000877, 0.099378, -0.607033, -0.788442, -0.026375, 0.0, 0.0, 0.0, 1.0],
                [0.995748, 0.03078, 0.086737, 0.099923, -0.024229, -0.821513, 0.569685, 0.000877, 0.088789, -0.569373, -0.817274, -0.026375, 0.0, 0.0, 0.0, 1.0],
                [0.996813, 0.025341, 0.075543, 0.099923, -0.021422, -0.827943, 0.560413, 0.000877, 0.076745, -0.560254, -0.824761, -0.026375, 0.0, 0.0, 0.0, 1.0],
                [0.997664, 0.02381, 0.063905, 0.099923, -0.017356, -0.817583, 0.57556, 0.000877, 0.065951, -0.575334, -0.815259, -0.026375, 0.0, 0.0, 0.0, 1.0],
                [0.998342, 0.020549, 0.053614, 0.099923, -0.015264, -0.805183, 0.592839, 0.000877, 0.05535, -0.592685, -0.803534, -0.026375, 0.0, 0.0, 0.0, 1.0],
                [0.998793, 0.015713, 0.046362, 0.099923, -0.014963, -0.803756, 0.594781, 0.000877, 0.046609, -0.594767, -0.80255, -0.026375, 0.0, 0.0, 0.0, 1.0],
                [0.998999, 0.005561, 0.044186, 0.099923, -0.021901, -0.802561, 0.596177, 0.000877, 0.038776, -0.596559, -0.801636, -0.026375, 0.0, 0.0, 0.0, 1.0],
                [0.99892, -0.005178, 0.045982, 0.099923, -0.031185, -0.809495, 0.586308, 0.000877, 0.034186, -0.58712, -0.808782, -0.026375, 0.0, 0.0, 0.0, 1.0],
                [0.998595, -0.016599, 0.050162, 0.099923, -0.043025, -0.806509, 0.589664, 0.000877, 0.030667, -0.591004, -0.806089, -0.026375, 0.0, 0.0, 0.0, 1.0],
                [0.998013, -0.025538, 0.057469, 0.099923, -0.05405, -0.815457, 0.576297, 0.000877, 0.032146, -0.578268, -0.815217, -0.026375, 0.0, 0.0, 0.0, 1.0],
                [0.997268, -0.034265, 0.065319, 0.099923, -0.064954, -0.827576, 0.557594, 0.000877, 0.03495, -0.560322, -0.82754, -0.026375, 0.0, 0.0, 0.0, 1.0],
                [0.997008, -0.040841, 0.065506, 0.099923, -0.069032, -0.851499, 0.519803, 0.000877, 0.034548, -0.522778, -0.851771, -0.026375, 0.0, 0.0, 0.0, 1.0],
                [0.996761, -0.044808, 0.066671, 0.099923, -0.070988, -0.879795, 0.470035, 0.000877, 0.037595, -0.473253, -0.880126, -0.026375, 0.0, 0.0, 0.0, 1.0],
                [0.996489, -0.044779, 0.070649, 0.099923, -0.06998, -0.908982, 0.410931, 0.000877, 0.045817, -0.414438, -0.908925, -0.026375, 0.0, 0.0, 0.0, 1.0],
                [0.996256, -0.045008, 0.07373, 0.099923, -0.06791, -0.935593, 0.346503, 0.000877, 0.053385, -0.350218, -0.935147, -0.026375, 0.0, 0.0, 0.0, 1.0],
                [0.995607, -0.043081, 0.08307, 0.099923, -0.064516, -0.959026, 0.275891, 0.000877, 0.06778, -0.280041, -0.957593, -0.026375, 0.0, 0.0, 0.0, 1.0],
                [0.993392, -0.039951, 0.10756, 0.099923, -0.060178, -0.97956, 0.191958, 0.000877, 0.097692, -0.197164, -0.975491, -0.026375, 0.0, 0.0, 0.0, 1.0],
                [0.990202, -0.039413, 0.133936, 0.099923, -0.054112, -0.992687, 0.107946, 0.000877, 0.128701, -0.114136, -0.985094, -0.026375, 0.0, 0.0, 0.0, 1.0],
                [0.987148, -0.036227, 0.15563, 0.099923, -0.041016, -0.998778, 0.027672, 0.000877, 0.154437, -0.0337, -0.987428, -0.026375, 0.0, 0.0, 0.0, 1.0],
                [0.984034, -0.032884, 0.174907, 0.099923, -0.0247, -0.998506, -0.048764, 0.000877, 0.176249, 0.043666, -0.983377, -0.026375, 0.0, 0.0, 0.0, 1.0],
                [0.980988, -0.028032, 0.192029, 0.099923, -0.007064, -0.994016, -0.109017, 0.000877, 0.193936, 0.105588, -0.975316, -0.026375, 0.0, 0.0, 0.0, 1.0],
                [0.97769, -0.021475, 0.20895, 0.099923, 0.012344, -0.987168, -0.159213, 0.000877, 0.209687, 0.158241, -0.964879, -0.026375, 0.0, 0.0, 0.0, 1.0],
                [0.97404, -0.010279, 0.226144, 0.099923, 0.037199, -0.978122, -0.204682, 0.000877, 0.2233, 0.207781, -0.952347, -0.026375, 0.0, 0.0, 0.0, 1.0],
                [0.970273, 0.00278, 0.241996, 0.099923, 0.062992, -0.968369, -0.24144, 0.000877, 0.23367, 0.249506, -0.939758, -0.026375, 0.0, 0.0, 0.0, 1.0],
                [0.966842, 0.019727, 0.254613, 0.099923, 0.089534, -0.959913, -0.265617, 0.000877, 0.239167, 0.279606, -0.92985, -0.026375, 0.0, 0.0, 0.0, 1.0],
                [0.965243, 0.039275, 0.258388, 0.099923, 0.110413, -0.957367, -0.26694, 0.000877, 0.236888, 0.286191, -0.928428, -0.026375, 0.0, 0.0, 0.0, 1.0],
                [0.966311, 0.059901, 0.250308, 0.099923, 0.123741, -0.960888, -0.247755, 0.000877, 0.225677, 0.270382, -0.935929, -0.026375, 0.0, 0.0, 0.0, 1.0],
                [0.969813, 0.090653, 0.226371, 0.099923, 0.129592, -0.977987, -0.163551, 0.000877, 0.206561, 0.18795, -0.960212, -0.026375, 0.0, 0.0, 0.0, 1.0],
                [0.973782, 0.105411, 0.201576, 0.099923, 0.131403, -0.984015, -0.120217, 0.000877, 0.185681, 0.143554, -0.972068, -0.026375, 0.0, 0.0, 0.0, 1.0],
                [0.980772, 0.105439, 0.164206, 0.099923, 0.109813, -0.993796, -0.017772, 0.000877, 0.161312, 0.035462, -0.986266, -0.026375, 0.0, 0.0, 0.0, 1.0],
                [0.986495, 0.090286, 0.136635, 0.099923, 0.079826, -0.993582, 0.080194, 0.000877, 0.142998, -0.068205, -0.98737, -0.026375, 0.0, 0.0, 0.0, 1.0],
                [0.988042, 0.083917, 0.129312, 0.099923, 0.059215, -0.981103, 0.184227, 0.000877, 0.142327, -0.174369, -0.97434, -0.026375, 0.0, 0.0, 0.0, 1.0],
                [0.988571, 0.081356, 0.126879, 0.099923, 0.042146, -0.957446, 0.285536, 0.000877, 0.144708, -0.276929, -0.949932, -0.026375, 0.0, 0.0, 0.0, 1.0],
                [0.989115, 0.078424, 0.124456, 0.099923, 0.026568, -0.927373, 0.373208, 0.000877, 0.144684, -0.365844, -0.919362, -0.026375, 0.0, 0.0, 0.0, 1.0],
                [0.989555, 0.075405, 0.122809, 0.099923, 0.0132, -0.896036, 0.443799, 0.000877, 0.143504, -0.437549, -0.887672, -0.026375, 0.0, 0.0, 0.0, 1.0],
                [0.990113, 0.072563, 0.11999, 0.099923, 0.003459, -0.868084, 0.496416, 0.000877, 0.140181, -0.4911, -0.859752, -0.026375, 0.0, 0.0, 0.0, 1.0]
            ]
        },
        {
            "name": "Leg_R",
            "time": [0.0, 0.0333, 0.0667, 0.1, 0.1333, 0.1667, 0.2, 0.2333, 0.2667, 0.3, 0.3333, 0.3667, 0.4, 0.4333, 0.4667, 0.5, 0.5333, 0.5667, 0.6, 0.6333, 0.6667, 0.7, 0.7333, 0.7667, 0.8, 0.8333, 0.8667, 0.9, 0.9333, 0.9667, 1.0, 1.0333, 1.0667, 1.1, 1.1333, 1.1667, 1.2, 1.2333, 1.2667, 1.3, 1.3333],
            "transform": [
                [0.999998, 0.001927, -0.000308, -0.0, -0.00031, 0.312727, 0.949844, 0.37472, 0.001927, -0.949842, 0.312727, 0.0, 0.0, 0.0, 0.0, 1.0],
                [0.999998, 0.001918, -0.000362, -0.0, -0.000365, 0.365924, 0.930645, 0.37472, 0.001918, -0.930645, 0.365924, 0.0, 0.0, 0.0, 0.0, 1.0],
                [0.999997, 0.001897, -0.000462, 0.0, -0.000464, 0.460882, 0.887461, 0.37472, 0.001896, -0.887462, 0.460881, -0.0, 0.0, 0.0, 0.0, 1.0],
                [0.999997, 0.001857, -0.000602, -0.0, -0.000604, 0.587314, 0.80936, 0.37472, 0.001857, -0.809358, 0.587314, -0.0, 0.0, 0.0, 0.0, 1.0],
                [0.999995, 0.001804, -0.00075, -0.0, -0.000752, 0.709641, 0.704567, 0.37472, 0.001803, -0.704565, 0.70964, 0.0, 0.0, 0.0, 0.0, 1.0],
                [0.999995, 0.001764, -0.000839, 0.0, -0.000842, 0.776738, 0.629826, 0.37472, 0.001762, -0.629823, 0.776739, 0.0, 0.0, 0.0, 0.0, 1.0],
                [0.999993, 0.001694, -0.000972, 0.0, -0.000974, 0.863943, 0.503593, 0.37472, 0.001693, -0.50359, 0.863945, 0.0, 0.0, 0.0, 0.0, 1.0],
                [0.999993, 0.001657, -0.001035, -0.0, -0.001036, 0.898854, 0.43825, 0.37472, 0.001656, -0.438246, 0.898858, -0.0, 0.0, 0.0, 0.0, 1.0],
                [0.999992, 0.001654, -0.00104, -0.0, -0.001042, 0.901941, 0.431865, 0.37472, 0.001652, -0.431862, 0.901943, -0.0, 0.0, 0.0, 0.0, 1.0],
                [0.999992, 0.00166, -0.001029, 0.0, -0.001032, 0.896357, 0.443338, 0.37472, 0.001659, -0.443335, 0.896359, -0.0, 0.0, 0.0, 0.0, 1.0],
                [0.999991, 0.001649, -0.001047, -0.0, -0.00105, 0.90588, 0.423542, 0.37472, 0.001647, -0.423539, 0.905881, -0.0, 0.0, 0.0, 0.0, 1.0],
                [0.999992, 0.001666, -0.00102, -0.0, -0.001023, 0.891262, 0.453495, 0.37472, 0.001665, -0.453492, 0.891264, -0.0, 0.0, 0.0, 0.0, 1.0],
                [0.999992, 0.001666, -0.00102, -0.0, -0.001022, 0.89126, 0.453499, 0.37472, 0.001665, -0.453496, 0.891262, 0.0, 0.0, 0.0, 0.0, 1.0],
                [0.999993, 0.001724, -0.000921, -0.0, -0.000924, 0.832333, 0.55428, 0.37472, 0.001722, -0.554278, 0.832334, -0.0, 0.0, 0.0, 0.0, 1.0],
                [0.999995, 0.001761, -0.000852, -0.0, -0.000855, 0.784893, 0.619634, 0.37472, 0.00176, -0.619632, 0.784894, -0.0, 0.0, 0.0, 0.0, 1.0],
                [0.999995, 0.001793, -0.000779, -0.0, -0.000782, 0.732344, 0.680937, 0.37472, 0.001792, -0.680935, 0.732344, 0.0, 0.0, 0.0, 0.0, 1.0],
                [0.999996, 0.001806, -0.00075, -0.0, -0.000752, 0.709122, 0.705088, 0.37472, 0.001805, -0.705086, 0.709122, 0.0, 0.0, 0.0, 0.0, 1.0],
                [0.999996, 0.001806, -0.000749, -0.0, -0.000751, 0.708598, 0.705615, 0.37472, 0.001805, -0.705612, 0.708598, -0.0, 0.0, 0.0, 0.0, 1.0],
                [0.999997, 0.001799, -0.000764, 0.0, -0.000766, 0.720603, 0.693349, 0.37472, 0.001798, -0.693346, 0.720604, -0.0, 0.0, 0.0, 0.0, 1.0],
                [0.999997, 0.001788, -0.00079, 0.0, -0.000792, 0.739885, 0.672734, 0.37472, 0.001787, -0.672731, 0.739887, -0.0, 0.0, 0.0, 0.0, 1.0],
                [0.999997, 0.001774, -0.00082, 0.0, -0.000822, 0.762304, 0.64722, 0.37472, 0.001773, -0.647216, 0.762307, -0.0, 0.0, 0.0, 0.0, 1.0],
                [0.999998, 0.001753, -0.000866, 0.0, -0.000868, 0.794788, 0.606886, 0.37472, 0.001752, -0.606881, 0.794792, -0.0, 0.0, 0.0, 0.0, 1.0],
                [0.999997, 0.001729, -0.00091, 0.0, -0.000913, 0.825151, 0.564911, 0.37472, 0.001728, -0.564906, 0.825155, -0.0, 0.0, 0.0, 0.0, 1.0],
                [0.999998, 0.001708, -0.000951, -0.0, -0.000953, 0.850882, 0.525354, 0.37472, 0.001706, -0.525349, 0.850888, -0.0, 0.0, 0.0, 0.0, 1.0],
                [0.999998, 0.001684, -0.00099, -0.0, -0.000993, 0.874589, 0.484862, 0.37472, 0.001683, -0.484856, 0.874595, -0.0, 0.0, 0.0, 0.0, 1.0],
                [0.999998, 0.001675, -0.001005, -0.0, -0.001008, 0.883058, 0.469258, 0.37472, 0.001674, -0.469253, 0.883066, -0.0, 0.0, 0.0, 0.0, 1.0],
                [0.999998, 0.001673, -0.001008, -0.0, -0.001011, 0.884719, 0.46612, 0.37472, 0.001671, -0.466115, 0.884726, 0.0, 0.0, 0.0, 0.0, 1.0],
                [0.999998, 0.001675, -0.001006, 0.0, -0.001008, 0.883387, 0.46864, 0.37472, 0.001673, -0.468634, 0.883394, -0.0, 0.0, 0.0, 0.0, 1.0],
                [0.999998, 0.00168, -0.000996, -0.0, -0.000998, 0.877988, 0.478679, 0.37472, 0.001679, -0.478674, 0.877994, 0.0, 0.0, 0.0, 0.0, 1.0],
                [0.999998, 0.001691, -0.000977, 0.0, -0.00098, 0.867178, 0.497995, 0.37472, 0.00169, -0.497989, 0.867184, 0.0, 0.0, 0.0, 0.0, 1.0],
                [0.999998, 0.001709, -0.000946, -0.0, -0.000949, 0.848397, 0.529358, 0.37472, 0.001707, -0.529352, 0.848403, -0.0, 0.0, 0.0, 0.0, 1.0],
                [0.999998, 0.001738, -0.00089, -0.0, -0.000894, 0.812648, 0.582753, 0.37472, 0.001736, -0.582747, 0.812653, -0.0, 0.0, 0.0, 0.0, 1.0],
                [0.999997, 0.0018, -0.000754, 0.0, -0.000759, 0.714352, 0.699788, 0.37472, 0.001798, -0.699782, 0.714355, 0.0, 0.0, 0.0, 0.0, 1.0],
                [0.999996, 0.001823, -0.000695, 0.0, -0.0007, 0.667672, 0.744458, 0.37472, 0.001821, -0.744454, 0.667674, 0.0, 0.0, 0.0, 0.0, 1.0],
                [0.999996, 0.001885, -0.000499, -0.0, -0.000505, 0.497465, 0.867487, 0.37472, 0.001884, -0.867482, 0.497466, -0.0, 0.0, 0.0, 0.0, 1.0],
                [0.999996, 0.001915, -0.000366, -0.0, -0.000373, 0.37207, 0.928207, 0.37472, 0.001914, -0.928203, 0.372071, 0.0, 0.0, 0.0, 0.0, 1.0],
                [0.999995, 0.001933, -0.000256, 0.0, -0.000262, 0.263252, 0.96473, 0.37472, 0.001932, -0.964726, 0.263252, -0.0, 0.0, 0.0, 0.0, 1.0],
                [0.999996, 0.00194, -0.000195, -0.0, -0.0002, 0.201645, 0.979461, 0.37472, 0.00194, -0.979458, 0.201645, -0.0, 0.0, 0.0, 0.0, 1.0],
                [0.999997, 0.001941, -0.000196, -0.0, -0.000199, 0.201648, 0.97946, 0.37472, 0.00194, -0.979456, 0.201648, -0.0, 0.0, 0.0, 0.0, 1.0],
                [0.999997, 0.001937, -0.00024, -0.0, -0.000243, 0.245551, 0.969384, 0.37472, 0.001936, -0.969382, 0.245551, -0.0, 0.0, 0.0, 0.0, 1.0],
                [0.999998, 0.001927, -0.000308, 0.0, -0.00031, 0.312726, 0.949844, 0.37472, 0.001927, -0.949842, 0.312726, 0.0, 0.0, 0.0, 0.0, 1.0]
            ]
        },
        {
            "name": "Knee_R",
            "time": [0.0, 1.3333],
            "transform": [
                [1.0, 0.0, -0.0, -0.0, -0.0, 0.0, -1.0, 0.37472, -0.0, 1.0, 0.0, 0.0, 0.0, 0.0, 0.0, 1.0],
                [1.0, 0.0, -0.0, 0.0, -0.0, 0.0, -1.0, 0.37472, -0.0, 1.0, 0.0, 0.0, 0.0, 0.0, 0.0, 1.0]
            ]
        },
        {
            "name": "Thigh_L",
            "time": [0.0, 0.0333, 0.0667, 0.1, 0.1333, 0.1667, 0.2, 0.2333, 0.2667, 0.3, 0.3333, 0.3667, 0.4, 0.4333, 0.4667, 0.5, 0.5333, 0.5667, 0.6, 0.6333, 0.6667, 0.7, 0.7333, 0.7667, 0.8, 0.8333, 0.8667, 0.9, 0.9333, 0.9667, 1.0, 1.0333, 1.0667, 1.1, 1.1333, 1.1667, 1.2, 1.2333, 1.2667, 1.3, 1.3333],
            "transform": [
                [0.988317, 0.053658, -0.142621, -0.10327, 0.09424, -0.950728, 0.295372, 0.003652, -0.119743, -0.305365, -0.944678, -0.002351, 0.0, 0.0, 0.0, 1.0],
                [0.987938, 0.055925, -0.144365, -0.103304, 0.091841, -0.962391, 0.255692, 0.002822, -0.124634, -0.265869, -0.95592, -0.001965, 0.0, 0.0, 0.0, 1.0],
                [0.987597, 0.060785, -0.144729, -0.10333, 0.088388, -0.977272, 0.192711, 0.001992, -0.129724, -0.203115, -0.970525, -0.001578, 0.0, 0.0, 0.0, 1.0],
                [0.987323, 0.06599, -0.144324, -0.103348, 0.084878, -0.988023, 0.128903, 0.001162, -0.134087, -0.13952, -0.9811, -0.001189, 0.0, 0.0, 0.0, 1.0],
                [0.987225, 0.069648, -0.143266, -0.103358, 0.079293, -0.99488, 0.062755, 0.000334, -0.13816, -0.073314, -0.987693, -0.000798, 0.0, 0.0, 0.0, 1.0],
                [0.986691, 0.071912, -0.145805, -0.103359, 0.071537, -0.997413, -0.007813, -0.000729, -0.145988, -0.002721, -0.989284, 0.000131, 0.0, 0.0, 0.0, 1.0],
                [0.98562, 0.068578, -0.154402, -0.103341, 0.056888, -0.995264, -0.078896, -0.001078, -0.159079, 0.068979, -0.984854, 0.00174, 0.0, 0.0, 0.0, 1.0],
                [0.983913, 0.061148, -0.167825, -0.103282, 0.036175, -0.988329, -0.148011, -0.001183, -0.174914, 0.13956, -0.974644, 0.003878, 0.0, 0.0, 0.0, 1.0],
                [0.982169, 0.050988, -0.180921, -0.103178, 0.012268, -0.977849, -0.208979, -0.001276, -0.187566, 0.203035, -0.96104, 0.006015, 0.0, 0.0, 0.0, 1.0],
                [0.980316, 0.037092, -0.193891, -0.10303, -0.015404, -0.964826, -0.262458, -0.001356, -0.196804, 0.260281, -0.945264, 0.00815, 0.0, 0.0, 0.0, 1.0],
                [0.979323, 0.022832, -0.200981, -0.102873, -0.039907, -0.952275, -0.302638, -0.001911, -0.198297, 0.304404, -0.931675, 0.009853, 0.0, 0.0, 0.0, 1.0],
                [0.979574, 0.005151, -0.200992, -0.102714, -0.062639, -0.942106, -0.329429, -0.003081, -0.19105, 0.335294, -0.922541, 0.011133, 0.0, 0.0, 0.0, 1.0],
                [0.980792, -0.01659, -0.19432, -0.102538, -0.082284, -0.938557, -0.335189, -0.004856, -0.176817, 0.344744, -0.921895, 0.012076, 0.0, 0.0, 0.0, 1.0],
                [0.981607, -0.03541, -0.187569, -0.102326, -0.087547, -0.956718, -0.277559, -0.006638, -0.169619, 0.288879, -0.942222, 0.012996, 0.0, 0.0, 0.0, 1.0],
                [0.981877, -0.054968, -0.181341, -0.102153, -0.079048, -0.988578, -0.128357, -0.008113, -0.172212, 0.140367, -0.975009, 0.013508, 0.0, 0.0, 0.0, 1.0],
                [0.981369, -0.076636, -0.176158, -0.102065, -0.071751, -0.996851, 0.033938, -0.008708, -0.178202, -0.020666, -0.983778, 0.013802, 0.0, 0.0, 0.0, 1.0],
                [0.980246, -0.092278, -0.174907, -0.102104, -0.066077, -0.986465, 0.150109, -0.008139, -0.186389, -0.135588, -0.973076, 0.01386, 0.0, 0.0, 0.0, 1.0],
                [0.978692, -0.093597, -0.182733, -0.102222, -0.04946, -0.971318, 0.232606, -0.00679, -0.199261, -0.218614, -0.955252, 0.013711, 0.0, 0.0, 0.0, 1.0],
                [0.978395, -0.096164, -0.182992, -0.10239, -0.034226, -0.948358, 0.315366, -0.005033, -0.203866, -0.302293, -0.931161, 0.013213, 0.0, 0.0, 0.0, 1.0],
                [0.977622, -0.093146, -0.188601, -0.102524, -0.004709, -0.906085, 0.42308, -0.003273, -0.210294, -0.412728, -0.886248, 0.012715, 0.0, 0.0, 0.0, 1.0],
                [0.977887, -0.08394, -0.191528, -0.10266, 0.012521, -0.890758, 0.454314, -0.00189, -0.208738, -0.44667, -0.87001, 0.011873, 0.0, 0.0, 0.0, 1.0],
                [0.977875, -0.087562, -0.18996, -0.102819, 0.034313, -0.82871, 0.558632, -0.000822, -0.206335, -0.552795, -0.807371, 0.010538, 0.0, 0.0, 0.0, 1.0],
                [0.979187, -0.084231, -0.184627, -0.102951, 0.043097, -0.802727, 0.594793, 0.000243, -0.198303, -0.590377, -0.782391, 0.009198, 0.0, 0.0, 0.0, 1.0],
                [0.983749, -0.07178, -0.164547, -0.103081, 0.043727, -0.793176, 0.607426, 0.000745, -0.174114, -0.604756, -0.777148, 0.007566, 0.0, 0.0, 0.0, 1.0],
                [0.988768, -0.060591, -0.13659, -0.103184, 0.035879, -0.791092, 0.61065, 0.001239, -0.145054, -0.608697, -0.780033, 0.00593, 0.0, 0.0, 0.0, 1.0],
                [0.99256, -0.049378, -0.111263, -0.103258, 0.026614, -0.803893, 0.594184, 0.001726, -0.118782, -0.592729, -0.796597, 0.00429, 0.0, 0.0, 0.0, 1.0],
                [0.995223, -0.041844, -0.088145, -0.103304, 0.020403, -0.794162, 0.607369, 0.002205, -0.095416, -0.606272, -0.789516, 0.002646, 0.0, 0.0, 0.0, 1.0],
                [0.99671, -0.034744, -0.073159, -0.103326, 0.020137, -0.76863, 0.639382, 0.00244, -0.078447, -0.638758, -0.765402, 0.001149, 0.0, 0.0, 0.0, 1.0],
                [0.997308, -0.023209, -0.069489, -0.103326, 0.02543, -0.77986, 0.625442, 0.002667, -0.068707, -0.625531, -0.777171, -0.00035, 0.0, 0.0, 0.0, 1.0],
                [0.997459, -0.007033, -0.070825, -0.103304, 0.035736, -0.811085, 0.583842, 0.002885, -0.061551, -0.584895, -0.808773, -0.00185, 0.0, 0.0, 0.0, 1.0],
                [0.997163, 0.008945, -0.074674, -0.103259, 0.046804, -0.851006, 0.523073, 0.003497, -0.058868, -0.525089, -0.849011, -0.002999, 0.0, 0.0, 0.0, 1.0],
                [0.996141, 0.018002, -0.085843, -0.103189, 0.06143, -0.841777, 0.536326, 0.004589, -0.062605, -0.539535, -0.839635, -0.003823, 0.0, 0.0, 0.0, 1.0],
                [0.99494, 0.027332, -0.096642, -0.10308, 0.074164, -0.848808, 0.52348, 0.006202, -0.067722, -0.528002, -0.846541, -0.004416, 0.0, 0.0, 0.0, 1.0],
                [0.993902, 0.035495, -0.104354, -0.102944, 0.087385, -0.830773, 0.549717, 0.007818, -0.067181, -0.555489, -0.828809, -0.004996, 0.0, 0.0, 0.0, 1.0],
                [0.992568, 0.045382, -0.112878, -0.102821, 0.100074, -0.832171, 0.54542, 0.009169, -0.069181, -0.552667, -0.830529, -0.005222, 0.0, 0.0, 0.0, 1.0],
                [0.991284, 0.053941, -0.120154, -0.102777, 0.109829, -0.842062, 0.528087, 0.009647, -0.072691, -0.536686, -0.840648, -0.005234, 0.0, 0.0, 0.0, 1.0],
                [0.9916, 0.056339, -0.116385, -0.102822, 0.10759, -0.858746, 0.500986, 0.009258, -0.071719, -0.509304, -0.857595, -0.005043, 0.0, 0.0, 0.0, 1.0],
                [0.991699, 0.05667, -0.115385, -0.102948, 0.103857, -0.882157, 0.459369, 0.008092, -0.075755, -0.467543, -0.88072, -0.00444, 0.0, 0.0, 0.0, 1.0],
                [0.99079, 0.055055, -0.123677, -0.103081, 0.101791, -0.905262, 0.412491, 0.006612, -0.08925, -0.421285, -0.902528, -0.003748, 0.0, 0.0, 0.0, 1.0],
                [0.989599, 0.052341, -0.133956, -0.103189, 0.097671, -0.928278, 0.358844, 0.005132, -0.105565, -0.368199, -0.923736, -0.003051, 0.0, 0.0, 0.0, 1.0],
                [0.988223, 0.053574, -0.143303, -0.10327, 0.094368, -0.950723, 0.295347, 0.003652, -0.120417, -0.305395, -0.944583, -0.00235, 0.0, 0.0, 0.0, 1.0]
            ]
        },
        {
            "name": "Leg_L",
            "time": [0.0, 0.0333, 0.0667, 0.1, 0.1333, 0.1667, 0.2, 0.2333, 0.2667, 0.3, 0.3333, 0.3667, 0.4, 0.4333, 0.4667, 0.5, 0.5333, 0.5667, 0.6, 0.6333, 0.6667, 0.7, 0.7333, 0.7667, 0.8, 0.8333, 0.8667, 0.9, 0.9333, 0.9667, 1.0, 1.0333, 1.0667, 1.1, 1.1333, 1.1667, 1.2, 1.2333, 1.2667, 1.3, 1.3333],
            "transform": [
                [0.999996, -0.001742, 0.000887, -0.0, 0.000884, 0.807551, 0.589799, 0.37472, -0.001743, -0.589798, 0.807549, 0.0, 0.0, 0.0, 0.0, 1.0],
                [0.999996, -0.00175, 0.000872, 0.0, 0.00087, 0.797567, 0.603231, 0.37472, -0.001751, -0.603231, 0.797565, 0.0, 0.0, 0.0, 0.0, 1.0],
                [0.999996, -0.001737, 0.000898, 0.0, 0.000895, 0.814731, 0.57984, 0.37472, -0.001738, -0.57984, 0.814728, -0.0, 0.0, 0.0, 0.0, 1.0],
                [0.999996, -0.001723, 0.000923, 0.0, 0.000919, 0.831209, 0.55596, 0.37472, -0.001725, -0.555959, 0.831208, -0.0, 0.0, 0.0, 0.0, 1.0],
                [0.999996, -0.001707, 0.000953, -0.0, 0.00095, 0.850092, 0.526635, 0.37472, -0.001709, -0.526635, 0.85009, 0.0, 0.0, 0.0, 0.0, 1.0],
                [0.999996, -0.001691, 0.000982, -0.0, 0.000979, 0.867944, 0.496662, 0.37472, -0.001692, -0.496661, 0.867943, 0.0, 0.0, 0.0, 0.0, 1.0],
                [0.999996, -0.001673, 0.001011, -0.0, 0.001008, 0.884728, 0.466108, 0.37472, -0.001674, -0.466107, 0.884727, 0.0, 0.0, 0.0, 0.0, 1.0],
                [0.999996, -0.001656, 0.001037, 0.0, 0.001034, 0.898859, 0.438237, 0.37472, -0.001658, -0.438236, 0.898858, -0.0, 0.0, 0.0, 0.0, 1.0],
                [0.999996, -0.001647, 0.001052, -0.0, 0.001049, 0.906776, 0.421612, 0.37472, -0.001648, -0.421611, 0.906775, 0.0, 0.0, 0.0, 0.0, 1.0],
                [0.999996, -0.001642, 0.001061, -0.0, 0.001058, 0.910906, 0.412615, 0.37472, -0.001643, -0.412613, 0.910905, -0.0, 0.0, 0.0, 0.0, 1.0],
                [0.999996, -0.001641, 0.001061, -0.0, 0.001058, 0.911197, 0.41197, 0.37472, -0.001643, -0.411969, 0.911196, 0.0, 0.0, 0.0, 0.0, 1.0],
                [0.999996, -0.001647, 0.001052, 0.0, 0.00105, 0.906776, 0.421613, 0.37472, -0.001649, -0.421611, 0.906775, 0.0, 0.0, 0.0, 0.0, 1.0],
                [0.999996, -0.00166, 0.001033, 0.0, 0.00103, 0.896357, 0.443332, 0.37472, -0.001661, -0.44333, 0.896356, 0.0, 0.0, 0.0, 0.0, 1.0],
                [0.999996, -0.001729, 0.000913, 0.0, 0.00091, 0.824722, 0.565539, 0.37472, -0.00173, -0.565539, 0.82472, -0.0, 0.0, 0.0, 0.0, 1.0],
                [0.999997, -0.001836, 0.000671, -0.0, 0.000668, 0.643622, 0.765343, 0.37472, -0.001837, -0.765344, 0.643619, 0.0, 0.0, 0.0, 0.0, 1.0],
                [0.999997, -0.001901, 0.000457, -0.0, 0.000454, 0.452948, 0.891535, 0.37472, -0.001902, -0.891538, 0.452945, 0.0, 0.0, 0.0, 0.0, 1.0],
                [0.999996, -0.001927, 0.000329, 0.0, 0.000325, 0.329629, 0.944108, 0.37472, -0.001928, -0.944113, 0.329626, 0.0, 0.0, 0.0, 0.0, 1.0],
                [0.999997, -0.00194, 0.000241, -0.0, 0.000238, 0.243003, 0.970022, 0.37472, -0.00194, -0.970028, 0.243001, 0.0, 0.0, 0.0, 0.0, 1.0],
                [0.999997, -0.001942, 0.000231, -0.0, 0.000227, 0.232769, 0.972528, 0.37472, -0.001942, -0.972535, 0.232767, -0.0, 0.0, 0.0, 0.0, 1.0],
                [0.999996, -0.001941, 0.000234, 0.0, 0.00023, 0.235335, 0.971911, 0.37472, -0.001942, -0.971916, 0.235333, 0.0, 0.0, 0.0, 0.0, 1.0],
                [0.999996, -0.001934, 0.000284, -0.0, 0.000282, 0.286563, 0.958058, 0.37472, -0.001935, -0.958063, 0.286561, -0.0, 0.0, 0.0, 0.0, 1.0],
                [0.999997, -0.00192, 0.000366, 0.0, 0.000363, 0.366703, 0.930336, 0.37472, -0.001921, -0.930339, 0.366701, 0.0, 0.0, 0.0, 0.0, 1.0],
                [0.999996, -0.00186, 0.000601, -0.0, 0.000598, 0.583543, 0.812081, 0.37472, -0.001861, -0.812084, 0.58354, -0.0, 0.0, 0.0, 0.0, 1.0],
                [0.999997, -0.001802, 0.000758, -0.0, 0.000754, 0.713326, 0.700832, 0.37472, -0.001804, -0.700832, 0.713324, -0.0, 0.0, 0.0, 0.0, 1.0],
                [0.999997, -0.001735, 0.000899, -0.0, 0.000896, 0.816018, 0.578026, 0.37472, -0.001737, -0.578024, 0.816017, -0.0, 0.0, 0.0, 0.0, 1.0],
                [0.999997, -0.001649, 0.001049, 0.0, 0.001045, 0.904675, 0.4261, 0.37472, -0.001652, -0.426098, 0.904675, -0.0, 0.0, 0.0, 0.0, 1.0],
                [0.999996, -0.00162, 0.001093, 0.0, 0.00109, 0.926753, 0.37567, 0.37472, -0.001622, -0.375669, 0.926752, -0.0, 0.0, 0.0, 0.0, 1.0],
                [0.999997, -0.00164, 0.001063, -0.0, 0.001059, 0.911777, 0.410683, 0.37472, -0.001643, -0.410681, 0.911778, 0.0, 0.0, 0.0, 0.0, 1.0],
                [0.999997, -0.001608, 0.001111, 0.0, 0.001108, 0.93472, 0.355381, 0.37472, -0.00161, -0.355379, 0.934721, 0.0, 0.0, 0.0, 0.0, 1.0],
                [0.999997, -0.001546, 0.001196, -0.0, 0.001193, 0.967504, 0.252854, 0.37472, -0.001548, -0.252852, 0.967504, 0.0, 0.0, 0.0, 0.0, 1.0],
                [0.999998, -0.001461, 0.001298, 0.0, 0.001295, 0.992773, 0.119996, 0.37472, -0.001463, -0.119994, 0.992774, -0.0, 0.0, 0.0, 0.0, 1.0],
                [0.999997, -0.001525, 0.001222, 0.0, 0.001219, 0.975561, 0.219726, 0.37472, -0.001527, -0.219724, 0.975561, 0.0, 0.0, 0.0, 0.0, 1.0],
                [0.999997, -0.001548, 0.001193, 0.0, 0.00119, 0.966616, 0.256223, 0.37472, -0.00155, -0.256221, 0.966617, -0.0, 0.0, 0.0, 0.0, 1.0],
                [0.999997, -0.001643, 0.001058, 0.0, 0.001055, 0.909733, 0.415192, 0.37472, -0.001645, -0.41519, 0.909733, -0.0, 0.0, 0.0, 0.0, 1.0],
                [0.999997, -0.001694, 0.000975, 0.0, 0.000972, 0.863594, 0.504187, 0.37472, -0.001696, -0.504185, 0.863594, 0.0, 0.0, 0.0, 0.0, 1.0],
                [0.999997, -0.001726, 0.000916, 0.0, 0.000913, 0.827164, 0.56196, 0.37472, -0.001728, -0.561959, 0.827163, -0.0, 0.0, 0.0, 0.0, 1.0],
                [0.999996, -0.001749, 0.000872, -0.0, 0.000869, 0.797563, 0.603235, 0.37472, -0.001751, -0.603235, 0.797562, 0.0, 0.0, 0.0, 0.0, 1.0],
                [0.999996, -0.001757, 0.000857, -0.0, 0.000853, 0.786425, 0.617686, 0.37472, -0.001759, -0.617685, 0.786424, -0.0, 0.0, 0.0, 0.0, 1.0],
                [0.999997, -0.001759, 0.000853, 0.0, 0.000849, 0.783708, 0.621129, 0.37472, -0.001761, -0.621128, 0.783707, 0.0, 0.0, 0.0, 0.0, 1.0],
                [0.999996, -0.001754, 0.000862, 0.0, 0.000859, 0.790472, 0.612499, 0.37472, -0.001756, -0.612498, 0.79047, -0.0, 0.0, 0.0, 0.0, 1.0],
                [0.999996, -0.001743, 0.000886, 0.0, 0.000883, 0.806693, 0.590971, 0.37472, -0.001744, -0.590971, 0.806691, -0.0, 0.0, 0.0, 0.0, 1.0]
            ]
        },
        {
            "name": "Knee_L",
            "time": [0.0, 1.3333],
            "transform": [
                [1.0, 0.0, -0.0, -0.0, -0.0, 0.0, -1.0, 0.37472, -0.0, 1.0, 0.0, 0.0, 0.0, 0.0, 0.0, 1.0],
                [1.0, 0.0, -0.0, 0.0, -0.0, 0.0, -1.0, 0.37472, -0.0, 1.0, 0.0, -0.0, 0.0, 0.0, 0.0, 1.0]
            ]
        },
        {
            "name": "Torso",
            "time": [0.0, 0.0333, 0.0667, 0.1, 0.1333, 0.1667, 0.2, 0.2333, 0.2667, 0.3, 0.3333, 0.3667, 0.4, 0.4333, 0.4667, 0.5, 0.5333, 0.5667, 0.6, 0.6333, 0.6667, 0.7, 0.7333, 0.7667, 0.8, 0.8333, 0.8667, 0.9, 0.9333, 0.9667, 1.0, 1.0333, 1.0667, 1.1, 1.1333, 1.1667, 1.2, 1.2333, 1.2667, 1.3, 1.3333],
            "transform": [
                [0.948067, 0.055645, -0.313164, -0.0, 0.041697, 0.954337, 0.295807, 0.05, 0.315325, -0.293503, 0.902456, -0.0, 0.0, 0.0, 0.0, 1.0],
                [0.944991, 0.060494, -0.321453, -0.0, 0.038886, 0.955002, 0.294039, 0.05, 0.324776, -0.290364, 0.900116, -0.0, 0.0, 0.0, 0.0, 1.0],
                [0.941961, 0.065565, -0.329256, 0.0, 0.035761, 0.955569, 0.292589, 0.05, 0.33381, -0.287382, 0.897765, 0.0, 0.0, 0.0, 0.0, 1.0],
                [0.93899, 0.07082, -0.336575, 0.0, 0.032371, 0.95603, 0.291473, 0.05, 0.342419, -0.284585, 0.895411, -0.0, 0.0, 0.0, 0.0, 1.0],
                [0.936086, 0.076224, -0.343413, -0.0, 0.028768, 0.956382, 0.290697, 0.05, 0.350592, -0.281997, 0.893063, -0.0, 0.0, 0.0, 0.0, 1.0],
                [0.937237, 0.078799, -0.339672, -0.0, 0.024569, 0.956786, 0.289752, 0.05, 0.347825, -0.279912, 0.8948, 0.0, 0.0, 0.0, 0.0, 1.0],
                [0.9385, 0.082317, -0.335324, 0.0, 0.019644, 0.956862, 0.289875, 0.05, 0.34472, -0.278634, 0.896399, 0.0, 0.0, 0.0, 0.0, 1.0],
                [0.942277, 0.082054, -0.324625, 0.0, 0.015501, 0.957779, 0.287086, 0.05, 0.334476, -0.275546, 0.901221, 0.0, 0.0, 0.0, 0.0, 1.0],
                [0.945913, 0.082819, -0.313672, 0.0, 0.010709, 0.958368, 0.285332, 0.05, 0.324244, -0.273258, 0.905647, -0.0, 0.0, 0.0, 0.0, 1.0],
                [0.950891, 0.084349, -0.297812, -0.0, 0.004822, 0.957999, 0.28673, 0.05, 0.309489, -0.274085, 0.910546, 0.0, 0.0, 0.0, 0.0, 1.0],
                [0.955254, 0.085452, -0.283173, 0.0, -0.000559, 0.957878, 0.287171, 0.05, 0.295784, -0.274163, 0.915066, -0.0, 0.0, 0.0, 0.0, 1.0],
                [0.960182, 0.086062, -0.265789, 0.0, -0.005854, 0.957358, 0.288842, 0.05, 0.279314, -0.275785, 0.919742, 0.0, 0.0, 0.0, 0.0, 1.0],
                [0.964772, 0.085944, -0.248651, -0.0, -0.0103, 0.95675, 0.290728, 0.05, 0.262884, -0.277925, 0.923932, 0.0, 0.0, 0.0, 0.0, 1.0],
                [0.968681, 0.087386, -0.232421, -0.0, -0.016012, 0.956063, 0.292725, 0.05, 0.247789, -0.279836, 0.92752, 0.0, 0.0, 0.0, 0.0, 1.0],
                [0.975227, 0.088071, -0.202915, 0.0, -0.024605, 0.954819, 0.296167, 0.05, 0.219831, -0.283838, 0.933333, 0.0, 0.0, 0.0, 0.0, 1.0],
                [0.979602, 0.087296, -0.180993, 0.0, -0.029931, 0.954047, 0.298156, 0.05, 0.198704, -0.286657, 0.9372, 0.0, 0.0, 0.0, 0.0, 1.0],
                [0.984748, 0.080726, -0.154117, 0.0, -0.031647, 0.954173, 0.297579, 0.05, 0.171077, -0.288163, 0.942176, 0.0, 0.0, 0.0, 0.0, 1.0],
                [0.989847, 0.073138, -0.121877, -0.0, -0.034102, 0.954611, 0.295895, 0.05, 0.137987, -0.288734, 0.947413, 0.0, 0.0, 0.0, 0.0, 1.0],
                [0.993822, 0.063953, -0.090704, 0.0, -0.034786, 0.955595, 0.292622, 0.05, 0.10539, -0.287659, 0.951917, 0.0, 0.0, 0.0, 0.0, 1.0],
                [0.996461, 0.055282, -0.063304, -0.0, -0.034606, 0.956289, 0.290368, 0.05, 0.076589, -0.28715, 0.954819, 0.0, 0.0, 0.0, 0.0, 1.0],
                [0.997882, 0.049363, -0.042359, -0.0, -0.035055, 0.956672, 0.289046, 0.05, 0.054792, -0.286949, 0.956378, 0.0, 0.0, 0.0, 0.0, 1.0],
                [0.998539, 0.046704, -0.027159, -0.0, -0.036886, 0.95664, 0.288926, 0.05, 0.039475, -0.287502, 0.956966, -0.0, 0.0, 0.0, 0.0, 1.0],
                [0.998838, 0.044414, -0.018702, -0.0, -0.037107, 0.956436, 0.289573, 0.05, 0.030748, -0.288543, 0.956973, 0.0, 0.0, 0.0, 0.0, 1.0],
                [0.999052, 0.040117, -0.016927, 0.0, -0.03351, 0.956616, 0.289414, 0.05, 0.027804, -0.288572, 0.957055, 0.0, 0.0, 0.0, 0.0, 1.0],
                [0.999226, 0.035497, -0.017002, -0.0, -0.029047, 0.956582, 0.290007, 0.05, 0.026558, -0.289288, 0.956874, -0.0, 0.0, 0.0, 0.0, 1.0],
                [0.999225, 0.032866, -0.021644, -0.0, -0.025191, 0.956744, 0.289835, 0.05, 0.030234, -0.289065, 0.956832, -0.0, 0.0, 0.0, 0.0, 1.0],
                [0.999144, 0.029607, -0.028896, -0.0, -0.019956, 0.956735, 0.290275, 0.05, 0.03624, -0.28945, 0.956507, 0.0, 0.0, 0.0, 0.0, 1.0],
                [0.99882, 0.027268, -0.040176, 0.0, -0.01455, 0.957484, 0.288116, 0.05, 0.046324, -0.287192, 0.956752, 0.0, 0.0, 0.0, 0.0, 1.0],
                [0.99827, 0.024829, -0.053278, -0.0, -0.008559, 0.958144, 0.286157, 0.05, 0.058153, -0.285206, 0.9567, -0.0, 0.0, 0.0, 0.0, 1.0],
                [0.997171, 0.022146, -0.071825, -0.0, -0.00073, 0.958414, 0.285381, 0.05, 0.075158, -0.284521, 0.955719, 0.0, 0.0, 0.0, 0.0, 1.0],
                [0.995826, 0.021718, -0.088646, -0.0, 0.00441, 0.958689, 0.284418, 0.05, 0.091161, -0.283622, 0.954593, 0.0, 0.0, 0.0, 0.0, 1.0],
                [0.994607, 0.01757, -0.102209, 0.0, 0.012683, 0.957541, 0.288018, 0.05, 0.102929, -0.287761, 0.952155, 0.0, 0.0, 0.0, 0.0, 1.0],
                [0.992592, 0.017218, -0.120268, -0.0, 0.018707, 0.956442, 0.291322, 0.05, 0.120045, -0.291414, 0.949035, -0.0, 0.0, 0.0, 0.0, 1.0],
                [0.989989, 0.015537, -0.140282, 0.0, 0.026734, 0.955288, 0.294465, 0.05, 0.138585, -0.295267, 0.94531, -0.0, 0.0, 0.0, 0.0, 1.0],
