{
    "animation": [
        {
            "name": "Root",
            "time": [0.0, 0.0333, 0.0667, 0.1, 0.1333, 0.1667, 0.2, 0.2333, 0.2667, 0.3, 0.3333, 0.3667, 0.4, 0.4333, 0.4667, 0.5, 0.5333, 0.5667, 0.6, 0.6333, 0.6667, 0.7, 0.7333, 0.7667, 0.8, 0.8333, 0.8667, 0.9, 0.9333, 0.9667, 1.0, 1.0333, 1.0667, 1.1, 1.1333, 1.1667, 1.2, 1.2333, 1.2667, 1.3, 1.3333, 1.3667, 1.4, 1.4333, 1.4667, 1.5, 1.5333, 1.5667, 1.6, 1.6333, 1.6667, 1.7, 2.0333],
            "transform": [
                [0.999991, -0.003035, 0.002774, 0.144152, 0.002782, 0.002463, -0.999993, 0.000927, 0.003029, 0.999992, 0.002471, 0.536044, 0.0, 0.0, 0.0, 1.0],
                [0.999991, -0.003027, 0.002773, 0.144781, 0.00278, 0.002473, -0.999993, -0.005683, 0.00302, 0.999992, 0.002481, 0.527683, 0.0, 0.0, 0.0, 1.0],
                [0.999991, -0.003022, 0.002773, 0.145388, 0.00278, 0.002479, -0.999993, -0.012197, 0.003015, 0.999992, 0.002487, 0.519323, 0.0, 0.0, 0.0, 1.0],
                [0.999991, -0.003009, 0.002771, 0.145031, 0.002779, 0.002494, -0.999993, -0.018903, 0.003003, 0.999992, 0.002502, 0.510962, 0.0, 0.0, 0.0, 1.0],
                [0.999991, -0.002969, 0.002767, 0.142771, 0.002775, 0.002542, -0.999993, -0.026084, 0.002962, 0.999992, 0.00255, 0.502601, 0.0, 0.0, 0.0, 1.0],
                [0.999992, -0.002875, 0.002761, 0.137132, 0.002769, 0.002648, -0.999992, -0.03705, 0.002868, 0.999992, 0.002656, 0.491206, 0.0, 0.0, 0.0, 1.0],
                [0.999992, -0.002739, 0.002761, 0.130389, 0.002768, 0.00279, -0.999992, -0.048696, 0.002731, 0.999992, 0.002798, 0.480465, 0.0, 0.0, 0.0, 1.0],
                [0.999992, -0.002596, 0.002764, 0.12549, 0.002772, 0.002922, -0.999992, -0.051692, 0.002588, 0.999992, 0.002929, 0.475545, 0.0, 0.0, 0.0, 1.0],
                [0.999993, -0.002481, 0.002775, 0.123261, 0.002783, 0.003023, -0.999991, -0.048737, 0.002473, 0.999992, 0.003029, 0.480512, 0.0, 0.0, 0.0, 1.0],
                [0.999993, -0.002368, 0.002787, 0.121948, 0.002795, 0.003113, -0.999991, -0.04353, 0.002359, 0.999992, 0.003119, 0.49059, 0.0, 0.0, 0.0, 1.0],
                [0.999993, -0.00224, 0.002803, 0.12066, 0.00281, 0.003203, -0.999991, -0.028225, 0.002231, 0.999992, 0.003209, 0.501266, 0.0, 0.0, 0.0, 1.0],
                [0.999993, -0.002066, 0.002834, 0.11829, 0.002841, 0.003318, -0.99999, 0.005021, 0.002056, 0.999992, 0.003324, 0.507083, 0.0, 0.0, 0.0, 1.0],
                [0.999994, -0.001835, 0.002888, 0.114073, 0.002894, 0.003451, -0.99999, 0.067445, 0.001825, 0.999992, 0.003457, 0.501519, 0.0, 0.0, 0.0, 1.0],
                [0.999994, -0.001532, 0.002978, 0.105889, 0.002983, 0.003596, -0.999989, 0.157112, 0.001521, 0.999992, 0.003601, 0.49248, 0.0, 0.0, 0.0, 1.0],
                [0.999994, -0.001109, 0.003146, 0.095662, 0.00315, 0.003748, -0.999988, 0.262076, 0.001097, 0.999992, 0.003752, 0.486043, 0.0, 0.0, 0.0, 1.0],
                [0.999993, -0.000435, 0.00354, 0.083435, 0.003541, 0.003884, -0.999986, 0.394204, 0.000421, 0.999992, 0.003886, 0.490025, 0.0, 0.0, 0.0, 1.0],
                [1.0, 0.00048, 1e-06, 0.062267, -1e-06, 0.003879, -0.999992, 0.548121, -0.00048, 0.999992, 0.003879, 0.497704, 0.0, 0.0, 0.0, 1.0],
                [0.999998, 0.001595, 3e-06, 0.013229, -3e-06, 0.003569, -0.999994, 0.718757, -0.001595, 0.999992, 0.003569, 0.499425, 0.0, 0.0, 0.0, 1.0],
                [0.999997, 0.002522, 4e-06, -0.041937, -3e-06, 0.002986, -0.999995, 0.893676, -0.002522, 0.999992, 0.002986, 0.505743, 0.0, 0.0, 0.0, 1.0],
                [0.999996, 0.002831, 4e-06, -0.077721, -4e-06, 0.002695, -0.999996, 1.047852, -0.002831, 0.999992, 0.002695, 0.542736, 0.0, 0.0, 0.0, 1.0],
                [0.999995, 0.00292, 4e-06, -0.082567, -4e-06, 0.002599, -0.999996, 1.113954, -0.00292, 0.999992, 0.002599, 0.574176, 0.0, 0.0, 0.0, 1.0],
                [0.999995, 0.002966, 4e-06, -0.081783, -4e-06, 0.002546, -0.999997, 1.151038, -0.002966, 0.999992, 0.002546, 0.600791, 0.0, 0.0, 0.0, 1.0],
                [0.999995, 0.003016, 3e-06, -0.079254, -4e-06, 0.002486, -0.999997, 1.161609, -0.003016, 0.999992, 0.002486, 0.611611, 0.0, 0.0, 0.0, 1.0],
                [0.999995, 0.003052, 3e-06, -0.075407, -4e-06, 0.002442, -0.999997, 1.158821, -0.003052, 0.999992, 0.002442, 0.616676, 0.0, 0.0, 0.0, 1.0],
                [0.999995, 0.003083, 4e-06, -0.071502, -4e-06, 0.002402, -0.999997, 1.159014, -0.003083, 0.999992, 0.002402, 0.619403, 0.0, 0.0, 0.0, 1.0],
                [0.999995, 0.003109, 4e-06, -0.06748, -4e-06, 0.002368, -0.999997, 1.157929, -0.003109, 0.999992, 0.002368, 0.620504, 0.0, 0.0, 0.0, 1.0],
                [0.999995, 0.00311, 4e-06, -0.063289, -4e-06, 0.002367, -0.999997, 1.156147, -0.00311, 0.999992, 0.002367, 0.621345, 0.0, 0.0, 0.0, 1.0],
                [0.999995, 0.003093, 4e-06, -0.058887, -4e-06, 0.002389, -0.999997, 1.153132, -0.003093, 0.999992, 0.002389, 0.621836, 0.0, 0.0, 0.0, 1.0],
                [0.999995, 0.003069, 4e-06, -0.054308, -4e-06, 0.00242, -0.999997, 1.148915, -0.003069, 0.999992, 0.00242, 0.622394, 0.0, 0.0, 0.0, 1.0],
                [0.999995, 0.003036, 4e-06, -0.049614, -4e-06, 0.002462, -0.999997, 1.144923, -0.003036, 0.999992, 0.002462, 0.623165, 0.0, 0.0, 0.0, 1.0],
                [0.999995, 0.002987, 3e-06, -0.044867, -4e-06, 0.002521, -0.999997, 1.142581, -0.002987, 0.999992, 0.002521, 0.62422, 0.0, 0.0, 0.0, 1.0],
                [0.999995, 0.00292, 4e-06, -0.042213, -4e-06, 0.002599, -0.999996, 1.143318, -0.00292, 0.999992, 0.002599, 0.626991, 0.0, 0.0, 0.0, 1.0],
                [0.999996, 0.002828, 4e-06, -0.039566, -4e-06, 0.002699, -0.999996, 1.146865, -0.002828, 0.999992, 0.002699, 0.6316, 0.0, 0.0, 0.0, 1.0],
                [0.999996, 0.002718, 4e-06, -0.036926, -4e-06, 0.00281, -0.999996, 1.151954, -0.002718, 0.999992, 0.00281, 0.636896, 0.0, 0.0, 0.0, 1.0],
                [0.999996, 0.002594, 4e-06, -0.035578, -3e-06, 0.002926, -0.999996, 1.158518, -0.002594, 0.999992, 0.002926, 0.643005, 0.0, 0.0, 0.0, 1.0],
                [0.999996, 0.002457, 4e-06, -0.034199, -3e-06, 0.00304, -0.999995, 1.16649, -0.002457, 0.999992, 0.00304, 0.649531, 0.0, 0.0, 0.0, 1.0],
                [0.999997, 0.002318, 4e-06, -0.03279, -3e-06, 0.003148, -0.999995, 1.175801, -0.002318, 0.999992, 0.003148, 0.656352, 0.0, 0.0, 0.0, 1.0],
                [0.999997, 0.002178, 4e-06, -0.031353, -4e-06, 0.003247, -0.999995, 1.186387, -0.002178, 0.999992, 0.003247, 0.663423, 0.0, 0.0, 0.0, 1.0],
                [0.999997, 0.002035, 3e-06, -0.029891, -3e-06, 0.003338, -0.999994, 1.198741, -0.002035, 0.999992, 0.003338, 0.670699, 0.0, 0.0, 0.0, 1.0],
                [0.999998, 0.001882, 4e-06, -0.028411, -3e-06, 0.003427, -0.999994, 1.212972, -0.001882, 0.999992, 0.003427, 0.678866, 0.0, 0.0, 0.0, 1.0],
                [0.999998, 0.001722, 3e-06, -0.026914, -3e-06, 0.003511, -0.999994, 1.228439, -0.001722, 0.999992, 0.003511, 0.687647, 0.0, 0.0, 0.0, 1.0],
                [0.999999, 0.001558, 3e-06, -0.025403, -2e-06, 0.003587, -0.999993, 1.244501, -0.001558, 0.999992, 0.003587, 0.696223, 0.0, 0.0, 0.0, 1.0],
                [0.999999, 0.001395, 2e-06, -0.023879, -3e-06, 0.003653, -0.999993, 1.260514, -0.001395, 0.999992, 0.003653, 0.704595, 0.0, 0.0, 0.0, 1.0],
                [0.999999, 0.001238, 2e-06, -0.022332, -3e-06, 0.003708, -0.999993, 1.275925, -0.001238, 0.999992, 0.003708, 0.712812, 0.0, 0.0, 0.0, 1.0],
                [0.999999, 0.001096, 2e-06, -0.020793, -2e-06, 0.003753, -0.999993, 1.289834, -0.001096, 0.999992, 0.003753, 0.720726, 0.0, 0.0, 0.0, 1.0],
                [0.999999, 0.000971, 1e-06, -0.019231, -2e-06, 0.003787, -0.999993, 1.301857, -0.000971, 0.999992, 0.003787, 0.727532, 0.0, 0.0, 0.0, 1.0],
                [0.999999, 0.000862, 2e-06, -0.017661, -1e-06, 0.003813, -0.999993, 1.311271, -0.000862, 0.999992, 0.003813, 0.733096, 0.0, 0.0, 0.0, 1.0],
                [0.999999, 0.000792, 1e-06, -0.016076, -2e-06, 0.003828, -0.999993, 1.317232, -0.000792, 0.999992, 0.003828, 0.73752, 0.0, 0.0, 0.0, 1.0],
                [0.999999, 0.000762, 2e-06, -0.014475, -1e-06, 0.003834, -0.999993, 1.319887, -0.000762, 0.999992, 0.003834, 0.740855, 0.0, 0.0, 0.0, 1.0],
                [0.999999, 0.000755, 1e-06, -0.012873, -1e-06, 0.003836, -0.999992, 1.320068, -0.000755, 0.999992, 0.003836, 0.741978, 0.0, 0.0, 0.0, 1.0],
                [0.999999, 0.000762, 2e-06, -0.011309, -1e-06, 0.003833, -0.999992, 1.318614, -0.000762, 0.999992, 0.003833, 0.74306, 0.0, 0.0, 0.0, 1.0],
                [0.999999, 0.000776, 2e-06, -0.009826, -1e-06, 0.003831, -0.999992, 1.316361, -0.000776, 0.999992, 0.003831, 0.744102, 0.0, 0.0, 0.0, 1.0],
                [1.0, 0.000643, 2e-06, -0.000331, -1e-06, 0.003856, -0.999992, 1.302431, -0.000643, 0.999992, 0.003856, 0.751656, 0.0, 0.0, 0.0, 1.0]
            ]
        },
        {
            "name": "Thigh_R",
            "time": [0.0, 0.0333, 0.0667, 0.1, 0.1333, 0.1667, 0.2, 0.2333, 0.2667, 0.3, 0.3333, 0.3667, 0.4, 0.4333, 0.4667, 0.5, 0.5333, 0.5667, 0.6, 0.6333, 0.6667, 0.7, 0.7333, 0.7667, 0.8, 0.8333, 0.8667, 0.9, 0.9333, 0.9667, 1.0, 1.0333, 1.0667, 1.1, 1.1333, 1.1667, 1.2, 1.2333, 1.2667, 1.3, 1.3333, 1.3667, 1.4, 1.4333, 1.4667, 1.5, 1.5333, 1.5667, 1.6, 1.6333, 1.6667, 1.7, 2.0333],
            "transform": [
                [0.533142, -0.535053, -0.655346, -0.011772, 0.352219, -0.563919, 0.74695, -0.026291, -0.769226, -0.629051, -0.112193, -0.099253, 0.0, 0.0, 0.0, 1.0],
                [0.517204, -0.555764, -0.650866, -0.011772, 0.365111, -0.544532, 0.755101, -0.026291, -0.774082, -0.628174, -0.078719, -0.099253, 0.0, 0.0, 0.0, 1.0],
                [0.500878, -0.576527, -0.645552, -0.011772, 0.378816, -0.524598, 0.762426, -0.026291, -0.778221, -0.626423, -0.044362, -0.099253, 0.0, 0.0, 0.0, 1.0],
                [0.490507, -0.597838, -0.634029, -0.011772, 0.394285, -0.496581, 0.773269, -0.026291, -0.777143, -0.629276, -0.007858, -0.099253, 0.0, 0.0, 0.0, 1.0],
                [0.486548, -0.607261, -0.628095, -0.011772, 0.40365, -0.481341, 0.77806, -0.026291, -0.77482, -0.632089, 0.010925, -0.099253, 0.0, 0.0, 0.0, 1.0],
                [0.482825, -0.614423, -0.623989, -0.011772, 0.424052, -0.459394, 0.780472, -0.026291, -0.766204, -0.641429, 0.03874, -0.099253, 0.0, 0.0, 0.0, 1.0],
                [0.485623, -0.615547, -0.620702, -0.011772, 0.444675, -0.437373, 0.781645, -0.026291, -0.752624, -0.655589, 0.06132, -0.099253, 0.0, 0.0, 0.0, 1.0],
                [0.510474, -0.610463, -0.605599, -0.011772, 0.441663, -0.418138, 0.793785, -0.026291, -0.737806, -0.672671, 0.05617, -0.099253, 0.0, 0.0, 0.0, 1.0],
                [0.560891, -0.596459, -0.574141, -0.011772, 0.406236, -0.405983, 0.818627, -0.026291, -0.721376, -0.69239, 0.014591, -0.099253, 0.0, 0.0, 0.0, 1.0],
                [0.625189, -0.571597, -0.531428, -0.011772, 0.355109, -0.398014, 0.845862, -0.026291, -0.695014, -0.717532, -0.045856, -0.099253, 0.0, 0.0, 0.0, 1.0],
                [0.692995, -0.539098, -0.478678, -0.011772, 0.297223, -0.391271, 0.870957, -0.026291, -0.65683, -0.745836, -0.110917, -0.099253, 0.0, 0.0, 0.0, 1.0],
                [0.759438, -0.501327, -0.414642, -0.011772, 0.235066, -0.382838, 0.893408, -0.026291, -0.606636, -0.775949, -0.172897, -0.099253, 0.0, 0.0, 0.0, 1.0],
                [0.821539, -0.461309, -0.33507, -0.011772, 0.163381, -0.372561, 0.913512, -0.026291, -0.54625, -0.805222, -0.230705, -0.099253, 0.0, 0.0, 0.0, 1.0],
                [0.879911, -0.411353, -0.237802, -0.011772, 0.079142, -0.366607, 0.927003, -0.026291, -0.468509, -0.834494, -0.290026, -0.099253, 0.0, 0.0, 0.0, 1.0],
                [0.93462, -0.331981, -0.127594, -0.011772, -0.009507, -0.381946, 0.924135, -0.026291, -0.355532, -0.862495, -0.360131, -0.099253, 0.0, 0.0, 0.0, 1.0],
                [0.985889, -0.16583, 0.023027, -0.011772, -0.09679, -0.452315, 0.886589, -0.026291, -0.136609, -0.8763, -0.461984, -0.099253, 0.0, 0.0, 0.0, 1.0],
                [0.973136, 0.108531, 0.203061, -0.011772, -0.108531, -0.561585, 0.820269, -0.026291, 0.203063, -0.820265, -0.53472, -0.099253, 0.0, 0.0, 0.0, 1.0],
                [0.767877, 0.460865, 0.44494, -0.011772, -0.043937, -0.655037, 0.754316, -0.026291, 0.639095, -0.598766, -0.482739, -0.099253, 0.0, 0.0, 0.0, 1.0],
                [0.324226, 0.755345, 0.569497, -0.011772, 0.086505, -0.623166, 0.777288, -0.026291, 0.94202, -0.20275, -0.267389, -0.099253, 0.0, 0.0, 0.0, 1.0],
                [-0.137718, 0.730601, 0.668768, -0.011772, 0.195363, -0.641897, 0.741484, -0.026291, 0.971017, 0.232766, -0.054332, -0.099253, 0.0, 0.0, 0.0, 1.0],
                [-0.241263, 0.656499, 0.714701, -0.011772, 0.245498, -0.67121, 0.699431, -0.026291, 0.938899, 0.344202, 0.000769, -0.099253, 0.0, 0.0, 0.0, 1.0],
                [-0.264721, 0.592261, 0.761017, -0.011772, 0.27768, -0.708925, 0.648317, -0.026291, 0.923485, 0.382939, 0.023208, -0.099253, 0.0, 0.0, 0.0, 1.0],
                [-0.286314, 0.554721, 0.781222, -0.011772, 0.282665, -0.730159, 0.622064, -0.026291, 0.915496, 0.398926, 0.052255, -0.099253, 0.0, 0.0, 0.0, 1.0],
                [-0.294916, 0.539205, 0.788848, -0.011772, 0.278872, -0.741048, 0.610797, -0.026291, 0.913928, 0.400118, 0.068177, -0.099253, 0.0, 0.0, 0.0, 1.0],
                [-0.311462, 0.528816, 0.789521, -0.011772, 0.274917, -0.745168, 0.607568, -0.026291, 0.909626, 0.406284, 0.086711, -0.099253, 0.0, 0.0, 0.0, 1.0],
                [-0.326382, 0.520295, 0.789156, -0.011772, 0.271633, -0.748028, 0.605528, -0.026291, 0.905373, 0.41199, 0.102814, -0.099253, 0.0, 0.0, 0.0, 1.0],
                [-0.328689, 0.516183, 0.790897, -0.011772, 0.270884, -0.750711, 0.602536, -0.026291, 0.904761, 0.412285, 0.106925, -0.099253, 0.0, 0.0, 0.0, 1.0],
                [-0.320648, 0.509406, 0.798555, -0.011772, 0.276699, -0.755916, 0.593316, -0.026291, 0.905887, 0.411201, 0.101431, -0.099253, 0.0, 0.0, 0.0, 1.0],
                [-0.310219, 0.502882, 0.806767, -0.011772, 0.283804, -0.760942, 0.583452, -0.026291, 0.90732, 0.409957, 0.093339, -0.099253, 0.0, 0.0, 0.0, 1.0],
                [-0.293621, 0.497557, 0.816225, -0.011772, 0.291907, -0.766403, 0.572199, -0.026291, 0.910267, 0.406268, 0.079792, -0.099253, 0.0, 0.0, 0.0, 1.0],
                [-0.271424, 0.488938, 0.829016, -0.011772, 0.30113, -0.774961, 0.555653, -0.026291, 0.914143, 0.400456, 0.063109, -0.099254, 0.0, 0.0, 0.0, 1.0],
                [-0.240506, 0.479869, 0.843731, -0.011772, 0.311029, -0.785306, 0.535304, -0.026291, 0.919471, 0.391165, 0.039617, -0.099253, 0.0, 0.0, 0.0, 1.0],
                [-0.200778, 0.469327, 0.859895, -0.011772, 0.317965, -0.799021, 0.51035, -0.026291, 0.926604, 0.375881, 0.011196, -0.099253, 0.0, 0.0, 0.0, 1.0],
                [-0.157891, 0.458599, 0.874503, -0.011772, 0.321537, -0.813464, 0.484648, -0.026291, 0.933645, 0.357703, -0.019018, -0.099253, 0.0, 0.0, 0.0, 1.0],
                [-0.10841, 0.443783, 0.889552, -0.011772, 0.325181, -0.829763, 0.45359, -0.026291, 0.939421, 0.338437, -0.054355, -0.099253, 0.0, 0.0, 0.0, 1.0],
                [-0.051358, 0.422365, 0.904969, -0.011772, 0.332214, -0.847328, 0.414321, -0.026291, 0.94181, 0.321918, -0.096799, -0.099253, 0.0, 0.0, 0.0, 1.0],
                [0.012237, 0.391946, 0.919906, -0.011772, 0.344241, -0.865385, 0.364142, -0.026291, 0.938806, 0.312211, -0.145514, -0.099254, 0.0, 0.0, 0.0, 1.0],
                [0.086802, 0.346326, 0.934089, -0.011772, 0.363766, -0.8839, 0.293918, -0.026291, 0.927442, 0.314274, -0.202706, -0.099253, 0.0, 0.0, 0.0, 1.0],
                [0.176315, 0.35309, 0.918826, -0.011772, 0.33564, -0.899068, 0.281096, -0.026291, 0.925347, 0.258831, -0.27703, -0.099253, 0.0, 0.0, 0.0, 1.0],
                [0.280754, 0.369794, 0.88568, -0.011772, 0.297516, -0.910866, 0.286005, -0.026291, 0.912507, 0.183205, -0.36575, -0.099253, 0.0, 0.0, 0.0, 1.0],
                [0.394095, 0.39514, 0.829791, -0.011772, 0.260194, -0.913886, 0.311616, -0.026291, 0.881474, 0.0931, -0.462971, -0.099253, 0.0, 0.0, 0.0, 1.0],
                [0.504916, 0.418351, 0.755013, 0.010424, 0.234286, -0.908278, 0.346602, -0.026291, 0.83077, 0.001884, -0.556618, -0.099253, 0.0, 0.0, 0.0, 1.0],
                [0.60298, 0.433522, 0.669683, 0.032621, 0.225094, -0.897798, 0.378528, -0.026291, 0.765347, -0.077502, -0.638938, -0.099253, 0.0, 0.0, 0.0, 1.0],
                [0.680694, 0.433466, 0.590564, 0.054817, 0.231364, -0.892092, 0.388119, -0.026291, 0.695079, -0.127554, -0.707531, -0.099253, 0.0, 0.0, 0.0, 1.0],
                [0.727228, 0.396045, 0.560617, 0.077013, 0.245269, -0.912758, 0.326662, -0.026291, 0.641086, -0.100055, -0.760922, -0.099253, 0.0, 0.0, 0.0, 1.0],
                [0.766556, 0.361987, 0.530434, 0.09921, 0.254213, -0.929559, 0.266997, -0.026291, 0.589725, -0.069824, -0.804582, -0.099253, 0.0, 0.0, 0.0, 1.0],
                [0.797869, 0.333753, 0.502015, 0.09921, 0.258907, -0.941751, 0.214622, -0.026291, 0.544409, -0.041264, -0.837806, -0.099253, 0.0, 0.0, 0.0, 1.0],
                [0.817234, 0.313564, 0.483541, 0.09921, 0.259416, -0.949364, 0.177209, -0.026291, 0.514627, -0.019382, -0.857196, -0.099253, 0.0, 0.0, 0.0, 1.0],
                [0.825129, 0.303493, 0.476509, 0.09921, 0.258723, -0.952796, 0.158849, -0.026291, 0.50223, -0.007787, -0.8647, -0.099253, 0.0, 0.0, 0.0, 1.0],
                [0.827412, 0.299693, 0.474951, 0.09921, 0.257615, -0.95402, 0.153204, -0.026291, 0.499031, -0.004408, -0.866574, -0.099253, 0.0, 0.0, 0.0, 1.0],
                [0.825549, 0.299793, 0.47812, 0.09921, 0.255811, -0.953974, 0.156478, -0.026291, 0.50303, -0.006872, -0.864243, -0.099253, 0.0, 0.0, 0.0, 1.0],
                [0.822055, 0.30122, 0.483217, 0.09921, 0.253516, -0.953479, 0.163092, -0.026291, 0.509868, -0.011567, -0.860176, -0.099253, 0.0, 0.0, 0.0, 1.0],
                [0.86051, 0.267309, 0.43366, 0.102516, 0.232827, -0.963536, 0.131916, 0.000325, 0.453103, -0.012547, -0.891369, -0.013088, 0.0, 0.0, 0.0, 1.0]
            ]
        },
        {
            "name": "Leg_R",
            "time": [0.0, 0.0333, 0.0667, 0.1, 0.1333, 0.1667, 0.2, 0.2333, 0.2667, 0.3, 0.3333, 0.3667, 0.4, 0.4333, 0.4667, 0.5, 0.5333, 0.5667, 0.6, 0.6333, 0.6667, 0.7, 0.7333, 0.7667, 0.8, 0.8333, 0.8667, 0.9, 0.9333, 0.9667, 1.0, 1.0333, 1.0667, 1.1, 1.1333, 1.1667, 1.2, 1.2333, 1.2667, 1.3, 1.3333, 1.3667, 1.4, 1.4333, 1.4667, 1.5, 1.5333, 1.5667, 1.6, 1.6333, 1.6667, 1.7, 2.0333],
            "transform": [
                [1.000001, -0.00195, 0.000142, 0.0, 0.00014, 0.143897, 0.989596, 0.37472, -0.00195, -0.989585, 0.143899, 0.0, 0.0, 0.0, 0.0, 1.0],
                [1.000001, -0.001951, 0.000129, 0.0, 0.000128, 0.131294, 0.991347, 0.37472, -0.001951, -0.991336, 0.131296, -0.0, 0.0, 0.0, 0.0, 1.0],
                [1.000001, -0.001952, 0.000118, 0.0, 0.000116, 0.119436, 0.992846, 0.37472, -0.001952, -0.992834, 0.119437, -0.0, 0.0, 0.0, 0.0, 1.0],
                [1.000001, -0.001953, 0.000107, -0.0, 0.000105, 0.108448, 0.994106, 0.37472, -0.001953, -0.994095, 0.108449, -0.0, 0.0, 0.0, 0.0, 1.0],
                [1.0, -0.001953, 9.7e-05, -0.0, 9.6e-05, 0.098462, 0.995145, 0.37472, -0.001953, -0.995133, 0.098463, -0.0, 0.0, 0.0, 0.0, 1.0],
                [1.0, -0.001953, 9.2e-05, -0.0, 9.1e-05, 0.093455, 0.995627, 0.37472, -0.001953, -0.995616, 0.093455, 0.0, 0.0, 0.0, 0.0, 1.0],
                [1.000001, -0.001953, 8.9e-05, -0.0, 8.8e-05, 0.090591, 0.995892, 0.37472, -0.001954, -0.995881, 0.090592, 0.0, 0.0, 0.0, 0.0, 1.0],
                [1.0, -0.001953, 8.7e-05, -0.0, 8.4e-05, 0.087309, 0.996185, 0.37472, -0.001954, -0.996174, 0.08731, 0.0, 0.0, 0.0, 0.0, 1.0],
                [1.000002, -0.001954, 8.2e-05, 0.0, 8.1e-05, 0.083193, 0.996537, 0.37472, -0.001954, -0.996525, 0.083194, 0.0, 0.0, 0.0, 0.0, 1.0],
                [1.0, -0.001953, 9.2e-05, -0.0, 9.1e-05, 0.093455, 0.995627, 0.37472, -0.001953, -0.995616, 0.093456, 0.0, 0.0, 0.0, 0.0, 1.0],
                [1.000001, -0.001952, 0.000112, -0.0, 0.000111, 0.113512, 0.993541, 0.37472, -0.001953, -0.993529, 0.113513, -0.0, 0.0, 0.0, 0.0, 1.0],
                [1.000001, -0.001952, 0.000126, -0.0, 0.000125, 0.128213, 0.99175, 0.37472, -0.001952, -0.991739, 0.128214, -0.0, 0.0, 0.0, 0.0, 1.0],
                [1.000001, -0.001952, 0.000121, -0.0, 0.000119, 0.122063, 0.992526, 0.37472, -0.001952, -0.992514, 0.122064, -0.0, 0.0, 0.0, 0.0, 1.0],
                [1.000001, -0.001954, 8.9e-05, -0.0, 8.8e-05, 0.090109, 0.995936, 0.37472, -0.001954, -0.995925, 0.09011, 0.0, 0.0, 0.0, 0.0, 1.0],
                [1.0, -0.001955, 4.2e-05, -0.0, 4.1e-05, 0.042524, 0.999099, 0.37472, -0.001955, -0.999088, 0.042525, -0.0, 0.0, 0.0, 0.0, 1.0],
                [1.000001, -0.001955, -4.4e-05, 0.0, -4.5e-05, -0.045504, 0.998968, 0.37472, -0.001955, -0.998957, -0.045504, 0.0, 0.0, 0.0, 0.0, 1.0],
                [1.0, -0.001952, -0.000116, 0.0, -0.000117, -0.119314, 0.99286, 0.37472, -0.001952, -0.992849, -0.119315, -0.0, 0.0, 0.0, 0.0, 1.0],
                [1.000001, -0.001952, -0.000112, -0.0, -0.000114, -0.115172, 0.993349, 0.37472, -0.001952, -0.993338, -0.115173, -0.0, 0.0, 0.0, 0.0, 1.0],
                [1.000001, -0.001955, -4.7e-05, 0.0, -4.9e-05, -0.049206, 0.998793, 0.37472, -0.001955, -0.99878, -0.049207, 0.0, 0.0, 0.0, 0.0, 1.0],
                [1.000001, -0.001948, 0.000174, -0.0, 0.000172, 0.176131, 0.98437, 0.37472, -0.001948, -0.984359, 0.176133, -0.0, 0.0, 0.0, 0.0, 1.0],
                [1.000001, -0.001922, 0.000363, -0.0, 0.00036, 0.363261, 0.931689, 0.37472, -0.001923, -0.931679, 0.363265, 0.0, 0.0, 0.0, 0.0, 1.0],
                [1.000001, -0.001883, 0.000525, 0.0, 0.000524, 0.516742, 0.856142, 0.37472, -0.001884, -0.856134, 0.516746, -0.0, 0.0, 0.0, 0.0, 1.0],
                [1.000001, -0.001859, 0.000607, 0.0, 0.000605, 0.589193, 0.807992, 0.37472, -0.00186, -0.807985, 0.589197, 0.0, 0.0, 0.0, 0.0, 1.0],
                [1.000002, -0.00185, 0.000634, -0.0, 0.000631, 0.61214, 0.790749, 0.37472, -0.001851, -0.790741, 0.612144, -0.0, 0.0, 0.0, 0.0, 1.0],
                [1.000001, -0.001844, 0.00065, -0.0, 0.000648, 0.626205, 0.779657, 0.37472, -0.001845, -0.779651, 0.626209, 0.0, 0.0, 0.0, 0.0, 1.0],
                [1.000002, -0.001842, 0.000655, 0.0, 0.000652, 0.62996, 0.776626, 0.37472, -0.001844, -0.77662, 0.629963, 0.0, 0.0, 0.0, 0.0, 1.0],
                [1.000001, -0.001843, 0.000653, -0.0, 0.000651, 0.628875, 0.777506, 0.37472, -0.001844, -0.7775, 0.628879, 0.0, 0.0, 0.0, 0.0, 1.0],
                [1.000001, -0.001844, 0.00065, -0.0, 0.000648, 0.626435, 0.779472, 0.37472, -0.001845, -0.779466, 0.626439, 0.0, 0.0, 0.0, 0.0, 1.0],
                [1.000002, -0.001845, 0.000647, -0.0, 0.000644, 0.623077, 0.782159, 0.37472, -0.001846, -0.782152, 0.623081, -0.0, 0.0, 0.0, 0.0, 1.0],
                [1.000001, -0.001847, 0.000642, -0.0, 0.00064, 0.619346, 0.785118, 0.37472, -0.001848, -0.785111, 0.619349, 0.0, 0.0, 0.0, 0.0, 1.0],
                [1.000001, -0.001847, 0.000641, -0.0, 0.000639, 0.618627, 0.785684, 0.37472, -0.001848, -0.785678, 0.618631, -0.0, 0.0, 0.0, 0.0, 1.0],
                [1.000002, -0.001844, 0.000648, 0.0, 0.000646, 0.624865, 0.780732, 0.37472, -0.001845, -0.780725, 0.624869, 0.0, 0.0, 0.0, 0.0, 1.0],
                [1.000001, -0.001841, 0.000659, 0.0, 0.000656, 0.633404, 0.77382, 0.37472, -0.001842, -0.773814, 0.633408, -0.0, 0.0, 0.0, 0.0, 1.0],
                [1.000001, -0.001836, 0.000671, -0.0, 0.000669, 0.643605, 0.765357, 0.37472, -0.001837, -0.76535, 0.643609, 0.0, 0.0, 0.0, 0.0, 1.0],
                [1.000001, -0.00183, 0.00069, 0.0, 0.000687, 0.65919, 0.751975, 0.37472, -0.00183, -0.751969, 0.659194, -0.0, 0.0, 0.0, 0.0, 1.0],
                [1.000002, -0.001818, 0.00072, 0.0, 0.000716, 0.682994, 0.730421, 0.37472, -0.00182, -0.730416, 0.682998, -0.0, 0.0, 0.0, 0.0, 1.0],
                [1.000002, -0.001802, 0.000761, 0.0, 0.000757, 0.715398, 0.698714, 0.37472, -0.001803, -0.698709, 0.715402, 0.0, 0.0, 0.0, 0.0, 1.0],
                [1.000002, -0.001775, 0.000819, -0.0, 0.000818, 0.760388, 0.649466, 0.37472, -0.001776, -0.649461, 0.760391, 0.0, 0.0, 0.0, 0.0, 1.0],
                [1.000001, -0.001781, 0.000807, 0.0, 0.000805, 0.75128, 0.65998, 0.37472, -0.001782, -0.659976, 0.751284, -0.0, 0.0, 0.0, 0.0, 1.0],
                [1.000001, -0.001788, 0.000792, 0.0, 0.00079, 0.739817, 0.672805, 0.37472, -0.001789, -0.6728, 0.73982, 0.0, 0.0, 0.0, 0.0, 1.0],
                [1.000001, -0.001795, 0.000775, -0.0, 0.000774, 0.727784, 0.685804, 0.37472, -0.001795, -0.685799, 0.727787, -0.0, 0.0, 0.0, 0.0, 1.0],
                [1.000001, -0.001793, 0.000778, -0.0, 0.000776, 0.729311, 0.68418, 0.37472, -0.001795, -0.684175, 0.729314, -0.0, 0.0, 0.0, 0.0, 1.0],
                [1.000001, -0.00178, 0.000807, 0.0, 0.000805, 0.751216, 0.660053, 0.37472, -0.001781, -0.660048, 0.75122, -0.0, 0.0, 0.0, 0.0, 1.0],
                [1.000001, -0.00175, 0.000871, 0.0, 0.000868, 0.796602, 0.604501, 0.37472, -0.001752, -0.604497, 0.796605, 0.0, 0.0, 0.0, 0.0, 1.0],
                [1.0, -0.001726, 0.000918, 0.0, 0.000915, 0.82817, 0.560474, 0.37472, -0.001727, -0.56047, 0.828172, -0.0, 0.0, 0.0, 0.0, 1.0],
                [1.000001, -0.001702, 0.000962, 0.0, 0.000959, 0.855639, 0.517569, 0.37472, -0.001704, -0.517566, 0.855641, 0.0, 0.0, 0.0, 0.0, 1.0],
                [1.000002, -0.001679, 0.001003, 0.0, 0.001, 0.87964, 0.475635, 0.37472, -0.00168, -0.475632, 0.879642, 0.0, 0.0, 0.0, 0.0, 1.0],
                [1.000002, -0.001658, 0.001035, -0.0, 0.001032, 0.897391, 0.44123, 0.37472, -0.00166, -0.441228, 0.897393, -0.0, 0.0, 0.0, 0.0, 1.0],
                [1.000001, -0.001647, 0.001053, -0.0, 0.001049, 0.906623, 0.421934, 0.37472, -0.001649, -0.421932, 0.906625, -0.0, 0.0, 0.0, 0.0, 1.0],
                [1.000002, -0.001644, 0.001058, -0.0, 0.001056, 0.909733, 0.415188, 0.37472, -0.001645, -0.415185, 0.909735, 0.0, 0.0, 0.0, 0.0, 1.0],
                [1.000001, -0.001645, 0.001056, -0.0, 0.001054, 0.908481, 0.417922, 0.37472, -0.001647, -0.41792, 0.908481, 0.0, 0.0, 0.0, 0.0, 1.0],
                [1.000001, -0.001649, 0.001051, -0.0, 0.001048, 0.905801, 0.423699, 0.37472, -0.00165, -0.423696, 0.905802, 0.0, 0.0, 0.0, 0.0, 1.0],
                [0.999996, -0.001635, 0.001071, 0.0, 0.001069, 0.916077, 0.401003, 0.37472, -0.001637, -0.401001, 0.916076, -0.0, 0.0, 0.0, 0.0, 1.0]
            ]
        },
        {
            "name": "Knee_R",
            "time": [2.0333, 0.0],
            "transform": [
                [1.0, 0.0, -0.0, 0.0, -0.0, 1e-06, -1.0, 0.37472, -0.0, 1.0, 1e-06, 0.0, 0.0, 0.0, 0.0, 1.0],
                [1.0, 0.0, -0.0, 0.0, -0.0, 1e-06, -1.0, 0.37472, -0.0, 1.0, 1e-06, -0.0, 0.0, 0.0, 0.0, 1.0]
            ]
        },
        {
            "name": "Thigh_L",
            "time": [0.0, 0.0333, 0.0667, 0.1, 0.1333, 0.1667, 0.2, 0.2333, 0.2667, 0.3, 0.3333, 0.3667, 0.4, 0.4333, 0.4667, 0.5, 0.5333, 0.5667, 0.6, 0.6333, 0.6667, 0.7, 0.7333, 0.7667, 0.8, 0.8333, 0.8667, 0.9, 0.9333, 0.9667, 1.0, 1.0333, 1.0667, 1.1, 1.1333, 1.1667, 1.2, 1.2333, 1.2667, 1.3, 1.3333, 1.3667, 1.4, 1.4333, 1.4667, 1.5, 1.5333, 1.5667, 1.6, 1.6333, 1.6667, 1.7, 2.0333],
            "transform": [
                [-0.440406, -0.686203, -0.578956, 0.02115, -0.307768, -0.490411, 0.815345, 0.014868, -0.843354, 0.537307, 0.004788, 0.100061, 0.0, 0.0, 0.0, 1.0],
                [-0.422584, -0.702532, -0.572622, 0.020476, -0.319185, -0.475983, 0.819494, 0.014985, -0.848215, 0.529117, -0.023095, 0.100183, 0.0, 0.0, 0.0, 1.0],
                [-0.406074, -0.716872, -0.566767, 0.020051, -0.330286, -0.463158, 0.822438, 0.015098, -0.85202, 0.521206, -0.048696, 0.100252, 0.0, 0.0, 0.0, 1.0],
                [-0.38824, -0.734346, -0.556809, 0.019065, -0.337893, -0.448705, 0.827345, 0.014477, -0.857334, 0.509389, -0.073926, 0.100536, 0.0, 0.0, 0.0, 1.0],
                [-0.346829, -0.752627, -0.55973, 0.015228, -0.366542, -0.440562, 0.819486, 0.014904, -0.863297, 0.489423, -0.12307, 0.101127, 0.0, 0.0, 0.0, 1.0],
                [-0.284756, -0.776034, -0.562784, 0.00787, -0.404577, -0.434956, 0.804446, 0.01391, -0.868997, 0.456795, -0.190109, 0.102105, 0.0, 0.0, 0.0, 1.0],
                [-0.198319, -0.79939, -0.567179, -0.002497, -0.446472, -0.44148, 0.778305, 0.012191, -0.8725, 0.407613, -0.269352, 0.102598, 0.0, 0.0, 0.0, 1.0],
                [-0.109883, -0.80597, -0.581711, -0.012663, -0.487493, -0.466337, 0.738159, 0.010559, -0.866141, 0.364719, -0.341662, 0.102027, 0.0, 0.0, 0.0, 1.0],
                [-0.032314, -0.79522, -0.605499, -0.020604, -0.518722, -0.504506, 0.690218, 0.009782, -0.854287, 0.336415, -0.396196, 0.100803, 0.0, 0.0, 0.0, 1.0],
                [0.045075, -0.775693, -0.629536, -0.0279, -0.540415, -0.548954, 0.637653, 0.008994, -0.840145, 0.311493, -0.443941, 0.099108, 0.0, 0.0, 0.0, 1.0],
                [0.127111, -0.746571, -0.653082, -0.035878, -0.568688, -0.594326, 0.568659, 0.008094, -0.812626, 0.29914, -0.500112, 0.096588, 0.0, 0.0, 0.0, 1.0],
                [0.223133, -0.702941, -0.675366, -0.046046, -0.608133, -0.641873, 0.467094, 0.00648, -0.76178, 0.306512, -0.570705, 0.092304, 0.0, 0.0, 0.0, 1.0],
                [0.346956, -0.622088, -0.70189, -0.058208, -0.677145, -0.683968, 0.271407, 0.004911, -0.64886, 0.381144, -0.658551, 0.085265, 0.0, 0.0, 0.0, 1.0],
                [0.510716, -0.501598, -0.698261, -0.072015, -0.693027, -0.720832, 0.010845, 0.002598, -0.508729, 0.478412, -0.715762, 0.074094, 0.0, 0.0, 0.0, 1.0],
                [0.682973, -0.408518, -0.605506, -0.087002, -0.599532, -0.78706, -0.145321, -0.003016, -0.417171, 0.462306, -0.782461, 0.05572, 0.0, 0.0, 0.0, 1.0],
                [0.877379, -0.408607, -0.251398, -0.100073, -0.355727, -0.905757, 0.230469, -0.013462, -0.321852, -0.112788, -0.940045, 0.022084, 0.0, 0.0, 0.0, 1.0],
                [0.984272, -0.072983, 0.160653, -0.098101, -0.171203, -0.615328, 0.769473, -0.021279, 0.042693, -0.784934, -0.618145, -0.024636, 0.0, 0.0, 0.0, 1.0],
                [0.881085, 0.21394, 0.421739, -0.06808, -0.320095, -0.386636, 0.864903, -0.016491, 0.34807, -0.897116, -0.272178, -0.075999, 0.0, 0.0, 0.0, 1.0],
                [0.650203, 0.244202, 0.719426, -0.017204, -0.553401, -0.496538, 0.668725, -0.008832, 0.520487, -0.833001, -0.187709, -0.101526, 0.0, 0.0, 0.0, 1.0],
                [0.358532, 0.461391, 0.81153, 0.005012, -0.488925, -0.647757, 0.584275, -0.022515, 0.795192, -0.606305, -0.006656, -0.100742, 0.0, 0.0, 0.0, 1.0],
                [0.30534, 0.475053, 0.82529, 0.01176, -0.409571, -0.716918, 0.564187, -0.026291, 0.859618, -0.510322, -0.024336, -0.099253, 0.0, 0.0, 0.0, 1.0],
                [0.303026, 0.458588, 0.835394, 0.015224, -0.356, -0.758697, 0.545598, -0.028091, 0.883947, -0.462765, -0.066648, -0.098284, 0.0, 0.0, 0.0, 1.0],
                [0.267378, 0.447814, 0.853219, 0.019044, -0.343802, -0.782868, 0.518609, -0.030363, 0.90013, -0.432035, -0.055363, -0.096934, 0.0, 0.0, 0.0, 1.0],
                [0.234745, 0.435478, 0.86906, 0.021776, -0.348599, -0.796884, 0.493451, -0.031933, 0.907358, -0.41882, -0.035257, -0.095847, 0.0, 0.0, 0.0, 1.0],
                [0.205319, 0.428376, 0.879971, 0.024197, -0.348666, -0.808142, 0.47474, -0.032678, 0.91444, -0.404319, -0.016567, -0.095011, 0.0, 0.0, 0.0, 1.0],
                [0.180058, 0.421731, 0.88867, 0.026165, -0.348968, -0.817309, 0.45855, -0.033205, 0.919633, -0.392712, 7e-06, -0.094304, 0.0, 0.0, 0.0, 1.0],
                [0.174322, 0.414568, 0.893173, 0.026335, -0.351029, -0.821329, 0.44971, -0.033247, 0.919954, -0.391952, 0.002349, -0.094242, 0.0, 0.0, 0.0, 1.0],
                [0.185935, 0.405045, 0.895197, 0.024908, -0.355775, -0.821533, 0.445589, -0.032895, 0.915847, -0.40137, -0.008647, -0.094752, 0.0, 0.0, 0.0, 1.0],
                [0.201966, 0.39585, 0.895836, 0.023106, -0.360905, -0.820262, 0.443801, -0.032471, 0.910429, -0.412975, -0.022801, -0.095353, 0.0, 0.0, 0.0, 1.0],
                [0.228057, 0.387159, 0.893368, 0.020399, -0.366253, -0.816068, 0.447137, -0.031813, 0.902093, -0.429204, -0.044312, -0.096189, 0.0, 0.0, 0.0, 1.0],
                [0.261439, 0.376578, 0.888732, 0.016722, -0.370405, -0.811142, 0.452647, -0.031028, 0.891276, -0.447564, -0.072578, -0.097151, 0.0, 0.0, 0.0, 1.0],
                [0.30481, 0.368153, 0.878384, 0.011574, -0.367316, -0.805506, 0.465057, -0.030204, 0.878688, -0.464434, -0.110298, -0.098156, 0.0, 0.0, 0.0, 1.0],
                [0.351123, 0.345306, 0.870332, 0.004724, -0.343806, -0.817066, 0.462864, -0.029071, 0.870881, -0.461782, -0.168172, -0.099063, 0.0, 0.0, 0.0, 1.0],
                [0.40492, 0.322459, 0.855603, -0.003153, -0.31758, -0.827922, 0.462312, -0.027667, 0.857384, -0.458956, -0.232836, -0.099528, 0.0, 0.0, 0.0, 1.0],
                [0.464355, 0.294853, 0.835121, -0.011862, -0.294032, -0.838172, 0.459413, -0.026032, 0.83537, -0.458917, -0.302514, -0.099313, 0.0, 0.0, 0.0, 1.0],
                [0.526209, 0.265296, 0.807903, -0.020949, -0.271625, -0.8479, 0.45534, -0.024276, 0.805759, -0.459085, -0.374112, -0.098251, 0.0, 0.0, 0.0, 1.0],
                [0.586264, 0.22947, 0.776928, -0.029913, -0.254044, -0.858618, 0.445294, -0.022498, 0.769208, -0.458468, -0.445082, -0.096338, 0.0, 0.0, 0.0, 1.0],
                [0.642123, 0.190851, 0.742445, -0.038412, -0.241583, -0.868809, 0.432273, -0.020829, 0.727489, -0.456969, -0.511777, -0.093663, 0.0, 0.0, 0.0, 1.0],
                [0.699135, 0.148226, 0.699431, -0.046683, -0.235018, -0.876294, 0.420631, -0.019293, 0.675203, -0.458491, -0.577813, -0.09017, 0.0, 0.0, 0.0, 1.0],
                [0.756196, 0.107102, 0.645488, -0.05496, -0.228113, -0.881493, 0.413508, -0.017684, 0.613234, -0.459972, -0.642151, -0.085726, 0.0, 0.0, 0.0, 1.0],
                [0.809255, 0.069299, 0.583313, -0.06301, -0.219046, -0.885819, 0.409145, -0.015997, 0.545022, -0.45891, -0.701675, -0.080352, 0.0, 0.0, 0.0, 1.0],
                [0.856479, 0.032658, 0.515094, -0.070507, -0.207853, -0.891691, 0.40217, -0.014285, 0.472403, -0.451548, -0.756928, -0.074212, 0.0, 0.0, 0.0, 1.0],
                [0.895809, -0.003949, 0.444352, -0.077201, -0.198134, -0.898634, 0.391482, -0.012522, 0.397734, -0.438767, -0.805788, -0.067574, 0.0, 0.0, 0.0, 1.0],
                [0.927214, -0.038489, 0.372461, -0.082988, -0.189688, -0.905929, 0.378643, -0.01075, 0.322825, -0.421766, -0.847292, -0.060667, 0.0, 0.0, 0.0, 1.0],
                [0.950154, -0.068471, 0.304058, -0.087663, -0.182368, -0.913293, 0.364279, -0.009029, 0.252732, -0.401602, -0.880256, -0.054008, 0.0, 0.0, 0.0, 1.0],
                [0.965539, -0.095948, 0.241783, -0.09132, -0.178678, -0.920168, 0.348463, -0.007453, 0.189032, -0.379684, -0.905602, -0.047837, 0.0, 0.0, 0.0, 1.0],
                [0.975675, -0.11563, 0.186057, -0.094085, -0.173461, -0.926538, 0.333916, -0.005984, 0.133769, -0.358093, -0.924058, -0.042373, 0.0, 0.0, 0.0, 1.0],
                [0.98009, -0.130148, 0.149716, -0.095744, -0.172582, -0.931559, 0.32012, -0.004686, 0.097799, -0.33961, -0.935473, -0.038658, 0.0, 0.0, 0.0, 1.0],
                [0.981672, -0.136097, 0.13314, -0.096453, -0.171649, -0.935215, 0.309796, -0.003698, 0.082346, -0.326996, -0.941435, -0.036966, 0.0, 0.0, 0.0, 1.0],
                [0.981838, -0.139571, 0.128223, -0.096741, -0.172822, -0.937045, 0.303554, -0.002922, 0.077777, -0.320224, -0.944148, -0.036277, 0.0, 0.0, 0.0, 1.0],
                [0.98156, -0.139161, 0.130779, -0.096714, -0.172683, -0.939221, 0.296831, -0.002292, 0.081517, -0.313964, -0.945933, -0.036394, 0.0, 0.0, 0.0, 1.0],
                [0.980667, -0.13959, 0.136876, -0.096559, -0.174693, -0.940011, 0.293132, -0.001713, 0.08774, -0.3114, -0.946224, -0.036835, 0.0, 0.0, 0.0, 1.0],
                [0.984775, -0.16767, 0.045695, -0.099935, -0.173722, -0.942949, 0.28405, 0.000877, -0.004539, -0.287669, -0.95772, -0.026375, 0.0, 0.0, 0.0, 1.0]
            ]
        },
        {
            "name": "Leg_L",
            "time": [0.0, 0.0333, 0.0667, 0.1, 0.1333, 0.1667, 0.2, 0.2333, 0.2667, 0.3, 0.3333, 0.3667, 0.4, 0.4333, 0.4667, 0.5, 0.5333, 0.5667, 0.6, 0.6333, 0.6667, 0.7, 0.7333, 0.7667, 0.8, 0.8333, 0.8667, 0.9, 0.9333, 0.9667, 1.0, 1.0333, 1.0667, 1.1, 1.1333, 1.1667, 1.2, 1.2333, 1.2667, 1.3, 1.3333, 1.3667, 1.4, 1.4333, 1.4667, 1.5, 1.5333, 1.5667, 1.6, 1.6333, 1.6667, 1.7, 2.0333],
            "transform": [
                [0.999996, -0.001862, 0.000596, -0.0, 0.000594, 0.579762, 0.81478, 0.37472, -0.001863, -0.814807, 0.579742, 0.0, 0.0, 0.0, 0.0, 1.0],
                [0.999996, -0.001874, 0.000559, 0.0, 0.000558, 0.547245, 0.836965, 0.37472, -0.001874, -0.836995, 0.547224, -0.0, 0.0, 0.0, 0.0, 1.0],
                [0.999997, -0.001884, 0.000525, -0.0, 0.000524, 0.517035, 0.855954, 0.37472, -0.001884, -0.855987, 0.517015, 0.0, 0.0, 0.0, 0.0, 1.0],
                [0.999996, -0.001893, 0.000492, -0.0, 0.00049, 0.485904, 0.874001, 0.37472, -0.001893, -0.874036, 0.485883, -0.0, 0.0, 0.0, 0.0, 1.0],
                [0.999997, -0.001902, 0.000454, 0.0, 0.000452, 0.450802, 0.89261, 0.37472, -0.001902, -0.892648, 0.450782, -0.0, 0.0, 0.0, 0.0, 1.0],
                [0.999996, -0.001918, 0.000384, 0.0, 0.000383, 0.384552, 0.923086, 0.37472, -0.001918, -0.923129, 0.384533, 0.0, 0.0, 0.0, 0.0, 1.0],
                [0.999996, -0.001931, 0.000309, 0.0, 0.000307, 0.311115, 0.950351, 0.37472, -0.001931, -0.9504, 0.311098, -0.0, 0.0, 0.0, 0.0, 1.0],
                [0.999996, -0.001936, 0.000274, 0.0, 0.000273, 0.277464, 0.960714, 0.37472, -0.001936, -0.960764, 0.277449, -0.0, 0.0, 0.0, 0.0, 1.0],
                [0.999996, -0.001934, 0.00029, -0.0, 0.00029, 0.293745, 0.955862, 0.37472, -0.001934, -0.955911, 0.293729, -0.0, 0.0, 0.0, 0.0, 1.0],
                [0.999997, -0.001929, 0.000325, -0.0, 0.000323, 0.326435, 0.945199, 0.37472, -0.001929, -0.945246, 0.326418, -0.0, 0.0, 0.0, 0.0, 1.0],
                [0.999996, -0.001919, 0.000376, -0.0, 0.000375, 0.376723, 0.926308, 0.37472, -0.001919, -0.926352, 0.376704, -0.0, 0.0, 0.0, 0.0, 1.0],
                [0.999996, -0.001906, 0.00044, 0.0, 0.000439, 0.43789, 0.899014, 0.37472, -0.001906, -0.899053, 0.43787, 0.0, 0.0, 0.0, 0.0, 1.0],
                [0.999996, -0.001874, 0.000557, 0.0, 0.000556, 0.545521, 0.838089, 0.37472, -0.001874, -0.838119, 0.5455, 0.0, 0.0, 0.0, 0.0, 1.0],
                [0.999996, -0.0018, 0.000763, 0.0, 0.00076, 0.717505, 0.696555, 0.37472, -0.001801, -0.696569, 0.717489, 0.0, 0.0, 0.0, 0.0, 1.0],
                [0.999996, -0.001811, 0.000737, 0.0, 0.000735, 0.697427, 0.716657, 0.37472, -0.001812, -0.716672, 0.697411, 0.0, 0.0, 0.0, 0.0, 1.0],
                [0.999996, -0.001955, -2.8e-05, 0.0, -3e-05, -0.030057, 0.99952, 0.37472, -0.001955, -0.999578, -0.030055, -0.0, 0.0, 0.0, 0.0, 1.0],
                [0.999996, -0.001919, -0.000378, 0.0, -0.000379, -0.379861, 0.925026, 0.37472, -0.001918, -0.925069, -0.379843, 0.0, 0.0, 0.0, 0.0, 1.0],
                [0.999997, -0.001953, -0.000114, -0.0, -0.000116, -0.117485, 0.993047, 0.37472, -0.001953, -0.993104, -0.117478, 0.0, 0.0, 0.0, 0.0, 1.0],
                [0.999997, -0.001892, 0.00049, 0.0, 0.000488, 0.484307, 0.874886, 0.37472, -0.001893, -0.874921, 0.484287, 0.0, 0.0, 0.0, 0.0, 1.0],
                [0.999996, -0.001935, 0.000279, 0.0, 0.000279, 0.28244, 0.959263, 0.37472, -0.001935, -0.959313, 0.282424, 0.0, 0.0, 0.0, 0.0, 1.0],
                [0.999997, -0.001937, 0.000268, 0.0, 0.000268, 0.271638, 0.962376, 0.37472, -0.001937, -0.962426, 0.271623, -0.0, 0.0, 0.0, 0.0, 1.0],
                [0.999996, -0.001932, 0.000299, -0.0, 0.000298, 0.301726, 0.953373, 0.37472, -0.001932, -0.953422, 0.30171, 0.0, 0.0, 0.0, 0.0, 1.0],
                [0.999997, -0.001928, 0.000324, -0.0, 0.000323, 0.326253, 0.945262, 0.37472, -0.001928, -0.945309, 0.326236, -0.0, 0.0, 0.0, 0.0, 1.0],
                [0.999997, -0.001925, 0.000344, -0.0, 0.000343, 0.345911, 0.938248, 0.37472, -0.001925, -0.938293, 0.345893, 0.0, 0.0, 0.0, 0.0, 1.0],
