{
    "animation": [
        {
            "name": "Root",
            "time": [0.0, 0.0333, 0.0667, 0.1, 0.1333, 0.1667, 0.2, 0.2333, 0.2667, 0.3, 0.3333, 0.3667, 0.4, 0.4333, 0.4667, 0.5, 0.5333, 0.5667, 0.6, 0.6333, 0.6667, 0.7, 0.7333, 0.7667, 0.8, 0.8333, 0.8667, 0.9, 0.9333, 0.9667, 1.0, 1.0333, 1.0667, 1.1, 1.1333, 1.1667, 1.2, 1.2333, 1.2667, 1.3, 1.3333, 1.3667, 1.4, 1.4333, 1.4667, 1.5, 1.5333, 1.5667, 1.6, 1.6333, 1.6667, 1.7, 1.7333, 1.7667, 1.8, 1.8333, 1.8667, 1.9, 1.9333, 1.9667, 2.0, 2.0333, 2.0667, 2.1, 2.1333, 2.1667, 2.2, 2.2333, 2.2667, 2.3, 2.3333, 2.3667, 2.4, 2.4333, 2.4667, 2.5, 2.5333, 2.5667, 2.6, 2.6333, 2.6667, 2.7, 2.7333, 2.7667, 2.8, 2.8333, 2.8667, 2.9, 2.9333, 2.9667, 3.0],
            "transform": [
                [1.0, 0.000632, 1e-06, 0.000308, -1e-06, 0.003856, -0.999992, 0.001844, -0.000632, 0.999992, 0.003856, 0.717875, 0.0, 0.0, 0.0, 1.0],
                [1.0, 0.000631, 1e-06, 0.000308, -1e-06, 0.003856, -0.999992, 0.001897, -0.000631, 0.999992, 0.003856, 0.71787, 0.0, 0.0, 0.0, 1.0],
                [1.0, 0.000631, 1e-06, 0.000307, -1e-06, 0.003857, -0.999992, 0.001942, -0.000631, 0.999992, 0.003857, 0.717865, 0.0, 0.0, 0.0, 1.0],
                [1.0, 0.00063, 1e-06, 0.000307, -2e-06, 0.003857, -0.999992, 0.001979, -0.00063, 0.999992, 0.003857, 0.717861, 0.0, 0.0, 0.0, 1.0],
                [1.0, 0.000629, 1e-06, 0.000307, -1e-06, 0.003857, -0.999992, 0.002008, -0.000629, 0.999992, 0.003857, 0.717859, 0.0, 0.0, 0.0, 1.0],
                [1.0, 0.000628, 1e-06, 0.000306, -1e-06, 0.003857, -0.999992, 0.002029, -0.000628, 0.999992, 0.003857, 0.717859, 0.0, 0.0, 0.0, 1.0],
                [1.0, 0.000627, 1e-06, 0.000306, -2e-06, 0.003857, -0.999992, 0.002045, -0.000627, 0.999992, 0.003857, 0.717862, 0.0, 0.0, 0.0, 1.0],
                [1.0, 0.000627, 1e-06, 0.000306, -1e-06, 0.003857, -0.999992, 0.002054, -0.000627, 0.999992, 0.003857, 0.717867, 0.0, 0.0, 0.0, 1.0],
                [1.0, 0.000626, 1e-06, 0.000305, -1e-06, 0.003857, -0.999992, 0.002058, -0.000626, 0.999992, 0.003857, 0.717876, 0.0, 0.0, 0.0, 1.0],
                [1.0, 0.000625, 1e-06, 0.000305, -1e-06, 0.003858, -0.999992, 0.002057, -0.000625, 0.999992, 0.003858, 0.717889, 0.0, 0.0, 0.0, 1.0],
                [1.0, 0.000625, 1e-06, 0.000305, -1e-06, 0.003858, -0.999992, 0.002051, -0.000625, 0.999992, 0.003858, 0.717907, 0.0, 0.0, 0.0, 1.0],
                [1.0, 0.000624, 1e-06, 0.000304, -1e-06, 0.003858, -0.999992, 0.002042, -0.000624, 0.999992, 0.003858, 0.717929, 0.0, 0.0, 0.0, 1.0],
                [1.0, 0.000623, 1e-06, 0.000304, -1e-06, 0.003858, -0.999992, 0.002029, -0.000623, 0.999992, 0.003858, 0.717956, 0.0, 0.0, 0.0, 1.0],
                [1.0, 0.000623, 1e-06, 0.000304, -1e-06, 0.003858, -0.999992, 0.002013, -0.000623, 0.999992, 0.003858, 0.71799, 0.0, 0.0, 0.0, 1.0],
                [1.0, 0.000622, 1e-06, 0.000303, -1e-06, 0.003858, -0.999992, 0.001995, -0.000622, 0.999992, 0.003858, 0.718029, 0.0, 0.0, 0.0, 1.0],
                [1.0, 0.000621, 1e-06, 0.000303, -1e-06, 0.003858, -0.999992, 0.001975, -0.000621, 0.999992, 0.003858, 0.718075, 0.0, 0.0, 0.0, 1.0],
                [1.0, 0.000621, 1e-06, 0.000303, -1e-06, 0.003858, -0.999992, 0.001953, -0.000621, 0.999992, 0.003858, 0.718128, 0.0, 0.0, 0.0, 1.0],
                [1.0, 0.00062, 1e-06, 0.000302, -1e-06, 0.003859, -0.999992, 0.001931, -0.00062, 0.999992, 0.003859, 0.718189, 0.0, 0.0, 0.0, 1.0],
                [1.0, 0.000619, 1e-06, 0.000302, -1e-06, 0.003859, -0.999992, 0.001908, -0.000619, 0.999992, 0.003859, 0.718257, 0.0, 0.0, 0.0, 1.0],
                [1.0, 0.000619, 1e-06, 0.000302, -1e-06, 0.003859, -0.999992, 0.001885, -0.000619, 0.999992, 0.003859, 0.718335, 0.0, 0.0, 0.0, 1.0],
                [1.0, 0.000618, 1e-06, 0.000302, -1e-06, 0.003859, -0.999992, 0.001863, -0.000618, 0.999992, 0.003859, 0.718421, 0.0, 0.0, 0.0, 1.0],
                [1.0, 0.000618, 1e-06, 0.000301, -1e-06, 0.003859, -0.999992, 0.001843, -0.000618, 0.999992, 0.003859, 0.718516, 0.0, 0.0, 0.0, 1.0],
                [1.0, 0.000617, 1e-06, 0.000301, -1e-06, 0.003859, -0.999992, 0.001824, -0.000617, 0.999992, 0.003859, 0.718621, 0.0, 0.0, 0.0, 1.0],
                [1.0, 0.000618, 1e-06, 0.000301, -1e-06, 0.003859, -0.999992, 0.001807, -0.000618, 0.999992, 0.003859, 0.718737, 0.0, 0.0, 0.0, 1.0],
                [1.0, 0.000619, 1e-06, 0.000302, -1e-06, 0.003859, -0.999992, 0.001793, -0.000619, 0.999992, 0.003859, 0.718863, 0.0, 0.0, 0.0, 1.0],
                [1.0, 0.00062, 1e-06, 0.000302, -1e-06, 0.003858, -0.999992, 0.001915, -0.00062, 0.999992, 0.003858, 0.719104, 0.0, 0.0, 0.0, 1.0],
                [1.0, 0.000621, 1e-06, 0.000303, -1e-06, 0.003858, -0.999992, 0.002031, -0.000621, 0.999992, 0.003858, 0.71934, 0.0, 0.0, 0.0, 1.0],
                [1.0, 0.000622, 1e-06, 0.000303, -1e-06, 0.003858, -0.999992, 0.002143, -0.000622, 0.999992, 0.003858, 0.719571, 0.0, 0.0, 0.0, 1.0],
                [1.0, 0.000623, 1e-06, 0.000304, -1e-06, 0.003858, -0.999992, 0.00225, -0.000623, 0.999992, 0.003858, 0.719797, 0.0, 0.0, 0.0, 1.0],
                [1.0, 0.000624, 1e-06, 0.000304, -1e-06, 0.003858, -0.999992, 0.002353, -0.000624, 0.999992, 0.003858, 0.720018, 0.0, 0.0, 0.0, 1.0],
                [1.0, 0.000625, 1e-06, 0.000305, -2e-06, 0.003858, -0.999992, 0.002452, -0.000625, 0.999992, 0.003858, 0.720235, 0.0, 0.0, 0.0, 1.0],
                [1.0, 0.000627, 1e-06, 0.000306, -1e-06, 0.003857, -0.999992, 0.002547, -0.000627, 0.999992, 0.003857, 0.720448, 0.0, 0.0, 0.0, 1.0],
                [1.0, 0.000628, 1e-06, 0.000306, -1e-06, 0.003857, -0.999992, 0.002638, -0.000628, 0.999992, 0.003857, 0.720656, 0.0, 0.0, 0.0, 1.0],
                [1.0, 0.00063, 1e-06, 0.000307, -1e-06, 0.003857, -0.999992, 0.002727, -0.00063, 0.999992, 0.003857, 0.72086, 0.0, 0.0, 0.0, 1.0],
                [1.0, 0.000631, 1e-06, 0.000308, -1e-06, 0.003856, -0.999992, 0.002812, -0.000631, 0.999992, 0.003856, 0.72106, 0.0, 0.0, 0.0, 1.0],
                [1.0, 0.000633, 1e-06, 0.000308, -1e-06, 0.003856, -0.999992, 0.002896, -0.000633, 0.999992, 0.003856, 0.721257, 0.0, 0.0, 0.0, 1.0],
                [1.0, 0.000634, 1e-06, 0.000309, -1e-06, 0.003856, -0.999992, 0.002976, -0.000634, 0.999992, 0.003856, 0.721449, 0.0, 0.0, 0.0, 1.0],
                [1.0, 0.000636, 1e-06, 0.00031, -1e-06, 0.003855, -0.999992, 0.003055, -0.000636, 0.999992, 0.003855, 0.721639, 0.0, 0.0, 0.0, 1.0],
                [1.0, 0.000638, 1e-06, 0.000311, -1e-06, 0.003856, -0.999992, 0.003133, -0.000638, 0.999992, 0.003856, 0.721825, 0.0, 0.0, 0.0, 1.0],
                [1.0, 0.000639, 1e-06, 0.000311, -1e-06, 0.003855, -0.999992, 0.003209, -0.000639, 0.999992, 0.003855, 0.722007, 0.0, 0.0, 0.0, 1.0],
                [1.0, 0.000641, 1e-06, 0.000312, -1e-06, 0.003855, -0.999992, 0.003285, -0.000641, 0.999992, 0.003855, 0.722187, 0.0, 0.0, 0.0, 1.0],
                [1.0, 0.000643, 1e-06, 0.000313, -1e-06, 0.003855, -0.999992, 0.003359, -0.000643, 0.999992, 0.003855, 0.722364, 0.0, 0.0, 0.0, 1.0],
                [1.0, 0.000644, 1e-06, 0.000314, -1e-06, 0.003855, -0.999992, 0.003434, -0.000644, 0.999992, 0.003855, 0.722539, 0.0, 0.0, 0.0, 1.0],
                [0.999999, 0.000646, 2e-06, 0.000315, -1e-06, 0.003854, -0.999992, 0.003508, -0.000646, 0.999992, 0.003854, 0.722712, 0.0, 0.0, 0.0, 1.0],
                [1.0, 0.000647, 1e-06, 0.000315, -2e-06, 0.003854, -0.999992, 0.003583, -0.000647, 0.999992, 0.003854, 0.72288, 0.0, 0.0, 0.0, 1.0],
                [0.999999, 0.000649, 1e-06, 0.000316, -2e-06, 0.003854, -0.999992, 0.003658, -0.000649, 0.999992, 0.003854, 0.723047, 0.0, 0.0, 0.0, 1.0],
                [1.0, 0.00065, 1e-06, 0.000316, -1e-06, 0.003854, -0.999992, 0.003734, -0.00065, 0.999992, 0.003854, 0.723212, 0.0, 0.0, 0.0, 1.0],
                [1.0, 0.000652, 1e-06, 0.000317, -2e-06, 0.003854, -0.999992, 0.003812, -0.000652, 0.999992, 0.003854, 0.723375, 0.0, 0.0, 0.0, 1.0],
                [0.999999, 0.000653, 1e-06, 0.000318, -1e-06, 0.003853, -0.999992, 0.003891, -0.000653, 0.999992, 0.003853, 0.723536, 0.0, 0.0, 0.0, 1.0],
                [0.999999, 0.000655, 1e-06, 0.000318, -2e-06, 0.003853, -0.999992, 0.003972, -0.000655, 0.999992, 0.003853, 0.723696, 0.0, 0.0, 0.0, 1.0],
                [0.999999, 0.000656, 1e-06, 0.000319, -1e-06, 0.003853, -0.999992, 0.004055, -0.000656, 0.999992, 0.003853, 0.723854, 0.0, 0.0, 0.0, 1.0],
                [0.999999, 0.000657, 2e-06, 0.00032, -1e-06, 0.003853, -0.999992, 0.004141, -0.000657, 0.999992, 0.003853, 0.724011, 0.0, 0.0, 0.0, 1.0],
                [1.0, 0.000658, 1e-06, 0.00032, -2e-06, 0.003852, -0.999992, 0.004216, -0.000658, 0.999992, 0.003852, 0.724158, 0.0, 0.0, 0.0, 1.0],
                [1.0, 0.000659, 1e-06, 0.000321, -2e-06, 0.003852, -0.999992, 0.004269, -0.000659, 0.999992, 0.003852, 0.724286, 0.0, 0.0, 0.0, 1.0],
                [1.0, 0.00066, 1e-06, 0.000321, -2e-06, 0.003852, -0.999992, 0.0043, -0.00066, 0.999992, 0.003852, 0.724394, 0.0, 0.0, 0.0, 1.0],
                [1.0, 0.000661, 1e-06, 0.000321, -2e-06, 0.003852, -0.999992, 0.004309, -0.000661, 0.999992, 0.003852, 0.724482, 0.0, 0.0, 0.0, 1.0],
                [1.0, 0.000661, 2e-06, 0.000322, -1e-06, 0.003852, -0.999992, 0.004297, -0.000661, 0.999992, 0.003852, 0.724549, 0.0, 0.0, 0.0, 1.0],
                [1.0, 0.000662, 1e-06, 0.000322, -2e-06, 0.003852, -0.999992, 0.004264, -0.000662, 0.999992, 0.003852, 0.724596, 0.0, 0.0, 0.0, 1.0],
                [1.0, 0.000662, 1e-06, 0.000322, -1e-06, 0.003852, -0.999992, 0.004211, -0.000662, 0.999992, 0.003852, 0.724621, 0.0, 0.0, 0.0, 1.0],
                [1.0, 0.000662, 2e-06, 0.000322, -1e-06, 0.003852, -0.999992, 0.004138, -0.000663, 0.999992, 0.003852, 0.724625, 0.0, 0.0, 0.0, 1.0],
                [1.0, 0.000663, 1e-06, 0.000322, -2e-06, 0.003851, -0.999992, 0.004046, -0.000663, 0.999992, 0.003851, 0.724607, 0.0, 0.0, 0.0, 1.0],
                [1.0, 0.000662, 1e-06, 0.000322, -1e-06, 0.003851, -0.999992, 0.003936, -0.000662, 0.999992, 0.003851, 0.724566, 0.0, 0.0, 0.0, 1.0],
                [1.0, 0.000662, 1e-06, 0.000322, -2e-06, 0.003851, -0.999992, 0.003806, -0.000662, 0.999992, 0.003851, 0.724502, 0.0, 0.0, 0.0, 1.0],
                [1.0, 0.000662, 1e-06, 0.000322, -1e-06, 0.003852, -0.999992, 0.00366, -0.000662, 0.999992, 0.003852, 0.724415, 0.0, 0.0, 0.0, 1.0],
                [1.0, 0.000662, 2e-06, 0.000322, -1e-06, 0.003852, -0.999992, 0.003495, -0.000662, 0.999992, 0.003852, 0.724305, 0.0, 0.0, 0.0, 1.0],
                [1.0, 0.000661, 1e-06, 0.000322, -2e-06, 0.003852, -0.999992, 0.003314, -0.000661, 0.999992, 0.003852, 0.72417, 0.0, 0.0, 0.0, 1.0],
                [1.0, 0.00066, 1e-06, 0.000321, -2e-06, 0.003852, -0.999992, 0.003117, -0.00066, 0.999992, 0.003852, 0.724012, 0.0, 0.0, 0.0, 1.0],
                [1.0, 0.000659, 1e-06, 0.000321, -2e-06, 0.003852, -0.999992, 0.002903, -0.000659, 0.999992, 0.003852, 0.723827, 0.0, 0.0, 0.0, 1.0],
                [1.0, 0.000658, 2e-06, 0.00032, -1e-06, 0.003852, -0.999992, 0.002674, -0.000658, 0.999992, 0.003852, 0.723619, 0.0, 0.0, 0.0, 1.0],
                [1.0, 0.000657, 2e-06, 0.00032, -1e-06, 0.003852, -0.999992, 0.002431, -0.000657, 0.999992, 0.003852, 0.723384, 0.0, 0.0, 0.0, 1.0],
                [1.0, 0.000656, 1e-06, 0.000319, -2e-06, 0.003853, -0.999992, 0.002172, -0.000656, 0.999992, 0.003853, 0.723123, 0.0, 0.0, 0.0, 1.0],
                [1.0, 0.000655, 1e-06, 0.000319, -1e-06, 0.003853, -0.999992, 0.001898, -0.000655, 0.999992, 0.003853, 0.722834, 0.0, 0.0, 0.0, 1.0],
                [1.0, 0.000654, 1e-06, 0.000318, -1e-06, 0.003853, -0.999992, 0.001615, -0.000654, 0.999992, 0.003853, 0.722522, 0.0, 0.0, 0.0, 1.0],
                [1.0, 0.000653, 1e-06, 0.000318, -1e-06, 0.003853, -0.999992, 0.001316, -0.000653, 0.999992, 0.003853, 0.722181, 0.0, 0.0, 0.0, 1.0],
                [1.0, 0.000651, 1e-06, 0.000317, -1e-06, 0.003853, -0.999992, 0.001279, -0.000651, 0.999992, 0.003853, 0.721997, 0.0, 0.0, 0.0, 1.0],
                [1.0, 0.00065, 1e-06, 0.000316, -2e-06, 0.003854, -0.999992, 0.001256, -0.00065, 0.999992, 0.003854, 0.721783, 0.0, 0.0, 0.0, 1.0],
                [0.999999, 0.000649, 1e-06, 0.000316, -2e-06, 0.003854, -0.999992, 0.001248, -0.000649, 0.999992, 0.003854, 0.721546, 0.0, 0.0, 0.0, 1.0],
                [1.0, 0.000647, 1e-06, 0.000315, -1e-06, 0.003854, -0.999992, 0.001252, -0.000647, 0.999992, 0.003854, 0.721287, 0.0, 0.0, 0.0, 1.0],
                [1.0, 0.000646, 1e-06, 0.000314, -1e-06, 0.003854, -0.999992, 0.001267, -0.000646, 0.999992, 0.003854, 0.721011, 0.0, 0.0, 0.0, 1.0],
                [1.0, 0.000644, 1e-06, 0.000314, -1e-06, 0.003855, -0.999992, 0.001292, -0.000644, 0.999992, 0.003855, 0.720723, 0.0, 0.0, 0.0, 1.0],
                [1.0, 0.000643, 1e-06, 0.000313, -1e-06, 0.003855, -0.999992, 0.001325, -0.000643, 0.999992, 0.003855, 0.720426, 0.0, 0.0, 0.0, 1.0],
                [1.0, 0.000642, 1e-06, 0.000312, -1e-06, 0.003855, -0.999992, 0.001365, -0.000642, 0.999992, 0.003855, 0.720124, 0.0, 0.0, 0.0, 1.0],
                [1.0, 0.00064, 1e-06, 0.000312, -2e-06, 0.003855, -0.999992, 0.001412, -0.00064, 0.999992, 0.003855, 0.719823, 0.0, 0.0, 0.0, 1.0],
                [1.0, 0.000639, 1e-06, 0.000311, -1e-06, 0.003855, -0.999992, 0.001463, -0.000639, 0.999992, 0.003855, 0.719525, 0.0, 0.0, 0.0, 1.0],
                [1.0, 0.000638, 1e-06, 0.000311, -1e-06, 0.003856, -0.999992, 0.001517, -0.000638, 0.999992, 0.003856, 0.719234, 0.0, 0.0, 0.0, 1.0],
                [1.0, 0.000637, 1e-06, 0.00031, -2e-06, 0.003856, -0.999992, 0.001574, -0.000637, 0.999992, 0.003856, 0.718955, 0.0, 0.0, 0.0, 1.0],
                [1.0, 0.000635, 1e-06, 0.00031, -1e-06, 0.003855, -0.999992, 0.001632, -0.000635, 0.999992, 0.003855, 0.71869, 0.0, 0.0, 0.0, 1.0],
                [1.0, 0.000634, 1e-06, 0.000309, -1e-06, 0.003856, -0.999992, 0.001689, -0.000634, 0.999992, 0.003856, 0.718447, 0.0, 0.0, 0.0, 1.0],
                [1.0, 0.000634, 1e-06, 0.000309, -2e-06, 0.003856, -0.999992, 0.001744, -0.000634, 0.999992, 0.003856, 0.718228, 0.0, 0.0, 0.0, 1.0],
                [1.0, 0.000633, 1e-06, 0.000308, -1e-06, 0.003856, -0.999992, 0.001796, -0.000633, 0.999992, 0.003856, 0.718035, 0.0, 0.0, 0.0, 1.0],
                [1.0, 0.000632, 1e-06, 0.000308, -1e-06, 0.003856, -0.999992, 0.001844, -0.000632, 0.999992, 0.003856, 0.717875, 0.0, 0.0, 0.0, 1.0]
            ]
        },
        {
            "name": "Thigh_R",
            "time": [0.0, 0.0333, 0.0667, 0.1, 0.1333, 0.1667, 0.2, 0.2333, 0.2667, 0.3, 0.3333, 0.3667, 0.4, 0.4333, 0.4667, 0.5, 0.5333, 0.5667, 0.6, 0.6333, 0.6667, 0.7, 0.7333, 0.7667, 0.8, 0.8333, 0.8667, 0.9, 0.9333, 0.9667, 1.0, 1.0333, 1.0667, 1.1, 1.1333, 1.1667, 1.2, 1.2333, 1.2667, 1.3, 1.3333, 1.3667, 1.4, 1.4333, 1.4667, 1.5, 1.5333, 1.5667, 1.6, 1.6333, 1.6667, 1.7, 1.7333, 1.7667, 1.8, 1.8333, 1.8667, 1.9, 1.9333, 1.9667, 2.0, 2.0333, 2.0667, 2.1, 2.1333, 2.1667, 2.2, 2.2333, 2.2667, 2.3, 2.3333, 2.3667, 2.4, 2.4333, 2.4667, 2.5, 2.5333, 2.5667, 2.6, 2.6333, 2.6667, 2.7, 2.7333, 2.7667, 2.8, 2.8333, 2.8667, 2.9, 2.9333, 2.9667, 3.0],
            "transform": [
                [0.86051, 0.267309, 0.43366, 0.102516, 0.232826, -0.963536, 0.131915, 0.000325, 0.453103, -0.012547, -0.891369, -0.013088, 0.0, 0.0, 0.0, 1.0],
                [0.860707, 0.26732, 0.43326, 0.102516, 0.232709, -0.963528, 0.132184, 0.000325, 0.452788, -0.012949, -0.891524, -0.013088, 0.0, 0.0, 0.0, 1.0],
                [0.860924, 0.267271, 0.432862, 0.102516, 0.232539, -0.963535, 0.132423, 0.000325, 0.452465, -0.013349, -0.891682, -0.013088, 0.0, 0.0, 0.0, 1.0],
                [0.861155, 0.267166, 0.432466, 0.102517, 0.232324, -0.963559, 0.132629, 0.000325, 0.452135, -0.013742, -0.891843, -0.013088, 0.0, 0.0, 0.0, 1.0],
                [0.861399, 0.267011, 0.432075, 0.102517, 0.232069, -0.963596, 0.132802, 0.000325, 0.4518, -0.014125, -0.892007, -0.013088, 0.0, 0.0, 0.0, 1.0],
                [0.861653, 0.266812, 0.431691, 0.102516, 0.231783, -0.963646, 0.132943, 0.000325, 0.451461, -0.014492, -0.892172, -0.013088, 0.0, 0.0, 0.0, 1.0],
                [0.861915, 0.266574, 0.431313, 0.102517, 0.231471, -0.963707, 0.133048, 0.000325, 0.451121, -0.01484, -0.892339, -0.013088, 0.0, 0.0, 0.0, 1.0],
                [0.862184, 0.266303, 0.430945, 0.102517, 0.231138, -0.963777, 0.133119, 0.000325, 0.450779, -0.015165, -0.892506, -0.013088, 0.0, 0.0, 0.0, 1.0],
                [0.862454, 0.266003, 0.430588, 0.102516, 0.230792, -0.963855, 0.133154, 0.000325, 0.450437, -0.015463, -0.892673, -0.013088, 0.0, 0.0, 0.0, 1.0],
                [0.862726, 0.26568, 0.430242, 0.102516, 0.230439, -0.96394, 0.133152, 0.000325, 0.450096, -0.015729, -0.892841, -0.013088, 0.0, 0.0, 0.0, 1.0],
                [0.862998, 0.26534, 0.429909, 0.102517, 0.230086, -0.964029, 0.133113, 0.000325, 0.449759, -0.015961, -0.893007, -0.013088, 0.0, 0.0, 0.0, 1.0],
                [0.863264, 0.264988, 0.429591, 0.102517, 0.229737, -0.964123, 0.133037, 0.000325, 0.449425, -0.016153, -0.893171, -0.013088, 0.0, 0.0, 0.0, 1.0],
                [0.863524, 0.26463, 0.429289, 0.102516, 0.229402, -0.964219, 0.132921, 0.000325, 0.449097, -0.016301, -0.893334, -0.013088, 0.0, 0.0, 0.0, 1.0],
                [0.863775, 0.264271, 0.429004, 0.102517, 0.229085, -0.964316, 0.132767, 0.000325, 0.448775, -0.016402, -0.893493, -0.013088, 0.0, 0.0, 0.0, 1.0],
                [0.864016, 0.263916, 0.428739, 0.102517, 0.228792, -0.964412, 0.132572, 0.000325, 0.448462, -0.016452, -0.89365, -0.013088, 0.0, 0.0, 0.0, 1.0],
                [0.864242, 0.263572, 0.428493, 0.102516, 0.228531, -0.964506, 0.132335, 0.000325, 0.448158, -0.016446, -0.893802, -0.013088, 0.0, 0.0, 0.0, 1.0],
                [0.864455, 0.263242, 0.428271, 0.102517, 0.228307, -0.964596, 0.132058, 0.000325, 0.447866, -0.016381, -0.89395, -0.013088, 0.0, 0.0, 0.0, 1.0],
                [0.864647, 0.262934, 0.42807, 0.102516, 0.228128, -0.964683, 0.131737, 0.000325, 0.447585, -0.016252, -0.894093, -0.013088, 0.0, 0.0, 0.0, 1.0],
                [0.864819, 0.262652, 0.427895, 0.102517, 0.227998, -0.964764, 0.131374, 0.000325, 0.447317, -0.016056, -0.894231, -0.013088, 0.0, 0.0, 0.0, 1.0],
                [0.864969, 0.262402, 0.427746, 0.102517, 0.227926, -0.964836, 0.130967, 0.000325, 0.447065, -0.015788, -0.894361, -0.013088, 0.0, 0.0, 0.0, 1.0],
                [0.865092, 0.262189, 0.427625, 0.102517, 0.227917, -0.9649, 0.130514, 0.000325, 0.446829, -0.015444, -0.894486, -0.013088, 0.0, 0.0, 0.0, 1.0],
                [0.865199, 0.261975, 0.427541, 0.102517, 0.22795, -0.964965, 0.129973, 0.000325, 0.446606, -0.014994, -0.894605, -0.013088, 0.0, 0.0, 0.0, 1.0],
                [0.865296, 0.26172, 0.427501, 0.102517, 0.228001, -0.965042, 0.129303, 0.000325, 0.446392, -0.014415, -0.894721, -0.013088, 0.0, 0.0, 0.0, 1.0],
                [0.865136, 0.261425, 0.428006, 0.102517, 0.228007, -0.965133, 0.128613, 0.000325, 0.4467, -0.013679, -0.894579, -0.013088, 0.0, 0.0, 0.0, 1.0],
                [0.86495, 0.261093, 0.428584, 0.102517, 0.228021, -0.965234, 0.127825, 0.000325, 0.447053, -0.012836, -0.894415, -0.013088, 0.0, 0.0, 0.0, 1.0],
                [0.86474, 0.260732, 0.429226, 0.102517, 0.228045, -0.965344, 0.126953, 0.000325, 0.447446, -0.011899, -0.894231, -0.013088, 0.0, 0.0, 0.0, 1.0],
                [0.864508, 0.260346, 0.429928, 0.102517, 0.228077, -0.965461, 0.126007, 0.000325, 0.447878, -0.010878, -0.894028, -0.013088, 0.0, 0.0, 0.0, 1.0],
                [0.864254, 0.25994, 0.430684, 0.102516, 0.228117, -0.965581, 0.125003, 0.000325, 0.448348, -0.009788, -0.893805, -0.013088, 0.0, 0.0, 0.0, 1.0],
                [0.863979, 0.259521, 0.431488, 0.102517, 0.228168, -0.965706, 0.12395, 0.000325, 0.448851, -0.008638, -0.893564, -0.013088, 0.0, 0.0, 0.0, 1.0],
                [0.863684, 0.259092, 0.432335, 0.102517, 0.228228, -0.96583, 0.122861, 0.000325, 0.449388, -0.007442, -0.893305, -0.013088, 0.0, 0.0, 0.0, 1.0],
                [0.863371, 0.25866, 0.433218, 0.102517, 0.228297, -0.965954, 0.12175, 0.000325, 0.449955, -0.006213, -0.893029, -0.013088, 0.0, 0.0, 0.0, 1.0],
                [0.86304, 0.258231, 0.434133, 0.102517, 0.228376, -0.966076, 0.120627, 0.000325, 0.450549, -0.00496, -0.892737, -0.013088, 0.0, 0.0, 0.0, 1.0],
                [0.862691, 0.257811, 0.435073, 0.102517, 0.228466, -0.966195, 0.119506, 0.000325, 0.451169, -0.003697, -0.89243, -0.013088, 0.0, 0.0, 0.0, 1.0],
                [0.862328, 0.257403, 0.436034, 0.102517, 0.228567, -0.966307, 0.118398, 0.000325, 0.451813, -0.002435, -0.892109, -0.013088, 0.0, 0.0, 0.0, 1.0],
                [0.86195, 0.257015, 0.437009, 0.102516, 0.228677, -0.966413, 0.117318, 0.000325, 0.452477, -0.001188, -0.891774, -0.013088, 0.0, 0.0, 0.0, 1.0],
                [0.861559, 0.256653, 0.437993, 0.102517, 0.228799, -0.96651, 0.116275, 0.000325, 0.453161, 3.4e-05, -0.891428, -0.013088, 0.0, 0.0, 0.0, 1.0],
                [0.861155, 0.256321, 0.438981, 0.102517, 0.228932, -0.966597, 0.115284, 0.000325, 0.453861, 0.00122, -0.891071, -0.013088, 0.0, 0.0, 0.0, 1.0],
                [0.860739, 0.256027, 0.439965, 0.102517, 0.229077, -0.966674, 0.114356, 0.000325, 0.454575, 0.002355, -0.890705, -0.013088, 0.0, 0.0, 0.0, 1.0],
                [0.860319, 0.255744, 0.440951, 0.102517, 0.229222, -0.966745, 0.113458, 0.000325, 0.455297, 0.003466, -0.890332, -0.013088, 0.0, 0.0, 0.0, 1.0],
                [0.859902, 0.255446, 0.441937, 0.102517, 0.229357, -0.966819, 0.112549, 0.000325, 0.456017, 0.00458, -0.889959, -0.013088, 0.0, 0.0, 0.0, 1.0],
                [0.859488, 0.255134, 0.44292, 0.102517, 0.229481, -0.966896, 0.111637, 0.000325, 0.456734, 0.005692, -0.889584, -0.013088, 0.0, 0.0, 0.0, 1.0],
                [0.85908, 0.254812, 0.443896, 0.102517, 0.229594, -0.966973, 0.110725, 0.000325, 0.457444, 0.006794, -0.889212, -0.013088, 0.0, 0.0, 0.0, 1.0],
                [0.85868, 0.254481, 0.44486, 0.102516, 0.229696, -0.967052, 0.109822, 0.000325, 0.458144, 0.007881, -0.888842, -0.013088, 0.0, 0.0, 0.0, 1.0],
                [0.858285, 0.254142, 0.445814, 0.102517, 0.229787, -0.967131, 0.108926, 0.000325, 0.458837, 0.008953, -0.888475, -0.013088, 0.0, 0.0, 0.0, 1.0],
                [0.857907, 0.253805, 0.446734, 0.102517, 0.229865, -0.96721, 0.108059, 0.000325, 0.459505, 0.009984, -0.888118, -0.013088, 0.0, 0.0, 0.0, 1.0],
                [0.857538, 0.253465, 0.447634, 0.102517, 0.229933, -0.967289, 0.107212, 0.000325, 0.46016, 0.010988, -0.887767, -0.013088, 0.0, 0.0, 0.0, 1.0],
                [0.857182, 0.253126, 0.448506, 0.102517, 0.229988, -0.967366, 0.106395, 0.000325, 0.460794, 0.011951, -0.887426, -0.013088, 0.0, 0.0, 0.0, 1.0],
                [0.856843, 0.252793, 0.449341, 0.102517, 0.23003, -0.967441, 0.105614, 0.000325, 0.461404, 0.012868, -0.887096, -0.013088, 0.0, 0.0, 0.0, 1.0],
                [0.856521, 0.252467, 0.450139, 0.102517, 0.23006, -0.967514, 0.104875, 0.000325, 0.461987, 0.013732, -0.88678, -0.013088, 0.0, 0.0, 0.0, 1.0],
                [0.856218, 0.252151, 0.450892, 0.102516, 0.230078, -0.967585, 0.104183, 0.000325, 0.46254, 0.014537, -0.886478, -0.013088, 0.0, 0.0, 0.0, 1.0],
                [0.855935, 0.251848, 0.451598, 0.102517, 0.230082, -0.967653, 0.103544, 0.000325, 0.463061, 0.015278, -0.886194, -0.013088, 0.0, 0.0, 0.0, 1.0],
                [0.855674, 0.25156, 0.452252, 0.102517, 0.230073, -0.967716, 0.102964, 0.000325, 0.463547, 0.015947, -0.885928, -0.013088, 0.0, 0.0, 0.0, 1.0],
                [0.855438, 0.251291, 0.452848, 0.102517, 0.230051, -0.967777, 0.102449, 0.000325, 0.463994, 0.01654, -0.885683, -0.013088, 0.0, 0.0, 0.0, 1.0],
                [0.855227, 0.251043, 0.453384, 0.102517, 0.230015, -0.967832, 0.102004, 0.000325, 0.4644, 0.017049, -0.885461, -0.013088, 0.0, 0.0, 0.0, 1.0],
                [0.855043, 0.250819, 0.453853, 0.102517, 0.229965, -0.967883, 0.101635, 0.000325, 0.464763, 0.017468, -0.885262, -0.013088, 0.0, 0.0, 0.0, 1.0],
                [0.854889, 0.250622, 0.454253, 0.102517, 0.229902, -0.967928, 0.101348, 0.000325, 0.465078, 0.017792, -0.88509, -0.013088, 0.0, 0.0, 0.0, 1.0],
                [0.854766, 0.250454, 0.454578, 0.102516, 0.229824, -0.967967, 0.10115, 0.000325, 0.465344, 0.018014, -0.884946, -0.013088, 0.0, 0.0, 0.0, 1.0],
                [0.854674, 0.250318, 0.454824, 0.102517, 0.229731, -0.968001, 0.101044, 0.000325, 0.465557, 0.018128, -0.884832, -0.013088, 0.0, 0.0, 0.0, 1.0],
                [0.854617, 0.250216, 0.454988, 0.102517, 0.229623, -0.968027, 0.101036, 0.000325, 0.465714, 0.018129, -0.884748, -0.013088, 0.0, 0.0, 0.0, 1.0],
                [0.854596, 0.250152, 0.455063, 0.102517, 0.229501, -0.968045, 0.101134, 0.000325, 0.465814, 0.018009, -0.884699, -0.013088, 0.0, 0.0, 0.0, 1.0],
                [0.854612, 0.250128, 0.455045, 0.102517, 0.229364, -0.968056, 0.101343, 0.000325, 0.465852, 0.017762, -0.884684, -0.013088, 0.0, 0.0, 0.0, 1.0],
                [0.85467, 0.250188, 0.454904, 0.102517, 0.229197, -0.96805, 0.101782, 0.000325, 0.465828, 0.017273, -0.884706, -0.013088, 0.0, 0.0, 0.0, 1.0],
                [0.85477, 0.250367, 0.454617, 0.102517, 0.228995, -0.968018, 0.102537, 0.000325, 0.465743, 0.016459, -0.884767, -0.013088, 0.0, 0.0, 0.0, 1.0],
                [0.85491, 0.25065, 0.454198, 0.102517, 0.228768, -0.967962, 0.103565, 0.000325, 0.465599, 0.015367, -0.884862, -0.013088, 0.0, 0.0, 0.0, 1.0],
                [0.855083, 0.251025, 0.453664, 0.102517, 0.228524, -0.967884, 0.104817, 0.000325, 0.465401, 0.014046, -0.884988, -0.013088, 0.0, 0.0, 0.0, 1.0],
                [0.855285, 0.251479, 0.453031, 0.102517, 0.228273, -0.967788, 0.106248, 0.000325, 0.465151, 0.012543, -0.885142, -0.013088, 0.0, 0.0, 0.0, 1.0],
                [0.855512, 0.251995, 0.452315, 0.102517, 0.228025, -0.967674, 0.107812, 0.000325, 0.464855, 0.010905, -0.885319, -0.013088, 0.0, 0.0, 0.0, 1.0],
                [0.855759, 0.252563, 0.451532, 0.102517, 0.22779, -0.967544, 0.109463, 0.000325, 0.464517, 0.00918, -0.885516, -0.013088, 0.0, 0.0, 0.0, 1.0],
                [0.85602, 0.253167, 0.450697, 0.102517, 0.227578, -0.9674, 0.111155, 0.000325, 0.464139, 0.007417, -0.88573, -0.013088, 0.0, 0.0, 0.0, 1.0],
                [0.856291, 0.253796, 0.449828, 0.102517, 0.227396, -0.967249, 0.112843, 0.000325, 0.463727, 0.005663, -0.885959, -0.013088, 0.0, 0.0, 0.0, 1.0],
                [0.856568, 0.254435, 0.448938, 0.102517, 0.227257, -0.967088, 0.114479, 0.000325, 0.463284, 0.003965, -0.8862, -0.013088, 0.0, 0.0, 0.0, 1.0],
                [0.856847, 0.255077, 0.448042, 0.102517, 0.227169, -0.966924, 0.116029, 0.000325, 0.462813, 0.002362, -0.886452, -0.013088, 0.0, 0.0, 0.0, 1.0],
                [0.857117, 0.255697, 0.447171, 0.102516, 0.227142, -0.966763, 0.117417, 0.000325, 0.462325, 0.000931, -0.886709, -0.013088, 0.0, 0.0, 0.0, 1.0],
                [0.857379, 0.256294, 0.446325, 0.102517, 0.227185, -0.966606, 0.118626, 0.000325, 0.461817, -0.000309, -0.886974, -0.013088, 0.0, 0.0, 0.0, 1.0],
                [0.857629, 0.256899, 0.445496, 0.102517, 0.227305, -0.966444, 0.119708, 0.000325, 0.461294, -0.001401, -0.887245, -0.013088, 0.0, 0.0, 0.0, 1.0],
                [0.857867, 0.257548, 0.444662, 0.102517, 0.227495, -0.966269, 0.120753, 0.000325, 0.460756, -0.002432, -0.887523, -0.013088, 0.0, 0.0, 0.0, 1.0],
                [0.858094, 0.258235, 0.443824, 0.102517, 0.227748, -0.966083, 0.121763, 0.000325, 0.460208, -0.003404, -0.887804, -0.013088, 0.0, 0.0, 0.0, 1.0],
                [0.858311, 0.258951, 0.442988, 0.102517, 0.228054, -0.965888, 0.122735, 0.000325, 0.459653, -0.00432, -0.888087, -0.013088, 0.0, 0.0, 0.0, 1.0],
                [0.858517, 0.259688, 0.442156, 0.102517, 0.228404, -0.965685, 0.123672, 0.000325, 0.459093, -0.005184, -0.888372, -0.013088, 0.0, 0.0, 0.0, 1.0],
                [0.858714, 0.260438, 0.441331, 0.102517, 0.22879, -0.965478, 0.12457, 0.000325, 0.458532, -0.005998, -0.888657, -0.013088, 0.0, 0.0, 0.0, 1.0],
                [0.858904, 0.261193, 0.440516, 0.102517, 0.229202, -0.965269, 0.125431, 0.000325, 0.457972, -0.006766, -0.88894, -0.013088, 0.0, 0.0, 0.0, 1.0],
                [0.859085, 0.261947, 0.439715, 0.102517, 0.229631, -0.96506, 0.126253, 0.000325, 0.457417, -0.00749, -0.88922, -0.013088, 0.0, 0.0, 0.0, 1.0],
                [0.85926, 0.262689, 0.43893, 0.102517, 0.230069, -0.964852, 0.127039, 0.000325, 0.456869, -0.008175, -0.889496, -0.013088, 0.0, 0.0, 0.0, 1.0],
                [0.859427, 0.263413, 0.438167, 0.102517, 0.230508, -0.964649, 0.127785, 0.000325, 0.456331, -0.008822, -0.889765, -0.013088, 0.0, 0.0, 0.0, 1.0],
                [0.859589, 0.264112, 0.437426, 0.102517, 0.230937, -0.964454, 0.128493, 0.000325, 0.455806, -0.009434, -0.890028, -0.013088, 0.0, 0.0, 0.0, 1.0],
                [0.859749, 0.264775, 0.436712, 0.102517, 0.231348, -0.964265, 0.129163, 0.000325, 0.455299, -0.010015, -0.890281, -0.013088, 0.0, 0.0, 0.0, 1.0],
                [0.859905, 0.265401, 0.436024, 0.102516, 0.231734, -0.964086, 0.129796, 0.000325, 0.454807, -0.010571, -0.890527, -0.013088, 0.0, 0.0, 0.0, 1.0],
                [0.860057, 0.265969, 0.435378, 0.102517, 0.232081, -0.963924, 0.130383, 0.000325, 0.454343, -0.011094, -0.890757, -0.013088, 0.0, 0.0, 0.0, 1.0],
                [0.860208, 0.266484, 0.434764, 0.102516, 0.232385, -0.963776, 0.130934, 0.000325, 0.453901, -0.011598, -0.890976, -0.013088, 0.0, 0.0, 0.0, 1.0],
                [0.860359, 0.266933, 0.43419, 0.102517, 0.232637, -0.963646, 0.131444, 0.000325, 0.453486, -0.012081, -0.891181, -0.013088, 0.0, 0.0, 0.0, 1.0],
                [0.86051, 0.267309, 0.43366, 0.102516, 0.232826, -0.963536, 0.131915, 0.000325, 0.453103, -0.012547, -0.891369, -0.013088, 0.0, 0.0, 0.0, 1.0]
            ]
        },
        {
            "name": "Leg_R",
            "time": [0.0, 0.0333, 0.0667, 0.1, 0.1333, 0.1667, 0.2, 0.2333, 0.2667, 0.3, 0.3333, 0.3667, 0.4, 0.4333, 0.4667, 0.5, 0.5333, 0.5667, 0.6, 0.6333, 0.6667, 0.7, 0.7333, 0.7667, 0.8, 0.8333, 0.8667, 0.9, 0.9333, 0.9667, 1.0, 1.0333, 1.0667, 1.1, 1.1333, 1.1667, 1.2, 1.2333, 1.2667, 1.3, 1.3333, 1.3667, 1.4, 1.4333, 1.4667, 1.5, 1.5333, 1.5667, 1.6, 1.6333, 1.6667, 1.7, 1.7333, 1.7667, 1.8, 1.8333, 1.8667, 1.9, 1.9333, 1.9667, 2.0, 2.0333, 2.0667, 2.1, 2.1333, 2.1667, 2.2, 2.2333, 2.2667, 2.3, 2.3333, 2.3667, 2.4, 2.4333, 2.4667, 2.5, 2.5333, 2.5667, 2.6, 2.6333, 2.6667, 2.7, 2.7333, 2.7667, 2.8, 2.8333, 2.8667, 2.9, 2.9333, 2.9667, 3.0],
            "transform": [
                [0.999996, -0.001635, 0.001071, 0.0, 0.001068, 0.916077, 0.401003, 0.37472, -0.001637, -0.401001, 0.916076, 0.0, 0.0, 0.0, 0.0, 1.0],
                [0.999996, -0.001636, 0.00107, 0.0, 0.001068, 0.915617, 0.402051, 0.37472, -0.001638, -0.402049, 0.915617, 0.0, 0.0, 0.0, 0.0, 1.0],
                [0.999996, -0.001637, 0.001069, 0.0, 0.001067, 0.915159, 0.403092, 0.37472, -0.001638, -0.403091, 0.915159, -0.0, 0.0, 0.0, 0.0, 1.0],
                [0.999996, -0.001637, 0.001069, -0.0, 0.001066, 0.914816, 0.403872, 0.37472, -0.001639, -0.403871, 0.914814, 0.0, 0.0, 0.0, 0.0, 1.0],
                [0.999996, -0.001637, 0.001069, -0.0, 0.001066, 0.914696, 0.404142, 0.37472, -0.001639, -0.40414, 0.914696, 0.0, 0.0, 0.0, 0.0, 1.0],
                [0.999996, -0.001637, 0.001069, -0.0, 0.001066, 0.914712, 0.404105, 0.37472, -0.001639, -0.404103, 0.914712, -0.0, 0.0, 0.0, 0.0, 1.0],
                [0.999996, -0.001637, 0.001068, -0.0, 0.001066, 0.914702, 0.404128, 0.37472, -0.001639, -0.404127, 0.914702, 0.0, 0.0, 0.0, 0.0, 1.0],
                [0.999996, -0.001637, 0.001068, 0.0, 0.001066, 0.914673, 0.404194, 0.37472, -0.001639, -0.404193, 0.914672, -0.0, 0.0, 0.0, 0.0, 1.0],
                [0.999996, -0.001637, 0.001068, -0.0, 0.001065, 0.914632, 0.404287, 0.37472, -0.001639, -0.404286, 0.914632, -0.0, 0.0, 0.0, 0.0, 1.0],
                [0.999995, -0.001637, 0.001068, -0.0, 0.001065, 0.914586, 0.404392, 0.37472, -0.001639, -0.40439, 0.914586, -0.0, 0.0, 0.0, 0.0, 1.0],
                [0.999996, -0.001637, 0.001068, 0.0, 0.001065, 0.91454, 0.404496, 0.37472, -0.001639, -0.404494, 0.914539, 0.0, 0.0, 0.0, 0.0, 1.0],
                [0.999996, -0.001638, 0.001068, 0.0, 0.001066, 0.914502, 0.404582, 0.37472, -0.001639, -0.40458, 0.914502, -0.0, 0.0, 0.0, 0.0, 1.0],
                [0.999996, -0.001638, 0.001068, -0.0, 0.001065, 0.914479, 0.404634, 0.37472, -0.00164, -0.404632, 0.914478, -0.0, 0.0, 0.0, 0.0, 1.0],
                [0.999995, -0.001637, 0.001068, -0.0, 0.001065, 0.914477, 0.404638, 0.37472, -0.001639, -0.404637, 0.914476, 0.0, 0.0, 0.0, 0.0, 1.0],
                [0.999995, -0.001638, 0.001068, 0.0, 0.001066, 0.914503, 0.404579, 0.37472, -0.001639, -0.404578, 0.914502, 0.0, 0.0, 0.0, 0.0, 1.0],
                [0.999996, -0.001637, 0.001068, -0.0, 0.001065, 0.914564, 0.404442, 0.37472, -0.001639, -0.404441, 0.914563, 0.0, 0.0, 0.0, 0.0, 1.0],
                [0.999997, -0.001637, 0.001069, 0.0, 0.001065, 0.914665, 0.404213, 0.37472, -0.001639, -0.404212, 0.914663, 0.0, 0.0, 0.0, 0.0, 1.0],
                [0.999996, -0.001637, 0.001069, -0.0, 0.001066, 0.914815, 0.403873, 0.37472, -0.001639, -0.403871, 0.914814, 0.0, 0.0, 0.0, 0.0, 1.0],
                [0.999996, -0.001637, 0.001069, 0.0, 0.001066, 0.91502, 0.40341, 0.37472, -0.001639, -0.403409, 0.915019, -0.0, 0.0, 0.0, 0.0, 1.0],
                [0.999996, -0.001636, 0.00107, -0.0, 0.001067, 0.915284, 0.402808, 0.37472, -0.001638, -0.402807, 0.915284, 0.0, 0.0, 0.0, 0.0, 1.0],
                [0.999996, -0.001636, 0.00107, 0.0, 0.001068, 0.915617, 0.402052, 0.37472, -0.001638, -0.40205, 0.915617, 0.0, 0.0, 0.0, 0.0, 1.0],
                [0.999995, -0.001636, 0.001071, 0.0, 0.001069, 0.916023, 0.401127, 0.37472, -0.001637, -0.401125, 0.916022, 0.0, 0.0, 0.0, 0.0, 1.0],
                [0.999996, -0.001635, 0.001072, 0.0, 0.00107, 0.916508, 0.400015, 0.37472, -0.001637, -0.400014, 0.916508, 0.0, 0.0, 0.0, 0.0, 1.0],
                [0.999996, -0.001634, 0.001073, 0.0, 0.001071, 0.91708, 0.398704, 0.37472, -0.001636, -0.398703, 0.917079, 0.0, 0.0, 0.0, 0.0, 1.0],
                [0.999996, -0.001633, 0.001075, -0.0, 0.001072, 0.917743, 0.397176, 0.37472, -0.001635, -0.397175, 0.917741, 0.0, 0.0, 0.0, 0.0, 1.0],
                [0.999996, -0.001632, 0.001076, 0.0, 0.001074, 0.918502, 0.395417, 0.37472, -0.001634, -0.395416, 0.918501, 0.0, 0.0, 0.0, 0.0, 1.0],
                [0.999996, -0.001631, 0.001078, 0.0, 0.001076, 0.919363, 0.39341, 0.37472, -0.001633, -0.393409, 0.919363, 0.0, 0.0, 0.0, 0.0, 1.0],
                [0.999996, -0.00163, 0.00108, 0.0, 0.001077, 0.920331, 0.39114, 0.37472, -0.001632, -0.391139, 0.92033, 0.0, 0.0, 0.0, 0.0, 1.0],
                [0.999996, -0.001628, 0.001082, -0.0, 0.00108, 0.921411, 0.38859, 0.37472, -0.00163, -0.388588, 0.92141, -0.0, 0.0, 0.0, 0.0, 1.0],
                [0.999995, -0.001627, 0.001085, 0.0, 0.001082, 0.922536, 0.385911, 0.37472, -0.001628, -0.38591, 0.922535, -0.0, 0.0, 0.0, 0.0, 1.0],
                [0.999997, -0.001625, 0.001087, 0.0, 0.001084, 0.923638, 0.383265, 0.37472, -0.001627, -0.383264, 0.923638, 0.0, 0.0, 0.0, 0.0, 1.0],
                [0.999996, -0.001623, 0.00109, -0.0, 0.001086, 0.924718, 0.380653, 0.37472, -0.001626, -0.380651, 0.924717, -0.0, 0.0, 0.0, 0.0, 1.0],
                [0.999996, -0.001622, 0.001092, 0.0, 0.001089, 0.925774, 0.378077, 0.37472, -0.001624, -0.378075, 0.925774, -0.0, 0.0, 0.0, 0.0, 1.0],
                [0.999996, -0.00162, 0.001094, -0.0, 0.001091, 0.926807, 0.375539, 0.37472, -0.001622, -0.375538, 0.926806, 0.0, 0.0, 0.0, 0.0, 1.0],
                [0.999996, -0.001619, 0.001096, 0.0, 0.001093, 0.927815, 0.37304, 0.37472, -0.001621, -0.373038, 0.927815, 0.0, 0.0, 0.0, 0.0, 1.0],
                [0.999996, -0.001617, 0.001098, -0.0, 0.001095, 0.928801, 0.37058, 0.37472, -0.001619, -0.370578, 0.9288, -0.0, 0.0, 0.0, 0.0, 1.0],
                [0.999996, -0.001616, 0.0011, -0.0, 0.001098, 0.929761, 0.368161, 0.37472, -0.001618, -0.368159, 0.929762, 0.0, 0.0, 0.0, 0.0, 1.0],
                [0.999996, -0.001615, 0.001102, 0.0, 0.0011, 0.930699, 0.365786, 0.37472, -0.001617, -0.365784, 0.930699, -0.0, 0.0, 0.0, 0.0, 1.0],
                [0.999996, -0.001614, 0.001104, -0.0, 0.001102, 0.931612, 0.363455, 0.37472, -0.001615, -0.363454, 0.931611, -0.0, 0.0, 0.0, 0.0, 1.0],
                [0.999996, -0.001612, 0.001106, -0.0, 0.001104, 0.932499, 0.361171, 0.37472, -0.001614, -0.361169, 0.932499, -0.0, 0.0, 0.0, 0.0, 1.0],
                [0.999996, -0.00161, 0.001108, -0.0, 0.001105, 0.933363, 0.358934, 0.37472, -0.001612, -0.358932, 0.933363, 0.0, 0.0, 0.0, 0.0, 1.0],
                [0.999996, -0.001609, 0.00111, -0.0, 0.001107, 0.934202, 0.356745, 0.37472, -0.001611, -0.356743, 0.934201, 0.0, 0.0, 0.0, 0.0, 1.0],
                [0.999996, -0.001608, 0.001112, -0.0, 0.00111, 0.935015, 0.354608, 0.37472, -0.00161, -0.354606, 0.935015, 0.0, 0.0, 0.0, 0.0, 1.0],
                [0.999996, -0.001607, 0.001114, -0.0, 0.001111, 0.935809, 0.352508, 0.37472, -0.001609, -0.352506, 0.935808, 0.0, 0.0, 0.0, 0.0, 1.0],
                [0.999996, -0.001606, 0.001116, 0.0, 0.001113, 0.936567, 0.350487, 0.37472, -0.001608, -0.350485, 0.936567, -0.0, 0.0, 0.0, 0.0, 1.0],
                [0.999996, -0.001605, 0.001117, -0.0, 0.001115, 0.937306, 0.348509, 0.37472, -0.001607, -0.348508, 0.937305, 0.0, 0.0, 0.0, 0.0, 1.0],
                [0.999996, -0.001603, 0.001119, 0.0, 0.001116, 0.938019, 0.346586, 0.37472, -0.001605, -0.346584, 0.938018, 0.0, 0.0, 0.0, 0.0, 1.0],
                [0.999996, -0.001602, 0.00112, 0.0, 0.001118, 0.938705, 0.344721, 0.37472, -0.001604, -0.344719, 0.938704, -0.0, 0.0, 0.0, 0.0, 1.0],
                [0.999996, -0.001601, 0.001122, 0.0, 0.001119, 0.939366, 0.342915, 0.37472, -0.001603, -0.342914, 0.939366, 0.0, 0.0, 0.0, 0.0, 1.0],
                [0.999996, -0.0016, 0.001124, -0.0, 0.001121, 0.940001, 0.34117, 0.37472, -0.001602, -0.341168, 0.940001, -0.0, 0.0, 0.0, 0.0, 1.0],
                [0.999996, -0.001599, 0.001125, -0.0, 0.001122, 0.940611, 0.339486, 0.37472, -0.001601, -0.339484, 0.940611, -0.0, 0.0, 0.0, 0.0, 1.0],
                [0.999997, -0.001598, 0.001126, -0.0, 0.001124, 0.941194, 0.337866, 0.37472, -0.0016, -0.337864, 0.941194, -0.0, 0.0, 0.0, 0.0, 1.0],
                [0.999996, -0.001597, 0.001128, 0.0, 0.001125, 0.941749, 0.336316, 0.37472, -0.001599, -0.336314, 0.941749, 0.0, 0.0, 0.0, 0.0, 1.0],
                [0.999996, -0.001596, 0.001129, -0.0, 0.001126, 0.942264, 0.33487, 0.37472, -0.001598, -0.334868, 0.942264, -0.0, 0.0, 0.0, 0.0, 1.0],
                [0.999996, -0.001595, 0.00113, 0.0, 0.001127, 0.942726, 0.333565, 0.37472, -0.001597, -0.333563, 0.942727, -0.0, 0.0, 0.0, 0.0, 1.0],
                [0.999996, -0.001595, 0.001131, -0.0, 0.001128, 0.943124, 0.332442, 0.37472, -0.001597, -0.33244, 0.943123, -0.0, 0.0, 0.0, 0.0, 1.0],
                [0.999996, -0.001595, 0.001132, -0.0, 0.001129, 0.943442, 0.331539, 0.37472, -0.001597, -0.331537, 0.943441, 0.0, 0.0, 0.0, 0.0, 1.0],
                [0.999995, -0.001594, 0.001132, -0.0, 0.00113, 0.943668, 0.330893, 0.37472, -0.001596, -0.330891, 0.943668, 0.0, 0.0, 0.0, 0.0, 1.0],
                [0.999996, -0.001593, 0.001132, -0.0, 0.00113, 0.943791, 0.330543, 0.37472, -0.001595, -0.330541, 0.943792, -0.0, 0.0, 0.0, 0.0, 1.0],
                [0.999996, -0.001593, 0.001132, 0.0, 0.00113, 0.943795, 0.33053, 0.37472, -0.001595, -0.330528, 0.943795, -0.0, 0.0, 0.0, 0.0, 1.0],
                [0.999996, -0.001594, 0.001132, 0.0, 0.00113, 0.943669, 0.33089, 0.37472, -0.001595, -0.330889, 0.943669, 0.0, 0.0, 0.0, 0.0, 1.0],
                [0.999995, -0.001594, 0.001131, -0.0, 0.001129, 0.943398, 0.331662, 0.37472, -0.001596, -0.33166, 0.943398, -0.0, 0.0, 0.0, 0.0, 1.0],
                [0.999996, -0.001595, 0.00113, -0.0, 0.001127, 0.942928, 0.332996, 0.37472, -0.001597, -0.332995, 0.942928, 0.0, 0.0, 0.0, 0.0, 1.0],
