{
    "animation": [
        {
            "name": "Root",
            "time": [0.0, 0.0333, 0.0667, 0.1, 0.1333, 0.1667, 0.2, 0.2333, 0.2667, 0.3, 0.3333, 0.3667, 0.4, 0.4333, 0.4667, 0.5, 0.5333, 0.5667, 0.6, 0.6333, 0.6667, 0.7, 0.7333, 0.7667, 0.8, 0.8333, 0.8667, 0.9, 0.9333, 0.9667, 1.0, 1.0333, 1.0667, 1.1, 1.1333, 1.1667, 1.2, 1.2333, 1.2667, 1.3, 1.3333, 1.3667, 1.4, 1.4333, 1.4667, 1.5, 1.5333, 1.5667, 1.6, 1.6333, 1.6667, 1.7, 1.7333, 1.7667, 1.8, 1.8333, 1.8667, 1.9, 2.1333],
            "transform": [
                [0.999991, -0.003121, 0.002786, 0.069727, 0.002794, 0.002352, -0.999993, 0.000927, 0.003114, 0.999992, 0.002361, 0.534229, 0.0, 0.0, 0.0, 1.0],
                [0.999991, -0.003047, 0.002776, 0.062524, 0.002783, 0.002448, -0.999993, 0.005955, 0.00304, 0.999992, 0.002456, 0.533493, 0.0, 0.0, 0.0, 1.0],
                [0.999992, -0.002906, 0.002763, 0.049876, 0.002771, 0.002614, -0.999992, 0.014755, 0.002898, 0.999992, 0.002622, 0.533049, 0.0, 0.0, 0.0, 1.0],
                [0.999992, -0.002718, 0.002762, 0.037245, 0.002769, 0.002811, -0.999992, 0.025448, 0.00271, 0.999992, 0.002819, 0.533085, 0.0, 0.0, 0.0, 1.0],
                [0.999993, -0.002514, 0.00277, 0.027401, 0.002778, 0.002992, -0.999991, 0.03616, 0.002506, 0.999992, 0.002999, 0.536644, 0.0, 0.0, 0.0, 1.0],
                [0.999993, -0.002325, 0.002793, 0.022576, 0.0028, 0.003143, -0.999991, 0.042453, 0.002317, 0.999992, 0.00315, 0.545165, 0.0, 0.0, 0.0, 1.0],
                [0.999994, -0.002126, 0.002825, 0.020193, 0.002832, 0.003281, -0.99999, 0.046635, 0.002117, 0.999992, 0.003287, 0.556692, 0.0, 0.0, 0.0, 1.0],
                [0.999994, -0.001902, 0.002871, 0.017938, 0.002877, 0.003414, -0.99999, 0.05696, 0.001892, 0.999992, 0.003419, 0.569752, 0.0, 0.0, 0.0, 1.0],
                [0.999994, -0.001614, 0.002951, 0.015603, 0.002957, 0.003559, -0.999989, 0.08168, 0.001603, 0.999992, 0.003564, 0.582868, 0.0, 0.0, 0.0, 1.0],
                [0.999994, -0.001235, 0.003091, 0.012905, 0.003095, 0.003708, -0.999988, 0.130642, 0.001224, 0.999992, 0.003712, 0.596041, 0.0, 0.0, 0.0, 1.0],
                [0.999994, -0.000753, 0.003331, 0.009978, 0.003333, 0.003835, -0.999987, 0.200288, 0.000741, 0.999992, 0.003837, 0.609268, 0.0, 0.0, 0.0, 1.0],
                [0.999993, -0.000162, 0.003761, 0.004859, 0.003762, 0.003905, -0.999985, 0.278754, 0.000148, 0.999992, 0.003905, 0.622549, 0.0, 0.0, 0.0, 1.0],
                [1.0, 0.000688, 2e-06, -0.002295, -1e-06, 0.003847, -0.999992, 0.364105, -0.000688, 0.999992, 0.003847, 0.640122, 0.0, 0.0, 0.0, 1.0],
                [0.999999, 0.001476, 2e-06, -0.017913, -3e-06, 0.003619, -0.999993, 0.476224, -0.001476, 0.999992, 0.003619, 0.646321, 0.0, 0.0, 0.0, 1.0],
                [0.999999, 0.001634, 3e-06, -0.062694, -3e-06, 0.00355, -0.999993, 0.676354, -0.001634, 0.999992, 0.00355, 0.583503, 0.0, 0.0, 0.0, 1.0],
                [0.999999, 0.001444, 2e-06, -0.109258, -3e-06, 0.003632, -0.999993, 0.866687, -0.001444, 0.999992, 0.003632, 0.43177, 0.0, 0.0, 0.0, 1.0],
                [0.999998, 0.002133, 4e-06, -0.12366, -3e-06, 0.003275, -0.999994, 0.940368, -0.002133, 0.999992, 0.003275, 0.396846, 0.0, 0.0, 0.0, 1.0],
                [0.999996, 0.00269, 4e-06, -0.12812, -4e-06, 0.002835, -0.999996, 0.976415, -0.00269, 0.999992, 0.002835, 0.389865, 0.0, 0.0, 0.0, 1.0],
                [0.999996, 0.002814, 4e-06, -0.131056, -4e-06, 0.002713, -0.999996, 0.990975, -0.002814, 0.999992, 0.002713, 0.386075, 0.0, 0.0, 0.0, 1.0],
                [0.999996, 0.002809, 4e-06, -0.131764, -4e-06, 0.002717, -0.999996, 0.992184, -0.002809, 0.999992, 0.002717, 0.387306, 0.0, 0.0, 0.0, 1.0],
                [0.999996, 0.002771, 4e-06, -0.129545, -4e-06, 0.002756, -0.999996, 0.990754, -0.002771, 0.999992, 0.002756, 0.390147, 0.0, 0.0, 0.0, 1.0],
                [0.999996, 0.002751, 4e-06, -0.125713, -4e-06, 0.002776, -0.999996, 0.990725, -0.002751, 0.999992, 0.002776, 0.39313, 0.0, 0.0, 0.0, 1.0],
                [0.999996, 0.002731, 4e-06, -0.12188, -4e-06, 0.002796, -0.999996, 0.989374, -0.002731, 0.999992, 0.002796, 0.396187, 0.0, 0.0, 0.0, 1.0],
                [0.999996, 0.002711, 3e-06, -0.118048, -4e-06, 0.002815, -0.999996, 0.98727, -0.002711, 0.999992, 0.002815, 0.399248, 0.0, 0.0, 0.0, 1.0],
                [0.999996, 0.002684, 4e-06, -0.114217, -4e-06, 0.00284, -0.999995, 0.984985, -0.002684, 0.999992, 0.00284, 0.402243, 0.0, 0.0, 0.0, 1.0],
                [0.999996, 0.002646, 4e-06, -0.109241, -3e-06, 0.002876, -0.999995, 0.983093, -0.002646, 0.999992, 0.002876, 0.406637, 0.0, 0.0, 0.0, 1.0],
                [0.999997, 0.002594, 4e-06, -0.103121, -3e-06, 0.002924, -0.999995, 0.982166, -0.002594, 0.999992, 0.002924, 0.413798, 0.0, 0.0, 0.0, 1.0],
                [0.999997, 0.002521, 4e-06, -0.095456, -4e-06, 0.002987, -0.999995, 0.982774, -0.002521, 0.999992, 0.002987, 0.423471, 0.0, 0.0, 0.0, 1.0],
                [0.999997, 0.002428, 4e-06, -0.086244, -4e-06, 0.003064, -0.999995, 0.985492, -0.002428, 0.999992, 0.003064, 0.437139, 0.0, 0.0, 0.0, 1.0],
                [0.999997, 0.002298, 4e-06, -0.074884, -3e-06, 0.003161, -0.999995, 0.989916, -0.002298, 0.999992, 0.003161, 0.455415, 0.0, 0.0, 0.0, 1.0],
                [0.999998, 0.002136, 3e-06, -0.061376, -4e-06, 0.003272, -0.999994, 0.99522, -0.002136, 0.999992, 0.003272, 0.47817, 0.0, 0.0, 0.0, 1.0],
                [0.999998, 0.00195, 4e-06, -0.044855, -3e-06, 0.003388, -0.999994, 1.001344, -0.00195, 0.999992, 0.003388, 0.503833, 0.0, 0.0, 0.0, 1.0],
                [0.999998, 0.001743, 3e-06, -0.028343, -3e-06, 0.003498, -0.999993, 1.008226, -0.001743, 0.999992, 0.003498, 0.531603, 0.0, 0.0, 0.0, 1.0],
                [0.999999, 0.001526, 3e-06, -0.011842, -2e-06, 0.003598, -0.999993, 1.015804, -0.001526, 0.999992, 0.003598, 0.559536, 0.0, 0.0, 0.0, 1.0],
                [0.999999, 0.001308, 2e-06, 0.004653, -3e-06, 0.003684, -0.999993, 1.024018, -0.001308, 0.999992, 0.003684, 0.587345, 0.0, 0.0, 0.0, 1.0],
                [0.999999, 0.001094, 2e-06, 0.019927, -2e-06, 0.003752, -0.999993, 1.032806, -0.001094, 0.999992, 0.003752, 0.614195, 0.0, 0.0, 0.0, 1.0],
                [1.0, 0.000899, 2e-06, 0.032838, -2e-06, 0.003803, -0.999992, 1.04211, -0.000899, 0.999992, 0.003803, 0.639252, 0.0, 0.0, 0.0, 1.0],
                [1.0, 0.000729, 2e-06, 0.042973, -1e-06, 0.00384, -0.999992, 1.051866, -0.000729, 0.999992, 0.00384, 0.659116, 0.0, 0.0, 0.0, 1.0],
                [1.0, 0.000599, 1e-06, 0.049183, -1e-06, 0.003862, -0.999992, 1.062018, -0.000599, 0.999992, 0.003862, 0.674027, 0.0, 0.0, 0.0, 1.0],
                [1.0, 0.0005, 1e-06, 0.052804, -0.0, 0.003876, -0.999992, 1.073344, -0.0005, 0.999992, 0.003876, 0.684995, 0.0, 0.0, 0.0, 1.0],
                [1.0, 0.000418, 1e-06, 0.053304, -0.0, 0.003887, -0.999992, 1.08637, -0.000418, 0.999992, 0.003887, 0.693631, 0.0, 0.0, 0.0, 1.0],
                [1.0, 0.000351, 0.0, 0.052049, -1e-06, 0.003893, -0.999992, 1.100649, -0.000351, 0.999992, 0.003893, 0.699416, 0.0, 0.0, 0.0, 1.0],
                [1.0, 0.000299, 1e-06, 0.049263, -0.0, 0.003897, -0.999992, 1.115745, -0.000299, 0.999992, 0.003897, 0.703533, 0.0, 0.0, 0.0, 1.0],
                [1.0, 0.00026, 0.0, 0.044552, -1e-06, 0.003899, -0.999992, 1.13131, -0.00026, 0.999992, 0.003899, 0.706175, 0.0, 0.0, 0.0, 1.0],
                [1.0, 0.000231, 1e-06, 0.039466, -0.0, 0.003902, -0.999992, 1.146616, -0.000231, 0.999992, 0.003902, 0.706957, 0.0, 0.0, 0.0, 1.0],
                [1.0, 0.000212, 1e-06, 0.034065, -0.0, 0.003902, -0.999992, 1.161508, -0.000212, 0.999992, 0.003902, 0.707299, 0.0, 0.0, 0.0, 1.0],
                [1.0, 0.000202, 1e-06, 0.028646, -0.0, 0.003903, -0.999992, 1.17545, -0.000202, 0.999992, 0.003903, 0.707472, 0.0, 0.0, 0.0, 1.0],
                [1.0, 0.000196, 0.0, 0.023476, -0.0, 0.003904, -0.999992, 1.188001, -0.000196, 0.999992, 0.003904, 0.707523, 0.0, 0.0, 0.0, 1.0],
                [1.0, 0.000195, 0.0, 0.018812, -0.0, 0.003904, -0.999992, 1.198717, -0.000195, 0.999992, 0.003904, 0.707451, 0.0, 0.0, 0.0, 1.0],
                [1.0, 0.000196, -0.0, 0.014627, -1e-06, 0.003904, -0.999992, 1.207158, -0.000196, 0.999992, 0.003904, 0.707932, 0.0, 0.0, 0.0, 1.0],
                [1.0, 0.000198, 0.0, 0.011836, -0.0, 0.003903, -0.999992, 1.21288, -0.000198, 0.999992, 0.003903, 0.708986, 0.0, 0.0, 0.0, 1.0],
                [1.0, 0.000206, 0.0, 0.010279, -0.0, 0.003903, -0.999992, 1.216006, -0.000206, 0.999992, 0.003903, 0.709945, 0.0, 0.0, 0.0, 1.0],
                [1.0, 0.000219, 0.0, 0.008725, -1e-06, 0.003902, -0.999992, 1.217129, -0.000219, 0.999992, 0.003902, 0.710817, 0.0, 0.0, 0.0, 1.0],
                [1.0, 0.000247, 1e-06, 0.007177, 0.0, 0.0039, -0.999992, 1.216519, -0.000247, 0.999992, 0.0039, 0.711609, 0.0, 0.0, 0.0, 1.0],
                [1.0, 0.000275, 1e-06, 0.005629, -0.0, 0.003899, -0.999992, 1.214438, -0.000275, 0.999992, 0.003899, 0.712326, 0.0, 0.0, 0.0, 1.0],
                [1.0, 0.000313, 1e-06, 0.005098, -1e-06, 0.003896, -0.999992, 1.211157, -0.000313, 0.999992, 0.003896, 0.712977, 0.0, 0.0, 0.0, 1.0],
                [1.0, 0.000351, 1e-06, 0.004567, -0.0, 0.003892, -0.999992, 1.206942, -0.000351, 0.999992, 0.003892, 0.713567, 0.0, 0.0, 0.0, 1.0],
                [1.0, 0.000393, 1e-06, 0.004038, -0.0, 0.00389, -0.999992, 1.20206, -0.000393, 0.999992, 0.00389, 0.714104, 0.0, 0.0, 0.0, 1.0],
                [1.0, 0.000611, 1e-06, 0.000848, -1e-06, 0.003861, -0.999992, 1.173734, -0.000611, 0.999992, 0.003861, 0.716417, 0.0, 0.0, 0.0, 1.0]
            ]
        },
        {
            "name": "Thigh_R",
            "time": [0.0, 0.0333, 0.0667, 0.1, 0.1333, 0.1667, 0.2, 0.2333, 0.2667, 0.3, 0.3333, 0.3667, 0.4, 0.4333, 0.4667, 0.5, 0.5333, 0.5667, 0.6, 0.6333, 0.6667, 0.7, 0.7333, 0.7667, 0.8, 0.8333, 0.8667, 0.9, 0.9333, 0.9667, 1.0, 1.0333, 1.0667, 1.1, 1.1333, 1.1667, 1.2, 1.2333, 1.2667, 1.3, 1.3333, 1.3667, 1.4, 1.4333, 1.4667, 1.5, 1.5333, 1.5667, 1.6, 1.6333, 1.6667, 1.7, 1.7333, 1.7667, 1.8, 1.8333, 1.8667, 1.9, 2.1333],
            "transform": [
                [0.649953, -0.228681, -0.724748, 0.099923, 0.338076, -0.767097, 0.545229, 0.000877, -0.680624, -0.599404, -0.421266, -0.026375, 0.0, 0.0, 0.0, 1.0],
                [0.73458, -0.20398, -0.647129, 0.099923, 0.321035, -0.735751, 0.596335, 0.000877, -0.597755, -0.645818, -0.474983, -0.026375, 0.0, 0.0, 0.0, 1.0],
                [0.859149, -0.136899, -0.493059, 0.099923, 0.277232, -0.685363, 0.67337, 0.000877, -0.4301, -0.715231, -0.550876, -0.026375, 0.0, 0.0, 0.0, 1.0],
                [0.949178, -0.047775, -0.311064, 0.099923, 0.211843, -0.633959, 0.743791, 0.000877, -0.232733, -0.771902, -0.591619, -0.026375, 0.0, 0.0, 0.0, 1.0],
                [0.984483, 0.022757, -0.173949, 0.099923, 0.151479, -0.610418, 0.777464, 0.000877, -0.088487, -0.791764, -0.604394, -0.026375, 0.0, 0.0, 0.0, 1.0],
                [0.992741, 0.051315, -0.108683, 0.099923, 0.117149, -0.615188, 0.779633, 0.000877, -0.026853, -0.786722, -0.616734, -0.026375, 0.0, 0.0, 0.0, 1.0],
                [0.995223, 0.05427, -0.081037, 0.099923, 0.097031, -0.634889, 0.76649, 0.000877, -0.009852, -0.770707, -0.637122, -0.026375, 0.0, 0.0, 0.0, 1.0],
                [0.996374, 0.04786, -0.070224, 0.099923, 0.084265, -0.663474, 0.743444, 0.000877, -0.01101, -0.746679, -0.665102, -0.026375, 0.0, 0.0, 0.0, 1.0],
                [0.997577, 0.041219, -0.055891, 0.099923, 0.068802, -0.695912, 0.71483, 0.000877, -0.00943, -0.716956, -0.697062, -0.026375, 0.0, 0.0, 0.0, 1.0],
                [0.998618, 0.035896, -0.038142, 0.099923, 0.052221, -0.738562, 0.672168, 0.000877, -0.004042, -0.673244, -0.739415, -0.026375, 0.0, 0.0, 0.0, 1.0],
                [0.999004, 0.040025, -0.019275, 0.099923, 0.043442, -0.789469, 0.612261, 0.000877, 0.009288, -0.6125, -0.790421, -0.026375, 0.0, 0.0, 0.0, 1.0],
                [0.997033, 0.072138, 0.026534, 0.099923, 0.046427, -0.840345, 0.540072, 0.000877, 0.061256, -0.537247, -0.841201, -0.026375, 0.0, 0.0, 0.0, 1.0],
                [0.960968, 0.19239, 0.198778, 0.099923, 0.081703, -0.883901, 0.460495, 0.000877, 0.264291, -0.426286, -0.86512, -0.026375, 0.0, 0.0, 0.0, 1.0],
                [0.853495, 0.327326, 0.405454, 0.099923, 0.178956, -0.914896, 0.361875, 0.000877, 0.489391, -0.236304, -0.839437, -0.026375, 0.0, 0.0, 0.0, 1.0],
                [0.746234, 0.378101, 0.547875, 0.099923, 0.363549, -0.920946, 0.140372, 0.000877, 0.557627, 0.094431, -0.8247, -0.026375, 0.0, 0.0, 0.0, 1.0],
                [0.706073, 0.418379, 0.571326, 0.099923, 0.53879, -0.840956, -0.05006, 0.000877, 0.459507, 0.343178, -0.819195, -0.026375, 0.0, 0.0, 0.0, 1.0],
                [0.611758, 0.471442, 0.63521, 0.099923, 0.641274, -0.765728, -0.049308, 0.000877, 0.463143, 0.437517, -0.770764, -0.026375, 0.0, 0.0, 0.0, 1.0],
                [0.537832, 0.480652, 0.692611, 0.099923, 0.704176, -0.707845, -0.055607, 0.000877, 0.463525, 0.517636, -0.719165, -0.026375, 0.0, 0.0, 0.0, 1.0],
                [0.471982, 0.475035, 0.74268, 0.099923, 0.735048, -0.67716, -0.034021, 0.000877, 0.486743, 0.561974, -0.668781, -0.026375, 0.0, 0.0, 0.0, 1.0],
                [0.407581, 0.47507, 0.779863, 0.099923, 0.748468, -0.663047, 0.012722, 0.000877, 0.52312, 0.578528, -0.62582, -0.026375, 0.0, 0.0, 0.0, 1.0],
                [0.374208, 0.473336, 0.797448, 0.099923, 0.748866, -0.661438, 0.041182, 0.000877, 0.546945, 0.581782, -0.601981, -0.026375, 0.0, 0.0, 0.0, 1.0],
                [0.369495, 0.472078, 0.800386, 0.099923, 0.745591, -0.664684, 0.047827, 0.000877, 0.554572, 0.579099, -0.597574, -0.026375, 0.0, 0.0, 0.0, 1.0],
                [0.369039, 0.4741, 0.7994, 0.099923, 0.741899, -0.668343, 0.053867, 0.000877, 0.559802, 0.573206, -0.598379, -0.026375, 0.0, 0.0, 0.0, 1.0],
                [0.373137, 0.476158, 0.796269, 0.099923, 0.736944, -0.673512, 0.057401, 0.000877, 0.563618, 0.565397, -0.602213, -0.026375, 0.0, 0.0, 0.0, 1.0],
                [0.381826, 0.476574, 0.791889, 0.099923, 0.730521, -0.680483, 0.057278, 0.000877, 0.566153, 0.556632, -0.607973, -0.026375, 0.0, 0.0, 0.0, 1.0],
                [0.395853, 0.472246, 0.787582, 0.099923, 0.722246, -0.689784, 0.050577, 0.000877, 0.567136, 0.548818, -0.61413, -0.026375, 0.0, 0.0, 0.0, 1.0],
                [0.416328, 0.460629, 0.783896, 0.099923, 0.711227, -0.7021, 0.034816, 0.000877, 0.5664, 0.543044, -0.619915, -0.026375, 0.0, 0.0, 0.0, 1.0],
                [0.442823, 0.436873, 0.782975, 0.099923, 0.695954, -0.718052, 0.007027, 0.000877, 0.565276, 0.541813, -0.622013, -0.026375, 0.0, 0.0, 0.0, 1.0],
                [0.4761, 0.399282, 0.783519, 0.099923, 0.676002, -0.736035, -0.035698, 0.000877, 0.562434, 0.546666, -0.620342, -0.026375, 0.0, 0.0, 0.0, 1.0],
                [0.527518, 0.40897, 0.744626, 0.099923, 0.636419, -0.770855, -0.0275, 0.000877, 0.562741, 0.48841, -0.666916, -0.026375, 0.0, 0.0, 0.0, 1.0],
                [0.594564, 0.41995, 0.685663, 0.099923, 0.581136, -0.813792, -0.005517, 0.000877, 0.55566, 0.401751, -0.727898, -0.026375, 0.0, 0.0, 0.0, 1.0],
                [0.669062, 0.422539, 0.611401, 0.099923, 0.515708, -0.85633, 0.027443, 0.000877, 0.535147, 0.296949, -0.790845, -0.026375, 0.0, 0.0, 0.0, 1.0],
                [0.742233, 0.409862, 0.530186, 0.099923, 0.443321, -0.893618, 0.070166, 0.000877, 0.502534, 0.182966, -0.844973, -0.026375, 0.0, 0.0, 0.0, 1.0],
                [0.807373, 0.382893, 0.448923, 0.099923, 0.371673, -0.920964, 0.117036, 0.000877, 0.458246, 0.072362, -0.885873, -0.026375, 0.0, 0.0, 0.0, 1.0],
                [0.856896, 0.34825, 0.380056, 0.099923, 0.307502, -0.937082, 0.165325, 0.000877, 0.413711, -0.024798, -0.910069, -0.026375, 0.0, 0.0, 0.0, 1.0],
                [0.882217, 0.324232, 0.341403, 0.099923, 0.251677, -0.937578, 0.240041, 0.000877, 0.397914, -0.125847, -0.908749, -0.026375, 0.0, 0.0, 0.0, 1.0],
                [0.888558, 0.312547, 0.335806, 0.099923, 0.196612, -0.920834, 0.336785, 0.000877, 0.414474, -0.233233, -0.879665, -0.026375, 0.0, 0.0, 0.0, 1.0],
                [0.885364, 0.308179, 0.348056, 0.099923, 0.151963, -0.899431, 0.40981, 0.000877, 0.43934, -0.309945, -0.843157, -0.026375, 0.0, 0.0, 0.0, 1.0],
                [0.884416, 0.29696, 0.360013, 0.099923, 0.124233, -0.893415, 0.43173, 0.000877, 0.449839, -0.337109, -0.827043, -0.026375, 0.0, 0.0, 0.0, 1.0],
                [0.887751, 0.279649, 0.365626, 0.099923, 0.130625, -0.914711, 0.382436, 0.000877, 0.441382, -0.291753, -0.848564, -0.026375, 0.0, 0.0, 0.0, 1.0],
                [0.892891, 0.263761, 0.364914, 0.099923, 0.137964, -0.931753, 0.335881, 0.000877, 0.428595, -0.249565, -0.868344, -0.026375, 0.0, 0.0, 0.0, 1.0],
                [0.898793, 0.250257, 0.359905, 0.099923, 0.144562, -0.94432, 0.295593, 0.000877, 0.413833, -0.213652, -0.884926, -0.026375, 0.0, 0.0, 0.0, 1.0],
                [0.90348, 0.240746, 0.354615, 0.099923, 0.152311, -0.953696, 0.259385, 0.000877, 0.400634, -0.18034, -0.898314, -0.026375, 0.0, 0.0, 0.0, 1.0],
                [0.906506, 0.234494, 0.351064, 0.099923, 0.161851, -0.961065, 0.223998, 0.000877, 0.389914, -0.146238, -0.909164, -0.026375, 0.0, 0.0, 0.0, 1.0],
                [0.905203, 0.23335, 0.355164, 0.099923, 0.173624, -0.965905, 0.192088, 0.000877, 0.387871, -0.112215, -0.914856, -0.026375, 0.0, 0.0, 0.0, 1.0],
                [0.900864, 0.235267, 0.364801, 0.099923, 0.187312, -0.96882, 0.162231, 0.000877, 0.391587, -0.077817, -0.916843, -0.026375, 0.0, 0.0, 0.0, 1.0],
                [0.894532, 0.238688, 0.377925, 0.099923, 0.201163, -0.970013, 0.136473, 0.000877, 0.399159, -0.046055, -0.915723, -0.026375, 0.0, 0.0, 0.0, 1.0],
                [0.887765, 0.240964, 0.392167, 0.099923, 0.212531, -0.970362, 0.115094, 0.000877, 0.408269, -0.018829, -0.912666, -0.026375, 0.0, 0.0, 0.0, 1.0],
                [0.881431, 0.243257, 0.404835, 0.099923, 0.224151, -0.969945, 0.094765, 0.000877, 0.415711, 0.007216, -0.909466, -0.026375, 0.0, 0.0, 0.0, 1.0],
                [0.875942, 0.247315, 0.414184, 0.099923, 0.237725, -0.968404, 0.075473, 0.000877, 0.419755, 0.032353, -0.907059, -0.026375, 0.0, 0.0, 0.0, 1.0],
                [0.875279, 0.243321, 0.417934, 0.099923, 0.242887, -0.968493, 0.055159, 0.000877, 0.41818, 0.053233, -0.906802, -0.026375, 0.0, 0.0, 0.0, 1.0],
                [0.877512, 0.237204, 0.416768, 0.099923, 0.245206, -0.968842, 0.035116, 0.000877, 0.412105, 0.071381, -0.908334, -0.026375, 0.0, 0.0, 0.0, 1.0],
                [0.881033, 0.232521, 0.411949, 0.099923, 0.245896, -0.969075, 0.021072, 0.000877, 0.404102, 0.082734, -0.910963, -0.026375, 0.0, 0.0, 0.0, 1.0],
                [0.884818, 0.229867, 0.405273, 0.099923, 0.245722, -0.969257, 0.013259, 0.000877, 0.395855, 0.087855, -0.9141, -0.026374, 0.0, 0.0, 0.0, 1.0],
                [0.888636, 0.226662, 0.398668, 0.099923, 0.242918, -0.970003, 0.010007, 0.000877, 0.388971, 0.087953, -0.917041, -0.026375, 0.0, 0.0, 0.0, 1.0],
                [0.892006, 0.224861, 0.392111, 0.099923, 0.239062, -0.970925, 0.012934, 0.000877, 0.383613, 0.082203, -0.919827, -0.026375, 0.0, 0.0, 0.0, 1.0],
                [0.892691, 0.227407, 0.389069, 0.099923, 0.237734, -0.971087, 0.022106, 0.000877, 0.38284, 0.072763, -0.920943, -0.026375, 0.0, 0.0, 0.0, 1.0],
                [0.891461, 0.231452, 0.389504, 0.099923, 0.236257, -0.971022, 0.036262, 0.000877, 0.386603, 0.059698, -0.920311, -0.026374, 0.0, 0.0, 0.0, 1.0],
                [0.86051, 0.267309, 0.43366, 0.102516, 0.232827, -0.963536, 0.131916, 0.000325, 0.453103, -0.012547, -0.891369, -0.013088, 0.0, 0.0, 0.0, 1.0]
            ]
        },
        {
            "name": "Leg_R",
            "time": [0.0, 0.0333, 0.0667, 0.1, 0.1333, 0.1667, 0.2, 0.2333, 0.2667, 0.3, 0.3333, 0.3667, 0.4, 0.4333, 0.4667, 0.5, 0.5333, 0.5667, 0.6, 0.6333, 0.6667, 0.7, 0.7333, 0.7667, 0.8, 0.8333, 0.8667, 0.9, 0.9333, 0.9667, 1.0, 1.0333, 1.0667, 1.1, 1.1333, 1.1667, 1.2, 1.2333, 1.2667, 1.3, 1.3333, 1.3667, 1.4, 1.4333, 1.4667, 1.5, 1.5333, 1.5667, 1.6, 1.6333, 1.6667, 1.7, 1.7333, 1.7667, 1.8, 1.8333, 1.8667, 1.9, 2.1333],
            "transform": [
                [0.999987, -0.00194, 0.000241, 0.0, 0.000238, 0.243007, 0.970024, 0.37472, -0.001941, -0.970037, 0.243003, 0.0, 0.0, 0.0, 0.0, 1.0],
                [0.999987, -0.001945, 0.000203, 0.0, 0.000202, 0.205965, 0.978559, 0.37472, -0.001945, -0.978572, 0.205961, -0.0, 0.0, 0.0, 0.0, 1.0],
                [0.999986, -0.00195, 0.00015, 0.0, 0.000147, 0.151871, 0.988398, 0.37472, -0.00195, -0.988414, 0.151868, -0.0, 0.0, 0.0, 0.0, 1.0],
                [0.999987, -0.001952, 0.000105, -0.0, 0.000103, 0.106227, 0.99434, 0.37472, -0.001953, -0.994355, 0.106226, 0.0, 0.0, 0.0, 0.0, 1.0],
                [0.999987, -0.001953, 9.1e-05, -0.0, 8.9e-05, 0.091588, 0.995795, 0.37472, -0.001953, -0.995809, 0.091587, -0.0, 0.0, 0.0, 0.0, 1.0],
                [0.999986, -0.001952, 0.000112, 0.0, 0.00011, 0.113301, 0.993559, 0.37472, -0.001952, -0.993575, 0.113299, 0.0, 0.0, 0.0, 0.0, 1.0],
                [0.999987, -0.00195, 0.000154, -0.0, 0.000152, 0.156128, 0.987735, 0.37472, -0.00195, -0.98775, 0.156125, 0.0, 0.0, 0.0, 0.0, 1.0],
                [0.999986, -0.001945, 0.0002, 0.0, 0.000199, 0.202801, 0.979219, 0.37472, -0.001945, -0.979233, 0.202798, -0.0, 0.0, 0.0, 0.0, 1.0],
                [0.999987, -0.00194, 0.00024, 0.0, 0.000237, 0.242157, 0.970237, 0.37472, -0.001941, -0.970249, 0.242153, 0.0, 0.0, 0.0, 0.0, 1.0],
                [0.999986, -0.001938, 0.000263, -0.0, 0.000262, 0.265821, 0.964022, 0.37472, -0.001938, -0.964036, 0.265817, 0.0, 0.0, 0.0, 0.0, 1.0],
                [0.999987, -0.001934, 0.00029, 0.0, 0.000288, 0.292518, 0.95626, 0.37472, -0.001934, -0.956273, 0.292514, -0.0, 0.0, 0.0, 0.0, 1.0],
                [0.999987, -0.001926, 0.000336, 0.0, 0.000334, 0.337611, 0.941286, 0.37472, -0.001927, -0.941298, 0.337607, -0.0, 0.0, 0.0, 0.0, 1.0],
                [0.999988, -0.001906, 0.000438, 0.0, 0.000435, 0.435394, 0.900243, 0.37472, -0.001907, -0.900251, 0.435389, 0.0, 0.0, 0.0, 0.0, 1.0],
                [0.999987, -0.001875, 0.000555, 0.0, 0.000552, 0.542876, 0.839817, 0.37472, -0.001876, -0.839825, 0.54287, -0.0, 0.0, 0.0, 0.0, 1.0],
                [0.999987, -0.001833, 0.000682, 0.0, 0.00068, 0.652902, 0.75745, 0.37472, -0.001833, -0.757455, 0.652895, -0.0, 0.0, 0.0, 0.0, 1.0],
                [0.999986, -0.001835, 0.000675, 0.0, 0.000674, 0.647702, 0.761901, 0.37472, -0.001835, -0.761907, 0.647695, -0.0, 0.0, 0.0, 0.0, 1.0],
                [0.999986, -0.001809, 0.000742, 0.0, 0.000738, 0.700642, 0.713522, 0.37472, -0.00181, -0.713526, 0.700636, -0.0, 0.0, 0.0, 0.0, 1.0],
                [0.999987, -0.00175, 0.000871, -0.0, 0.000869, 0.797132, 0.603817, 0.37472, -0.001751, -0.603818, 0.797128, -0.0, 0.0, 0.0, 0.0, 1.0],
                [0.999986, -0.001715, 0.000939, 0.0, 0.000937, 0.841877, 0.539683, 0.37472, -0.001716, -0.539684, 0.841873, -0.0, 0.0, 0.0, 0.0, 1.0],
                [0.999986, -0.001705, 0.000956, 0.0, 0.000953, 0.852287, 0.523089, 0.37472, -0.001707, -0.523089, 0.852283, 0.0, 0.0, 0.0, 0.0, 1.0],
                [0.999986, -0.001706, 0.000955, 0.0, 0.000953, 0.851779, 0.523916, 0.37472, -0.001708, -0.523916, 0.851775, 0.0, 0.0, 0.0, 0.0, 1.0],
                [0.999987, -0.001711, 0.000947, -0.0, 0.000944, 0.846597, 0.532246, 0.37472, -0.001712, -0.532246, 0.846595, -0.0, 0.0, 0.0, 0.0, 1.0],
                [0.999987, -0.001721, 0.000929, -0.0, 0.000927, 0.835594, 0.54936, 0.37472, -0.001722, -0.54936, 0.835591, 0.0, 0.0, 0.0, 0.0, 1.0],
                [0.999986, -0.00173, 0.000912, 0.0, 0.000908, 0.823689, 0.567055, 0.37472, -0.001732, -0.567056, 0.823684, -0.0, 0.0, 0.0, 0.0, 1.0],
                [0.999986, -0.001739, 0.000894, -0.0, 0.000891, 0.811945, 0.583747, 0.37472, -0.001741, -0.583748, 0.81194, -0.0, 0.0, 0.0, 0.0, 1.0],
                [0.999986, -0.001745, 0.000881, -0.0, 0.000879, 0.803752, 0.594977, 0.37472, -0.001746, -0.594978, 0.803747, 0.0, 0.0, 0.0, 0.0, 1.0],
                [0.999986, -0.001746, 0.00088, -0.0, 0.000877, 0.802812, 0.596244, 0.37472, -0.001748, -0.596245, 0.802808, -0.0, 0.0, 0.0, 0.0, 1.0],
                [0.999986, -0.001739, 0.000894, -0.0, 0.000891, 0.812028, 0.58363, 0.37472, -0.00174, -0.583631, 0.812024, -0.0, 0.0, 0.0, 0.0, 1.0],
                [0.999986, -0.001724, 0.000922, 0.0, 0.000918, 0.830408, 0.557168, 0.37472, -0.001726, -0.557169, 0.830404, 0.0, 0.0, 0.0, 0.0, 1.0],
                [0.999986, -0.001754, 0.000864, 0.0, 0.000861, 0.791817, 0.61077, 0.37472, -0.001755, -0.610772, 0.791812, 0.0, 0.0, 0.0, 0.0, 1.0],
                [0.999986, -0.001788, 0.000792, -0.0, 0.000788, 0.738968, 0.673751, 0.37472, -0.00179, -0.673754, 0.738962, 0.0, 0.0, 0.0, 0.0, 1.0],
                [0.999987, -0.001818, 0.000721, -0.0, 0.000719, 0.684423, 0.729093, 0.37472, -0.001819, -0.729097, 0.684417, -0.0, 0.0, 0.0, 0.0, 1.0],
                [0.999987, -0.00184, 0.000662, -0.0, 0.000659, 0.635543, 0.772072, 0.37472, -0.001841, -0.772078, 0.635537, 0.0, 0.0, 0.0, 0.0, 1.0],
                [0.999987, -0.001854, 0.000622, 0.0, 0.000621, 0.602704, 0.797971, 0.37472, -0.001854, -0.797977, 0.602698, -0.0, 0.0, 0.0, 0.0, 1.0],
                [0.999987, -0.00186, 0.000605, 0.0, 0.000602, 0.58688, 0.80968, 0.37472, -0.001861, -0.809685, 0.586875, 0.0, 0.0, 0.0, 0.0, 1.0],
                [0.999987, -0.001863, 0.000593, 0.0, 0.00059, 0.576707, 0.816956, 0.37472, -0.001864, -0.816963, 0.576701, -0.0, 0.0, 0.0, 0.0, 1.0],
                [0.999987, -0.001864, 0.00059, 0.0, 0.000588, 0.574673, 0.818388, 0.37472, -0.001865, -0.818395, 0.574668, -0.0, 0.0, 0.0, 0.0, 1.0],
                [0.999987, -0.001854, 0.000622, 0.0, 0.000619, 0.601821, 0.798637, 0.37472, -0.001855, -0.798643, 0.601815, -0.0, 0.0, 0.0, 0.0, 1.0],
                [0.999987, -0.001835, 0.000676, -0.0, 0.000673, 0.647417, 0.762143, 0.37472, -0.001836, -0.762148, 0.647411, -0.0, 0.0, 0.0, 0.0, 1.0],
                [0.999986, -0.001814, 0.000732, 0.0, 0.000729, 0.693, 0.720946, 0.37472, -0.001814, -0.720951, 0.692994, -0.0, 0.0, 0.0, 0.0, 1.0],
                [0.999987, -0.001793, 0.00078, 0.0, 0.000778, 0.730841, 0.682557, 0.37472, -0.001794, -0.68256, 0.730836, -0.0, 0.0, 0.0, 0.0, 1.0],
                [0.999987, -0.001774, 0.000823, 0.0, 0.00082, 0.762546, 0.646943, 0.37472, -0.001775, -0.646945, 0.762542, -0.0, 0.0, 0.0, 0.0, 1.0],
                [0.999986, -0.001756, 0.000859, 0.0, 0.000857, 0.788568, 0.614959, 0.37472, -0.001757, -0.614961, 0.788563, -0.0, 0.0, 0.0, 0.0, 1.0],
                [0.999987, -0.00174, 0.000891, 0.0, 0.000889, 0.810677, 0.585505, 0.37472, -0.001742, -0.585506, 0.810673, 0.0, 0.0, 0.0, 0.0, 1.0],
                [0.999987, -0.001725, 0.000922, -0.0, 0.000919, 0.83072, 0.556704, 0.37472, -0.001726, -0.556704, 0.830716, -0.0, 0.0, 0.0, 0.0, 1.0],
                [0.999986, -0.001709, 0.000951, 0.0, 0.000949, 0.849258, 0.527992, 0.37472, -0.00171, -0.527992, 0.849254, -0.0, 0.0, 0.0, 0.0, 1.0],
                [0.999986, -0.001693, 0.000979, -0.0, 0.000977, 0.866318, 0.499507, 0.37472, -0.001694, -0.499507, 0.866315, 0.0, 0.0, 0.0, 0.0, 1.0],
                [0.999986, -0.001676, 0.001006, 0.0, 0.001004, 0.882067, 0.47114, 0.37472, -0.001677, -0.47114, 0.882064, -0.0, 0.0, 0.0, 0.0, 1.0],
                [0.999986, -0.00166, 0.001033, 0.0, 0.001031, 0.896753, 0.442546, 0.37472, -0.001661, -0.442545, 0.896751, -0.0, 0.0, 0.0, 0.0, 1.0],
                [0.999987, -0.001643, 0.00106, 0.0, 0.001057, 0.910435, 0.413667, 0.37472, -0.001645, -0.413665, 0.910434, -0.0, 0.0, 0.0, 0.0, 1.0],
                [0.999987, -0.001625, 0.001086, 0.0, 0.001083, 0.923134, 0.384494, 0.37472, -0.001627, -0.384493, 0.923133, -0.0, 0.0, 0.0, 0.0, 1.0],
                [0.999987, -0.001609, 0.001109, -0.0, 0.001107, 0.934018, 0.357241, 0.37472, -0.001611, -0.35724, 0.934018, 0.0, 0.0, 0.0, 0.0, 1.0],
                [0.999987, -0.001597, 0.001128, 0.0, 0.001125, 0.941874, 0.335984, 0.37472, -0.001599, -0.335982, 0.941873, -0.0, 0.0, 0.0, 0.0, 1.0],
                [0.999987, -0.001589, 0.001139, -0.0, 0.001137, 0.946701, 0.32213, 0.37472, -0.001591, -0.322128, 0.946701, -0.0, 0.0, 0.0, 0.0, 1.0],
                [0.999987, -0.001585, 0.001144, -0.0, 0.001142, 0.948845, 0.31576, 0.37472, -0.001586, -0.315758, 0.948845, -0.0, 0.0, 0.0, 0.0, 1.0],
                [0.999987, -0.001587, 0.001142, 0.0, 0.001139, 0.947482, 0.319825, 0.37472, -0.001589, -0.319823, 0.947482, 0.0, 0.0, 0.0, 0.0, 1.0],
                [0.999986, -0.001591, 0.001135, 0.0, 0.001133, 0.945248, 0.32637, 0.37472, -0.001592, -0.326368, 0.945248, 0.0, 0.0, 0.0, 0.0, 1.0],
                [0.999987, -0.001599, 0.001125, -0.0, 0.001123, 0.940844, 0.338856, 0.37472, -0.0016, -0.338854, 0.940844, -0.0, 0.0, 0.0, 0.0, 1.0],
                [0.999996, -0.001636, 0.001071, 0.0, 0.001069, 0.916077, 0.401003, 0.37472, -0.001637, -0.401001, 0.916076, 0.0, 0.0, 0.0, 0.0, 1.0]
            ]
        },
        {
            "name": "Knee_R",
            "time": [2.1333, 0.0],
            "transform": [
                [1.0, 0.0, -0.0, 0.0, -0.0, 1e-06, -1.0, 0.37472, 0.0, 1.0, 1e-06, 0.0, 0.0, 0.0, 0.0, 1.0],
                [1.0, 0.0, -0.0, 0.0, -0.0, 1e-06, -1.0, 0.37472, -0.0, 1.0, 1e-06, 0.0, 0.0, 0.0, 0.0, 1.0]
            ]
        },
        {
            "name": "Thigh_L",
            "time": [0.0, 0.0333, 0.0667, 0.1, 0.1333, 0.1667, 0.2, 0.2333, 0.2667, 0.3, 0.3333, 0.3667, 0.4, 0.4333, 0.4667, 0.5, 0.5333, 0.5667, 0.6, 0.6333, 0.6667, 0.7, 0.7333, 0.7667, 0.8, 0.8333, 0.8667, 0.9, 0.9333, 0.9667, 1.0, 1.0333, 1.0667, 1.1, 1.1333, 1.1667, 1.2, 1.2333, 1.2667, 1.3, 1.3333, 1.3667, 1.4, 1.4333, 1.4667, 1.5, 1.5333, 1.5667, 1.6, 1.6333, 1.6667, 1.7, 1.7333, 1.7667, 1.8, 1.8333, 1.8667, 1.9, 2.1333],
            "transform": [
                [-0.399868, -0.533708, -0.745161, 0.028333, -0.446296, -0.59673, 0.666885, 0.001667, -0.800565, 0.599241, 0.000421, 0.099372, 0.0, 0.0, 0.0, 1.0],
                [-0.337213, -0.525159, -0.781345, 0.022107, -0.478171, -0.619387, 0.622668, 0.006254, -0.810938, 0.5836, -0.042251, 0.100761, 0.0, 0.0, 0.0, 1.0],
                [-0.218338, -0.502868, -0.836335, 0.010258, -0.529433, -0.65889, 0.534386, 0.014558, -0.819763, 0.559471, -0.122375, 0.101802, 0.0, 0.0, 0.0, 1.0],
                [-0.0774, -0.463826, -0.882541, -0.003942, -0.566011, -0.708278, 0.421875, 0.021815, -0.820746, 0.53219, -0.20771, 0.100944, 0.0, 0.0, 0.0, 1.0],
                [0.057388, -0.422457, -0.904567, -0.017858, -0.578324, -0.752627, 0.314799, 0.025778, -0.813774, 0.505077, -0.287509, 0.098479, 0.0, 0.0, 0.0, 1.0],
                [0.179523, -0.381603, -0.906727, -0.029931, -0.573534, -0.789456, 0.218685, 0.025656, -0.799257, 0.480789, -0.360588, 0.095539, 0.0, 0.0, 0.0, 1.0],
                [0.30145, -0.338132, -0.891513, -0.04154, -0.55485, -0.822605, 0.124374, 0.023241, -0.775403, 0.457173, -0.435587, 0.091741, 0.0, 0.0, 0.0, 1.0],
                [0.42867, -0.29782, -0.852962, -0.053887, -0.521871, -0.852299, 0.035302, 0.020583, -0.737478, 0.430011, -0.520779, 0.08576, 0.0, 0.0, 0.0, 1.0],
                [0.560898, -0.262252, -0.785247, -0.067385, -0.475294, -0.878626, -0.046074, 0.019415, -0.677842, 0.399074, -0.617467, 0.075927, 0.0, 0.0, 0.0, 1.0],
                [0.706738, -0.246582, -0.663107, -0.081269, -0.433086, -0.891946, -0.129919, 0.021506, -0.559409, 0.379008, -0.737165, 0.060132, 0.0, 0.0, 0.0, 1.0],
                [0.838253, -0.226533, -0.495988, -0.093216, -0.368014, -0.906246, -0.208078, 0.024541, -0.402342, 0.356959, -0.843031, 0.037308, 0.0, 0.0, 0.0, 1.0],
                [0.928739, -0.186912, -0.320145, -0.100017, -0.266848, -0.936542, -0.227365, 0.02494, -0.257327, 0.296599, -0.919681, 0.007622, 0.0, 0.0, 0.0, 1.0],
                [0.993151, -0.112488, 0.031312, -0.094902, -0.114612, -0.887933, 0.445481, 0.021193, -0.022308, -0.446025, -0.894745, -0.035041, 0.0, 0.0, 0.0, 1.0],
                [0.958105, -0.021362, 0.285589, -0.073242, -0.226416, -0.667126, 0.709709, 0.01275, 0.175359, -0.744652, -0.644014, -0.071804, 0.0, 0.0, 0.0, 1.0],
                [0.991165, -0.056385, 0.119977, -0.066793, -0.12696, -0.664123, 0.73677, -0.011486, 0.038136, -0.745507, -0.665415, -0.078035, 0.0, 0.0, 0.0, 1.0],
                [0.999095, -0.010048, 0.04113, -0.069366, -0.042328, -0.214525, 0.975802, -0.03961, -0.000981, -0.976675, -0.214757, -0.065591, 0.0, 0.0, 0.0, 1.0],
                [0.991042, 0.034556, 0.128935, -0.038605, -0.117392, -0.234155, 0.965087, -0.038984, 0.063539, -0.971594, -0.228002, -0.087589, 0.0, 0.0, 0.0, 1.0],
                [0.966974, 0.082561, 0.241099, -0.004978, -0.203256, -0.320819, 0.925075, -0.032037, 0.153722, -0.943545, -0.293443, -0.098133, 0.0, 0.0, 0.0, 1.0],
                [0.948733, 0.123835, 0.290787, 0.003852, -0.23279, -0.34851, 0.907938, -0.03212, 0.213773, -0.929098, -0.301816, -0.098155, 0.0, 0.0, 0.0, 1.0],
                [0.932692, 0.166372, 0.319987, 0.003509, -0.244765, -0.359619, 0.900425, -0.033924, 0.264874, -0.918157, -0.294693, -0.097559, 0.0, 0.0, 0.0, 1.0],
                [0.922779, 0.187682, 0.336514, 0.00084, -0.252326, -0.365686, 0.895884, -0.034808, 0.291195, -0.911628, -0.29009, -0.097308, 0.0, 0.0, 0.0, 1.0],
                [0.919355, 0.191253, 0.343794, -0.000535, -0.255137, -0.375338, 0.891083, -0.034382, 0.299457, -0.906951, -0.296274, -0.097461, 0.0, 0.0, 0.0, 1.0],
                [0.917376, 0.191495, 0.348909, -0.001916, -0.258469, -0.37999, 0.888146, -0.033965, 0.302652, -0.904961, -0.299099, -0.09759, 0.0, 0.0, 0.0, 1.0],
                [0.915623, 0.19071, 0.353909, -0.00341, -0.262212, -0.383996, 0.885321, -0.033478, 0.304735, -0.903434, -0.30159, -0.097717, 0.0, 0.0, 0.0, 1.0],
                [0.916646, 0.185492, 0.354033, -0.005357, -0.263251, -0.386306, 0.884007, -0.032837, 0.300736, -0.903537, -0.305275, -0.097848, 0.0, 0.0, 0.0, 1.0],
                [0.919039, 0.177407, 0.351966, -0.008027, -0.261996, -0.392171, 0.881795, -0.032024, 0.294463, -0.902632, -0.313941, -0.097935, 0.0, 0.0, 0.0, 1.0],
                [0.923015, 0.164515, 0.347799, -0.011673, -0.259285, -0.401882, 0.878217, -0.030986, 0.284249, -0.900801, -0.328287, -0.097903, 0.0, 0.0, 0.0, 1.0],
                [0.929231, 0.146855, 0.339042, -0.016544, -0.252428, -0.417743, 0.872796, -0.02962, 0.269802, -0.896628, -0.35111, -0.097624, 0.0, 0.0, 0.0, 1.0],
                [0.93635, 0.12621, 0.327576, -0.022664, -0.242432, -0.442396, 0.863432, -0.027899, 0.253888, -0.887904, -0.38364, -0.0969, 0.0, 0.0, 0.0, 1.0],
                [0.946529, 0.094631, 0.308403, -0.030806, -0.229168, -0.475593, 0.849292, -0.025561, 0.22704, -0.87457, -0.428477, -0.095286, 0.0, 0.0, 0.0, 1.0],
                [0.957214, 0.055781, 0.283928, -0.04052, -0.215631, -0.516798, 0.828509, -0.022623, 0.192945, -0.854299, -0.482658, -0.092349, 0.0, 0.0, 0.0, 1.0],
                [0.967575, 0.012461, 0.252241, -0.051094, -0.201966, -0.561464, 0.80248, -0.019216, 0.151621, -0.827419, -0.540742, -0.087764, 0.0, 0.0, 0.0, 1.0],
                [0.975605, -0.029274, 0.217537, -0.061642, -0.190236, -0.607149, 0.771484, -0.015321, 0.109491, -0.79406, -0.597907, -0.081535, 0.0, 0.0, 0.0, 1.0],
                [0.980596, -0.064202, 0.185176, -0.071548, -0.181462, -0.654369, 0.734085, -0.011406, 0.074042, -0.753458, -0.653323, -0.073713, 0.0, 0.0, 0.0, 1.0],
                [0.981509, -0.082565, 0.172643, -0.080203, -0.180294, -0.701399, 0.689596, -0.007477, 0.064154, -0.707983, -0.703316, -0.064766, 0.0, 0.0, 0.0, 1.0],
                [0.979382, -0.084819, 0.183301, -0.087227, -0.18411, -0.748073, 0.637573, -0.003895, 0.083043, -0.658187, -0.748266, -0.055312, 0.0, 0.0, 0.0, 1.0],
                [0.974393, -0.086339, 0.207572, -0.092555, -0.194039, -0.789266, 0.582597, -0.000449, 0.113526, -0.607967, -0.785809, -0.046007, 0.0, 0.0, 0.0, 1.0],
                [0.969642, -0.086329, 0.228745, -0.096207, -0.198026, -0.826032, 0.527703, 0.001861, 0.143392, -0.55699, -0.818051, -0.037737, 0.0, 0.0, 0.0, 1.0],
                [0.967092, -0.09164, 0.237315, -0.098456, -0.198983, -0.853712, 0.481242, 0.003412, 0.158495, -0.512636, -0.843854, -0.031277, 0.0, 0.0, 0.0, 1.0],
                [0.966601, -0.109579, 0.23164, -0.099814, -0.204766, -0.873772, 0.441144, 0.004239, 0.154057, -0.473851, -0.867027, -0.026508, 0.0, 0.0, 0.0, 1.0],
                [0.967112, -0.131076, 0.217937, -0.100699, -0.211551, -0.890254, 0.403372, 0.004582, 0.141144, -0.436218, -0.888705, -0.022852, 0.0, 0.0, 0.0, 1.0],
                [0.968098, -0.15507, 0.196781, -0.101295, -0.21999, -0.901998, 0.371509, 0.004631, 0.119884, -0.402954, -0.907337, -0.020033, 0.0, 0.0, 0.0, 1.0],
                [0.969067, -0.174464, 0.174512, -0.101688, -0.226009, -0.9114, 0.343927, 0.004342, 0.099045, -0.372736, -0.922638, -0.018004, 0.0, 0.0, 0.0, 1.0],
                [0.9698, -0.189591, 0.153379, -0.101958, -0.230568, -0.917699, 0.323547, 0.00389, 0.079413, -0.349146, -0.933699, -0.016523, 0.0, 0.0, 0.0, 1.0],
                [0.97077, -0.196858, 0.137246, -0.102129, -0.230937, -0.921834, 0.311298, 0.003214, 0.065235, -0.333899, -0.94035, -0.015583, 0.0, 0.0, 0.0, 1.0],
                [0.972415, -0.198575, 0.122313, -0.102223, -0.227203, -0.924957, 0.304711, 0.002516, 0.052626, -0.324101, -0.94456, -0.015091, 0.0, 0.0, 0.0, 1.0],
                [0.974824, -0.197209, 0.103965, -0.102224, -0.219863, -0.927577, 0.302123, 0.001756, 0.036853, -0.317381, -0.947584, -0.01519, 0.0, 0.0, 0.0, 1.0],
                [0.97697, -0.196005, 0.084217, -0.102189, -0.212495, -0.928972, 0.303106, 0.001165, 0.018825, -0.314027, -0.949229, -0.01548, 0.0, 0.0, 0.0, 1.0],
                [0.978914, -0.194112, 0.063477, -0.102145, -0.204222, -0.931505, 0.301012, 0.00059, 0.000699, -0.307634, -0.951506, -0.0158, 0.0, 0.0, 0.0, 1.0],
                [0.981197, -0.188427, 0.041595, -0.102134, -0.192199, -0.935246, 0.297306, -0.00027, -0.017119, -0.299715, -0.953877, -0.015878, 0.0, 0.0, 0.0, 1.0],
                [0.981537, -0.18962, 0.024741, -0.102192, -0.188534, -0.937993, 0.290929, -0.000329, -0.031959, -0.290226, -0.956426, -0.015495, 0.0, 0.0, 0.0, 1.0],
                [0.981534, -0.191081, 0.007826, -0.102307, -0.185272, -0.939993, 0.286536, -0.00028, -0.047394, -0.282699, -0.958038, -0.014724, 0.0, 0.0, 0.0, 1.0],
                [0.980914, -0.194162, -0.009578, -0.102424, -0.18345, -0.940884, 0.284782, -9.4e-05, -0.064304, -0.277594, -0.958545, -0.013887, 0.0, 0.0, 0.0, 1.0],
                [0.980407, -0.195351, -0.024983, -0.102519, -0.180295, -0.941359, 0.285224, 0.000121, -0.079235, -0.275135, -0.958136, -0.01317, 0.0, 0.0, 0.0, 1.0],
                [0.979421, -0.198666, -0.035326, -0.102581, -0.180376, -0.9405, 0.287995, 0.000613, -0.090437, -0.275701, -0.956981, -0.01266, 0.0, 0.0, 0.0, 1.0],
                [0.978498, -0.201808, -0.04242, -0.102599, -0.181308, -0.939936, 0.289244, 0.001157, -0.098242, -0.275338, -0.956316, -0.012477, 0.0, 0.0, 0.0, 1.0],
                [0.978561, -0.200828, -0.045488, -0.102554, -0.179367, -0.939865, 0.290683, 0.001405, -0.101128, -0.276297, -0.955738, -0.012816, 0.0, 0.0, 0.0, 1.0],
                [0.979275, -0.198256, -0.041201, -0.10241, -0.177979, -0.939791, 0.291776, 0.001557, -0.096565, -0.278401, -0.9556, -0.013905, 0.0, 0.0, 0.0, 1.0],
                [0.984775, -0.16767, 0.045695, -0.099935, -0.173722, -0.942949, 0.28405, 0.000877, -0.004539, -0.287669, -0.95772, -0.026375, 0.0, 0.0, 0.0, 1.0]
            ]
        },
        {
            "name": "Leg_L",
            "time": [0.0, 0.0333, 0.0667, 0.1, 0.1333, 0.1667, 0.2, 0.2333, 0.2667, 0.3, 0.3333, 0.3667, 0.4, 0.4333, 0.4667, 0.5, 0.5333, 0.5667, 0.6, 0.6333, 0.6667, 0.7, 0.7333, 0.7667, 0.8, 0.8333, 0.8667, 0.9, 0.9333, 0.9667, 1.0, 1.0333, 1.0667, 1.1, 1.1333, 1.1667, 1.2, 1.2333, 1.2667, 1.3, 1.3333, 1.3667, 1.4, 1.4333, 1.4667, 1.5, 1.5333, 1.5667, 1.6, 1.6333, 1.6667, 1.7, 1.7333, 1.7667, 1.8, 1.8333, 1.8667, 1.9, 2.1333],
