{
    "animation": [
        {
            "name": "Root",
            "time": [0.0, 0.0333, 0.0667, 0.1, 0.1333, 0.1667, 0.2, 0.2333, 0.2667, 0.3, 0.3333, 0.3667, 0.4, 0.4333, 0.4667, 0.5, 0.5333, 0.5667, 0.6, 0.6333, 0.6667, 0.7, 0.7333, 0.7667, 0.8, 0.8333, 0.8667, 0.9, 0.9333, 0.9667, 1.0, 1.0333, 1.0667, 1.1, 1.1333, 1.1667, 1.2, 1.2333, 1.2667, 1.3, 1.3333, 1.3667, 1.4, 1.4333, 1.4667, 1.5, 1.5333, 1.5667, 1.6, 1.6333, 1.6667, 1.7, 1.7333, 1.7667, 1.8, 1.8333, 1.8667, 1.9, 1.9333, 1.9667, 2.0, 2.0333, 2.0667, 2.3],
            "transform": [
                [0.999995, 0.003053, 4e-06, -0.081827, -4e-06, 0.00244, -0.999997, 0.001007, -0.003053, 0.999992, 0.00244, 0.599447, 0.0, 0.0, 0.0, 1.0],
                [0.999995, 0.002965, 4e-06, -0.089311, -4e-06, 0.002545, -0.999997, 0.001935, -0.002965, 0.999992, 0.002545, 0.604799, 0.0, 0.0, 0.0, 1.0],
                [0.999996, 0.00288, 4e-06, -0.096793, -4e-06, 0.002641, -0.999996, 0.002497, -0.00288, 0.999992, 0.002641, 0.612286, 0.0, 0.0, 0.0, 1.0],
                [0.999996, 0.002787, 4e-06, -0.104284, -4e-06, 0.002739, -0.999996, 0.003786, -0.002787, 0.999992, 0.002739, 0.615514, 0.0, 0.0, 0.0, 1.0],
                [0.999996, 0.002675, 4e-06, -0.107716, -4e-06, 0.002849, -0.999996, 0.006902, -0.002675, 0.999992, 0.002849, 0.608106, 0.0, 0.0, 0.0, 1.0],
                [0.999997, 0.002564, 4e-06, -0.110511, -4e-06, 0.002949, -0.999995, 0.003471, -0.002564, 0.999992, 0.002949, 0.588944, 0.0, 0.0, 0.0, 1.0],
                [0.999997, 0.002465, 3e-06, -0.112816, -4e-06, 0.003032, -0.999995, -0.009088, -0.002465, 0.999992, 0.003032, 0.563094, 0.0, 0.0, 0.0, 1.0],
                [0.999997, 0.002357, 3e-06, -0.114799, -4e-06, 0.003117, -0.999995, -0.021004, -0.002357, 0.999992, 0.003117, 0.533024, 0.0, 0.0, 0.0, 1.0],
                [0.999997, 0.002211, 3e-06, -0.114026, -4e-06, 0.003223, -0.999995, -0.022499, -0.002211, 0.999992, 0.003223, 0.502953, 0.0, 0.0, 0.0, 1.0],
                [0.999998, 0.001996, 3e-06, -0.109728, -3e-06, 0.003359, -0.999994, -0.003808, -0.001996, 0.999992, 0.003359, 0.474464, 0.0, 0.0, 0.0, 1.0],
                [0.999998, 0.001679, 3e-06, -0.098458, -3e-06, 0.003529, -0.999994, 0.044839, -0.001679, 0.999992, 0.003529, 0.450906, 0.0, 0.0, 0.0, 1.0],
                [0.999999, 0.001069, 2e-06, -0.069195, -2e-06, 0.003759, -0.999993, 0.175422, -0.001069, 0.999992, 0.003759, 0.437395, 0.0, 0.0, 0.0, 1.0],
                [1.0, 0.000168, 1e-06, -0.021795, 0.0, 0.003904, -0.999992, 0.3867, -0.000168, 0.999992, 0.003904, 0.432043, 0.0, 0.0, 0.0, 1.0],
                [0.999994, -0.000766, 0.003323, 0.0256, 0.003326, 0.003832, -0.999987, 0.608644, 0.000753, 0.999992, 0.003834, 0.42669, 0.0, 0.0, 0.0, 1.0],
                [0.999994, -0.001696, 0.002926, 0.072998, 0.002932, 0.003521, -0.999989, 0.860865, 0.001685, 0.999992, 0.003526, 0.421338, 0.0, 0.0, 0.0, 1.0],
                [0.999993, -0.002424, 0.002779, 0.110015, 0.002786, 0.003065, -0.999991, 1.051117, 0.002415, 0.999992, 0.003072, 0.42985, 0.0, 0.0, 0.0, 1.0],
                [0.999992, -0.002779, 0.002759, 0.083649, 0.002767, 0.002747, -0.999992, 1.13527, 0.002772, 0.999992, 0.002755, 0.49188, 0.0, 0.0, 0.0, 1.0],
                [0.999992, -0.002965, 0.002767, 0.057338, 0.002775, 0.002545, -0.999993, 1.174305, 0.002958, 0.999992, 0.002554, 0.544869, 0.0, 0.0, 0.0, 1.0],
                [0.999991, -0.003035, 0.002774, 0.055681, 0.002782, 0.002461, -0.999993, 1.182044, 0.003028, 0.999992, 0.002469, 0.564311, 0.0, 0.0, 0.0, 1.0],
                [0.999991, -0.003075, 0.002779, 0.058244, 0.002787, 0.002411, -0.999993, 1.179477, 0.003068, 0.999992, 0.00242, 0.577336, 0.0, 0.0, 0.0, 1.0],
                [0.999991, -0.003095, 0.002782, 0.062472, 0.002789, 0.002385, -0.999993, 1.170707, 0.003089, 0.999992, 0.002394, 0.585314, 0.0, 0.0, 0.0, 1.0],
                [0.999991, -0.003101, 0.002783, 0.066643, 0.00279, 0.002378, -0.999993, 1.159839, 0.003094, 0.999992, 0.002386, 0.589596, 0.0, 0.0, 0.0, 1.0],
                [0.999991, -0.003107, 0.002784, 0.070047, 0.002791, 0.00237, -0.999993, 1.150971, 0.0031, 0.999992, 0.002379, 0.591554, 0.0, 0.0, 0.0, 1.0],
                [0.999991, -0.003118, 0.002786, 0.069973, 0.002793, 0.002356, -0.999993, 1.14262, 0.003111, 0.999992, 0.002365, 0.590513, 0.0, 0.0, 0.0, 1.0],
                [0.999991, -0.003128, 0.002787, 0.069827, 0.002795, 0.002343, -0.999993, 1.13168, 0.003121, 0.999992, 0.002351, 0.585868, 0.0, 0.0, 0.0, 1.0],
                [0.999991, -0.003138, 0.002789, 0.069624, 0.002797, 0.002329, -0.999993, 1.119809, 0.003132, 0.999992, 0.002338, 0.578896, 0.0, 0.0, 0.0, 1.0],
                [0.999991, -0.00314, 0.002789, 0.06938, 0.002797, 0.002327, -0.999993, 1.108675, 0.003133, 0.999992, 0.002335, 0.571925, 0.0, 0.0, 0.0, 1.0],
                [0.999991, -0.003124, 0.002787, 0.069116, 0.002794, 0.002347, -0.999993, 1.09994, 0.003118, 0.999992, 0.002356, 0.564954, 0.0, 0.0, 0.0, 1.0],
                [0.999991, -0.003085, 0.00278, 0.068848, 0.002788, 0.002398, -0.999993, 1.095272, 0.003079, 0.999992, 0.002407, 0.560548, 0.0, 0.0, 0.0, 1.0],
                [0.999991, -0.003014, 0.002772, 0.068592, 0.002779, 0.002487, -0.999993, 1.096332, 0.003007, 0.999992, 0.002495, 0.559876, 0.0, 0.0, 0.0, 1.0],
                [0.999992, -0.002893, 0.002763, 0.068514, 0.00277, 0.002627, -0.999992, 1.104706, 0.002885, 0.999992, 0.002635, 0.56357, 0.0, 0.0, 0.0, 1.0],
                [0.999992, -0.002717, 0.00276, 0.06865, 0.002767, 0.002808, -0.999992, 1.119442, 0.002709, 0.999992, 0.002816, 0.570547, 0.0, 0.0, 0.0, 1.0],
                [0.999993, -0.002494, 0.002772, 0.068833, 0.002779, 0.003008, -0.999991, 1.138397, 0.002486, 0.999992, 0.003015, 0.58007, 0.0, 0.0, 0.0, 1.0],
                [0.999993, -0.00224, 0.002803, 0.068897, 0.00281, 0.003202, -0.999991, 1.15943, 0.002231, 0.999992, 0.003208, 0.589594, 0.0, 0.0, 0.0, 1.0],
                [0.999994, -0.001974, 0.002854, 0.068225, 0.002861, 0.003372, -0.99999, 1.180398, 0.001965, 0.999992, 0.003378, 0.599117, 0.0, 0.0, 0.0, 1.0],
                [0.999994, -0.001724, 0.002918, 0.066243, 0.002924, 0.003507, -0.999989, 1.199167, 0.001713, 0.999992, 0.003512, 0.608641, 0.0, 0.0, 0.0, 1.0],
                [0.999994, -0.001519, 0.002982, 0.062283, 0.002987, 0.0036, -0.999989, 1.213594, 0.001509, 0.999992, 0.003605, 0.615058, 0.0, 0.0, 0.0, 1.0],
                [0.999994, -0.001368, 0.003037, 0.055784, 0.003042, 0.00366, -0.999988, 1.224534, 0.001357, 0.999992, 0.003664, 0.618669, 0.0, 0.0, 0.0, 1.0],
                [0.999994, -0.001252, 0.003083, 0.047478, 0.003087, 0.003702, -0.999988, 1.234174, 0.001241, 0.999992, 0.003706, 0.619443, 0.0, 0.0, 0.0, 1.0],
                [0.999994, -0.001165, 0.00312, 0.038501, 0.003124, 0.00373, -0.999988, 1.242377, 0.001153, 0.999992, 0.003734, 0.620217, 0.0, 0.0, 0.0, 1.0],
                [0.999994, -0.001094, 0.003153, 0.027057, 0.003157, 0.003752, -0.999988, 1.249007, 0.001082, 0.999992, 0.003755, 0.62099, 0.0, 0.0, 0.0, 1.0],
                [0.999994, -0.001022, 0.003186, 0.015509, 0.00319, 0.003771, -0.999987, 1.253923, 0.00101, 0.999992, 0.003775, 0.621764, 0.0, 0.0, 0.0, 1.0],
                [0.999994, -0.000944, 0.003226, 0.003858, 0.003229, 0.003791, -0.999987, 1.256992, 0.000931, 0.999992, 0.003794, 0.623746, 0.0, 0.0, 0.0, 1.0],
                [0.999994, -0.000844, 0.003279, -0.007975, 0.003282, 0.003815, -0.999987, 1.258053, 0.000832, 0.999992, 0.003818, 0.627879, 0.0, 0.0, 0.0, 1.0],
                [0.999994, -0.000721, 0.00335, -0.021346, 0.003353, 0.00384, -0.999987, 1.255199, 0.000708, 0.999992, 0.003843, 0.635231, 0.0, 0.0, 0.0, 1.0],
                [0.999994, -0.000583, 0.003442, -0.036569, 0.003444, 0.003867, -0.999986, 1.247651, 0.000569, 0.999992, 0.003869, 0.645622, 0.0, 0.0, 0.0, 1.0],
                [0.999994, -0.000443, 0.003535, -0.051636, 0.003536, 0.003882, -0.999986, 1.237136, 0.000429, 0.999992, 0.003884, 0.657543, 0.0, 0.0, 0.0, 1.0],
                [0.999993, -0.000307, 0.003638, -0.064931, 0.003639, 0.003896, -0.999986, 1.22537, 0.000292, 0.999992, 0.003897, 0.669464, 0.0, 0.0, 0.0, 1.0],
                [0.999993, -0.000183, 0.003743, -0.071322, 0.003744, 0.003903, -0.999985, 1.214066, 0.000168, 0.999992, 0.003904, 0.67937, 0.0, 0.0, 0.0, 1.0],
                [0.999998, -6e-05, 0.001871, -0.069938, 0.001871, 0.003909, -0.99999, 1.202233, 5.3e-05, 0.999992, 0.003909, 0.689275, 0.0, 0.0, 0.0, 1.0],
                [1.0, 6.3e-05, -0.0, -0.0649, -0.0, 0.003907, -0.999992, 1.188607, -6.3e-05, 0.999992, 0.003907, 0.69918, 0.0, 0.0, 0.0, 1.0],
                [1.0, 0.000174, -0.0, -0.056707, -1e-06, 0.003904, -0.999992, 1.17451, -0.000174, 0.999992, 0.003904, 0.709085, 0.0, 0.0, 0.0, 1.0],
                [1.0, 0.000273, 1e-06, -0.048203, -0.0, 0.003898, -0.999992, 1.161259, -0.000273, 0.999992, 0.003898, 0.716944, 0.0, 0.0, 0.0, 1.0],
                [1.0, 0.000356, 0.0, -0.040166, -1e-06, 0.003891, -0.999992, 1.150177, -0.000356, 0.999992, 0.003891, 0.724803, 0.0, 0.0, 0.0, 1.0],
                [1.0, 0.000424, 1e-06, -0.033475, -1e-06, 0.003885, -0.999992, 1.142581, -0.000424, 0.999992, 0.003885, 0.72967, 0.0, 0.0, 0.0, 1.0],
                [1.0, 0.000473, 1e-06, -0.027908, -1e-06, 0.003879, -0.999992, 1.138268, -0.000473, 0.999992, 0.003879, 0.732304, 0.0, 0.0, 0.0, 1.0],
                [1.0, 0.000514, 1e-06, -0.022431, -1e-06, 0.003873, -0.999992, 1.135876, -0.000514, 0.999992, 0.003873, 0.732777, 0.0, 0.0, 0.0, 1.0],
                [1.0, 0.000548, 1e-06, -0.017073, -2e-06, 0.003869, -0.999992, 1.134987, -0.000548, 0.999992, 0.003869, 0.733251, 0.0, 0.0, 0.0, 1.0],
                [1.0, 0.00057, 1e-06, -0.01187, -1e-06, 0.003866, -0.999992, 1.135175, -0.00057, 0.999992, 0.003866, 0.732305, 0.0, 0.0, 0.0, 1.0],
                [1.0, 0.000593, 1e-06, -0.006846, -2e-06, 0.003863, -0.999992, 1.136021, -0.000593, 0.999992, 0.003863, 0.73136, 0.0, 0.0, 0.0, 1.0],
                [1.0, 0.000607, 1e-06, -0.002572, -1e-06, 0.00386, -0.999992, 1.137105, -0.000607, 0.999992, 0.00386, 0.730414, 0.0, 0.0, 0.0, 1.0],
                [1.0, 0.000622, 1e-06, 0.000747, -1e-06, 0.003858, -0.999992, 1.138003, -0.000622, 0.999992, 0.003858, 0.729469, 0.0, 0.0, 0.0, 1.0],
                [1.0, 0.000637, 1e-06, 0.003366, -1e-06, 0.003855, -0.999992, 1.138296, -0.000637, 0.999992, 0.003855, 0.729753, 0.0, 0.0, 0.0, 1.0],
                [1.0, 0.000636, 1e-06, 0.001435, -1e-06, 0.003855, -0.999992, 1.13998, -0.000636, 0.999992, 0.003855, 0.740734, 0.0, 0.0, 0.0, 1.0]
            ]
        },
        {
            "name": "Thigh_R",
            "time": [0.0, 0.0333, 0.0667, 0.1, 0.1333, 0.1667, 0.2, 0.2333, 0.2667, 0.3, 0.3333, 0.3667, 0.4, 0.4333, 0.4667, 0.5, 0.5333, 0.5667, 0.6, 0.6333, 0.6667, 0.7, 0.7333, 0.7667, 0.8, 0.8333, 0.8667, 0.9, 0.9333, 0.9667, 1.0, 1.0333, 1.0667, 1.1, 1.1333, 1.1667, 1.2, 1.2333, 1.2667, 1.3, 1.3333, 1.3667, 1.4, 1.4333, 1.4667, 1.5, 1.5333, 1.5667, 1.6, 1.6333, 1.6667, 1.7, 1.7333, 1.7667, 1.8, 1.8333, 1.8667, 1.9, 1.9333, 1.9667, 2.0, 2.0333, 2.0667, 2.3],
            "transform": [
                [-0.295576, 0.555089, 0.777506, 0.102516, 0.281835, -0.726983, 0.626157, 0.000325, 0.912792, 0.404211, 0.058435, -0.013088, 0.0, 0.0, 0.0, 1.0],
                [-0.237268, 0.559272, 0.794307, 0.102516, 0.293201, -0.7383, 0.607415, 0.000325, 0.926133, 0.377018, 0.011196, -0.013088, 0.0, 0.0, 0.0, 1.0],
                [-0.17789, 0.560484, 0.808838, 0.102517, 0.302672, -0.750941, 0.586928, 0.000325, 0.936339, 0.349226, -0.036058, -0.013088, 0.0, 0.0, 0.0, 1.0],
                [-0.116794, 0.56407, 0.817429, 0.102517, 0.314289, -0.759774, 0.569185, 0.000325, 0.942108, 0.323391, -0.088544, -0.013088, 0.0, 0.0, 0.0, 1.0],
                [-0.052512, 0.579202, 0.813494, 0.102517, 0.332869, -0.757882, 0.561088, 0.000325, 0.941502, 0.300255, -0.153001, -0.013088, 0.0, 0.0, 0.0, 1.0],
                [-0.003385, 0.613988, 0.789313, 0.102517, 0.345894, -0.73988, 0.577011, 0.000325, 0.93826, 0.274976, -0.209871, -0.013088, 0.0, 0.0, 0.0, 1.0],
                [0.022428, 0.659219, 0.751622, 0.102516, 0.346823, -0.710257, 0.612582, 0.000325, 0.937654, 0.246945, -0.244562, -0.013088, 0.0, 0.0, 0.0, 1.0],
                [0.045699, 0.700769, 0.711928, 0.102517, 0.34989, -0.67876, 0.645652, 0.000325, 0.935667, 0.219595, -0.276211, -0.013088, 0.0, 0.0, 0.0, 1.0],
                [0.082914, 0.728238, 0.680297, 0.102516, 0.364742, -0.657461, 0.659328, 0.000325, 0.927401, 0.193468, -0.320132, -0.013088, 0.0, 0.0, 0.0, 1.0],
                [0.144009, 0.729888, 0.668232, 0.102517, 0.408106, -0.65898, 0.631822, 0.000325, 0.901496, 0.181725, -0.392771, -0.013088, 0.0, 0.0, 0.0, 1.0],
                [0.230097, 0.685997, 0.690268, 0.102516, 0.497393, -0.692559, 0.522461, 0.000325, 0.836446, 0.223121, -0.500567, -0.013088, 0.0, 0.0, 0.0, 1.0],
                [0.42856, 0.754022, 0.49779, 0.102517, 0.481675, -0.656802, 0.580177, 0.000325, 0.764402, -0.008868, -0.644673, -0.013088, 0.0, 0.0, 0.0, 1.0],
                [0.714116, 0.670165, 0.202281, 0.102517, 0.388478, -0.619787, 0.681874, 0.000325, 0.58233, -0.408361, -0.702945, -0.013088, 0.0, 0.0, 0.0, 1.0],
                [0.924696, 0.38011, -0.02102, 0.102517, 0.257192, -0.583076, 0.770636, 0.000325, 0.280665, -0.718022, -0.63693, -0.013088, 0.0, 0.0, 0.0, 1.0],
                [0.973564, -0.022212, -0.227301, 0.102516, 0.188268, -0.485335, 0.85382, 0.000325, -0.129281, -0.874055, -0.468324, -0.013088, 0.0, 0.0, 0.0, 1.0],
                [0.866069, -0.348389, -0.358525, 0.102516, 0.194316, -0.426175, 0.883527, 0.000325, -0.460599, -0.834874, -0.3014, -0.013088, 0.0, 0.0, 0.0, 1.0],
                [0.775909, -0.289931, -0.560268, 0.102516, 0.232299, -0.69441, 0.681056, 0.000325, -0.586508, -0.658594, -0.471449, -0.013088, 0.0, 0.0, 0.0, 1.0],
                [0.711712, -0.219179, -0.667398, 0.102517, 0.250241, -0.808649, 0.532423, 0.000325, -0.656378, -0.54595, -0.520678, -0.013088, 0.0, 0.0, 0.0, 1.0],
                [0.689957, -0.193767, -0.697429, 0.102517, 0.24776, -0.842094, 0.479065, 0.000325, -0.680116, -0.503337, -0.533002, -0.013088, 0.0, 0.0, 0.0, 1.0],
                [0.679721, -0.181695, -0.710604, 0.102517, 0.247354, -0.855298, 0.455296, 0.000325, -0.69049, -0.485254, -0.536422, -0.013089, 0.0, 0.0, 0.0, 1.0],
                [0.676325, -0.180066, -0.71425, 0.102516, 0.250027, -0.85598, 0.452547, 0.000325, -0.692858, -0.48466, -0.533899, -0.013088, 0.0, 0.0, 0.0, 1.0],
                [0.678172, -0.181856, -0.712041, 0.102517, 0.254082, -0.851134, 0.459376, 0.000325, -0.689569, -0.492462, -0.53101, -0.013088, 0.0, 0.0, 0.0, 1.0],
                [0.681992, -0.182389, -0.708247, 0.102517, 0.259271, -0.845222, 0.467324, 0.000325, -0.683846, -0.502349, -0.529147, -0.013088, 0.0, 0.0, 0.0, 1.0],
                [0.686056, -0.180325, -0.704842, 0.102516, 0.268035, -0.838016, 0.475288, 0.000325, -0.676362, -0.515006, -0.526593, -0.013088, 0.0, 0.0, 0.0, 1.0],
                [0.692242, -0.178554, -0.699222, 0.102517, 0.281466, -0.825378, 0.489428, 0.000325, -0.6645, -0.535619, -0.521105, -0.013088, 0.0, 0.0, 0.0, 1.0],
                [0.699171, -0.178749, -0.692244, 0.102516, 0.295822, -0.809148, 0.50772, 0.000325, -0.65087, -0.559774, -0.512856, -0.013088, 0.0, 0.0, 0.0, 1.0],
                [0.708539, -0.179136, -0.68255, 0.102517, 0.308647, -0.791151, 0.528039, 0.000325, -0.634581, -0.584813, -0.505272, -0.013088, 0.0, 0.0, 0.0, 1.0],
                [0.718899, -0.179523, -0.671526, 0.102517, 0.317921, -0.774194, 0.54732, 0.000325, -0.618137, -0.60697, -0.499493, -0.013088, 0.0, 0.0, 0.0, 1.0],
                [0.73167, -0.182416, -0.656793, 0.102517, 0.319526, -0.759335, 0.566851, 0.000325, -0.60212, -0.624619, -0.497296, -0.013088, 0.0, 0.0, 0.0, 1.0],
                [0.746451, -0.185293, -0.639116, 0.102517, 0.312098, -0.750778, 0.58218, 0.000325, -0.5877, -0.634045, -0.50259, -0.013088, 0.0, 0.0, 0.0, 1.0],
                [0.766013, -0.191182, -0.613733, 0.102517, 0.290397, -0.748857, 0.595725, 0.000325, -0.573484, -0.634566, -0.518115, -0.013088, 0.0, 0.0, 0.0, 1.0],
                [0.792905, -0.194066, -0.577611, 0.102516, 0.254094, -0.756278, 0.602898, 0.000325, -0.55383, -0.624814, -0.550346, -0.013088, 0.0, 0.0, 0.0, 1.0],
                [0.819596, -0.197861, -0.537687, 0.102516, 0.216848, -0.761535, 0.610776, 0.000325, -0.530311, -0.617191, -0.581246, -0.013088, 0.0, 0.0, 0.0, 1.0],
                [0.846292, -0.197927, -0.494578, 0.102517, 0.178255, -0.769683, 0.613041, 0.000325, -0.502, -0.60698, -0.616096, -0.013088, 0.0, 0.0, 0.0, 1.0],
                [0.871496, -0.191724, -0.451363, 0.102517, 0.145123, -0.778357, 0.610825, 0.000325, -0.468426, -0.597841, -0.650512, -0.013088, 0.0, 0.0, 0.0, 1.0],
                [0.892434, -0.182807, -0.412472, 0.102517, 0.118596, -0.787035, 0.605409, 0.000325, -0.435296, -0.589213, -0.680697, -0.013089, 0.0, 0.0, 0.0, 1.0],
                [0.908758, -0.170536, -0.380874, 0.102516, 0.101928, -0.794344, 0.598863, 0.000325, -0.404667, -0.583052, -0.704484, -0.013088, 0.0, 0.0, 0.0, 1.0],
                [0.919998, -0.157011, -0.359082, 0.102516, 0.094445, -0.800419, 0.591962, 0.000325, -0.380355, -0.578525, -0.721555, -0.013089, 0.0, 0.0, 0.0, 1.0],
                [0.928181, -0.143468, -0.343342, 0.102517, 0.090869, -0.80737, 0.583016, 0.000325, -0.360842, -0.572352, -0.736349, -0.013088, 0.0, 0.0, 0.0, 1.0],
                [0.93427, -0.128991, -0.332397, 0.102517, 0.091907, -0.813642, 0.574065, 0.000325, -0.344496, -0.566889, -0.748307, -0.013088, 0.0, 0.0, 0.0, 1.0],
                [0.939012, -0.113622, -0.32455, 0.102517, 0.096351, -0.819091, 0.565524, 0.000325, -0.330086, -0.562313, -0.758189, -0.013088, 0.0, 0.0, 0.0, 1.0],
                [0.9448, -0.097776, -0.312695, 0.102517, 0.100029, -0.822774, 0.559508, 0.000325, -0.311979, -0.55991, -0.767577, -0.013088, 0.0, 0.0, 0.0, 1.0],
                [0.95123, -0.078901, -0.298201, 0.102517, 0.105833, -0.824578, 0.55577, 0.000325, -0.289737, -0.560232, -0.776013, -0.013088, 0.0, 0.0, 0.0, 1.0],
                [0.958909, -0.059299, -0.277422, 0.102516, 0.109671, -0.824397, 0.555295, 0.000325, -0.261631, -0.562911, -0.784019, -0.013088, 0.0, 0.0, 0.0, 1.0],
                [0.967002, -0.017451, -0.254143, 0.102516, 0.124692, -0.837543, 0.531963, 0.000325, -0.222135, -0.546106, -0.80773, -0.013088, 0.0, 0.0, 0.0, 1.0],
                [0.9739, 0.03916, -0.223542, 0.102517, 0.148563, -0.854631, 0.49754, 0.000325, -0.17156, -0.517771, -0.838144, -0.013088, 0.0, 0.0, 0.0, 1.0],
                [0.976503, 0.100708, -0.190487, 0.102517, 0.179808, -0.867999, 0.462882, 0.000325, -0.118725, -0.486264, -0.865712, -0.013088, 0.0, 0.0, 0.0, 1.0],
                [0.976903, 0.15425, -0.147829, 0.102517, 0.203816, -0.880341, 0.428334, 0.000325, -0.064069, -0.448577, -0.891447, -0.013088, 0.0, 0.0, 0.0, 1.0],
                [0.975171, 0.19745, -0.100204, 0.102517, 0.221067, -0.893742, 0.39034, 0.000325, -0.012484, -0.402806, -0.915202, -0.013088, 0.0, 0.0, 0.0, 1.0],
                [0.972253, 0.229762, -0.043829, 0.102517, 0.230764, -0.911636, 0.340115, 0.000325, 0.038189, -0.340796, -0.939363, -0.013088, 0.0, 0.0, 0.0, 1.0],
                [0.96739, 0.252493, 0.019767, 0.102517, 0.237181, -0.930583, 0.278878, 0.000325, 0.088808, -0.265099, -0.960124, -0.013089, 0.0, 0.0, 0.0, 1.0],
                [0.960426, 0.26568, 0.083571, 0.102517, 0.242691, -0.94556, 0.216861, 0.000325, 0.136634, -0.187999, -0.97262, -0.013088, 0.0, 0.0, 0.0, 1.0],
                [0.95203, 0.271675, 0.140781, 0.102517, 0.247163, -0.954028, 0.169567, 0.000325, 0.180373, -0.126638, -0.975412, -0.013088, 0.0, 0.0, 0.0, 1.0],
                [0.943355, 0.271432, 0.190774, 0.102517, 0.250295, -0.959711, 0.127755, 0.000325, 0.217761, -0.072769, -0.973286, -0.013088, 0.0, 0.0, 0.0, 1.0],
                [0.935083, 0.26746, 0.232534, 0.102517, 0.251917, -0.963111, 0.094707, 0.000325, 0.249282, -0.02998, -0.967967, -0.013088, 0.0, 0.0, 0.0, 1.0],
                [0.929188, 0.263468, 0.259197, 0.102516, 0.243696, -0.96402, 0.106257, 0.000325, 0.277862, -0.035568, -0.959962, -0.013088, 0.0, 0.0, 0.0, 1.0],
                [0.922772, 0.26198, 0.282573, 0.102517, 0.236909, -0.964081, 0.120146, 0.000325, 0.303894, -0.043924, -0.951693, -0.013088, 0.0, 0.0, 0.0, 1.0],
                [0.916849, 0.261695, 0.301481, 0.102517, 0.231754, -0.963813, 0.131796, 0.000325, 0.325055, -0.050968, -0.94432, -0.013088, 0.0, 0.0, 0.0, 1.0],
                [0.910224, 0.26493, 0.318265, 0.102516, 0.229959, -0.962561, 0.14356, 0.000325, 0.344377, -0.057484, -0.93707, -0.013088, 0.0, 0.0, 0.0, 1.0],
                [0.903255, 0.268319, 0.334849, 0.102517, 0.227946, -0.961212, 0.155326, 0.000325, 0.363532, -0.063972, -0.929382, -0.013088, 0.0, 0.0, 0.0, 1.0],
                [0.89732, 0.27156, 0.347936, 0.102516, 0.227251, -0.960067, 0.163225, 0.000325, 0.378361, -0.067396, -0.923201, -0.013088, 0.0, 0.0, 0.0, 1.0],
                [0.891179, 0.274849, 0.360898, 0.102517, 0.226422, -0.958885, 0.171129, 0.000325, 0.393089, -0.070792, -0.916771, -0.013088, 0.0, 0.0, 0.0, 1.0],
                [0.885558, 0.275857, 0.373735, 0.102517, 0.225708, -0.95875, 0.172829, 0.000325, 0.405987, -0.068696, -0.911292, -0.013088, 0.0, 0.0, 0.0, 1.0],
                [0.86051, 0.267309, 0.43366, 0.102516, 0.232827, -0.963536, 0.131916, 0.000325, 0.453103, -0.012547, -0.891369, -0.013088, 0.0, 0.0, 0.0, 1.0]
            ]
        },
        {
            "name": "Leg_R",
            "time": [0.0, 0.0333, 0.0667, 0.1, 0.1333, 0.1667, 0.2, 0.2333, 0.2667, 0.3, 0.3333, 0.3667, 0.4, 0.4333, 0.4667, 0.5, 0.5333, 0.5667, 0.6, 0.6333, 0.6667, 0.7, 0.7333, 0.7667, 0.8, 0.8333, 0.8667, 0.9, 0.9333, 0.9667, 1.0, 1.0333, 1.0667, 1.1, 1.1333, 1.1667, 1.2, 1.2333, 1.2667, 1.3, 1.3333, 1.3667, 1.4, 1.4333, 1.4667, 1.5, 1.5333, 1.5667, 1.6, 1.6333, 1.6667, 1.7, 1.7333, 1.7667, 1.8, 1.8333, 1.8667, 1.9, 1.9333, 1.9667, 2.0, 2.0333, 2.0667, 2.3],
            "transform": [
                [0.999984, 0.001862, -0.000593, 0.0, -0.000595, 0.579099, 0.815261, 0.37472, 0.001861, -0.815274, 0.579089, 0.0, 0.0, 0.0, 0.0, 1.0],
                [0.999985, 0.00186, -0.0006, 0.0, -0.000604, 0.586043, 0.810283, 0.37472, 0.001859, -0.810297, 0.586032, 0.0, 0.0, 0.0, 0.0, 1.0],
                [0.999986, 0.001855, -0.000615, 0.0, -0.000619, 0.599139, 0.800648, 0.37472, 0.001854, -0.80066, 0.599129, -0.0, 0.0, 0.0, 0.0, 1.0],
                [0.999986, 0.001856, -0.000615, 0.0, -0.00062, 0.599141, 0.800647, 0.37472, 0.001854, -0.80066, 0.59913, 0.0, 0.0, 0.0, 0.0, 1.0],
                [0.999986, 0.001868, -0.000577, -0.0, -0.000581, 0.565686, 0.824623, 0.37472, 0.001867, -0.824636, 0.565676, -0.0, 0.0, 0.0, 0.0, 1.0],
                [0.999984, 0.001893, -0.000489, -0.0, -0.000492, 0.485687, 0.874133, 0.37472, 0.001892, -0.87415, 0.485677, 0.0, 0.0, 0.0, 0.0, 1.0],
                [0.999983, 0.001918, -0.000374, 0.0, -0.000377, 0.37676, 0.926309, 0.37472, 0.001918, -0.92633, 0.376751, -0.0, 0.0, 0.0, 0.0, 1.0],
                [0.999983, 0.001936, -0.000257, 0.0, -0.000259, 0.26158, 0.965178, 0.37472, 0.001935, -0.965201, 0.261573, 0.0, 0.0, 0.0, 0.0, 1.0],
                [0.999982, 0.001945, -0.000157, 0.0, -0.00016, 0.161873, 0.986807, 0.37472, 0.001945, -0.986831, 0.161869, 0.0, 0.0, 0.0, 0.0, 1.0],
                [0.999981, 0.001947, -9.5e-05, -0.0, -9.5e-05, 0.097164, 0.995264, 0.37472, 0.001947, -0.995287, 0.097162, -0.0, 0.0, 0.0, 0.0, 1.0],
                [0.99998, 0.001947, -0.000101, -0.0, -0.000102, 0.103653, 0.994609, 0.37472, 0.001947, -0.994633, 0.103651, 0.0, 0.0, 0.0, 0.0, 1.0],
                [0.99998, 0.001942, 0.000128, 0.0, 0.000128, -0.131204, 0.991353, 0.37472, 0.001942, -0.991374, -0.131201, 0.0, 0.0, 0.0, 0.0, 1.0],
                [0.999982, 0.001899, 0.000416, 0.0, 0.000419, -0.419226, 0.907886, 0.37472, 0.001898, -0.907895, -0.419221, 0.0, 0.0, 0.0, 0.0, 1.0],
                [0.999984, 0.001849, 0.000594, 0.0, 0.000597, -0.583549, 0.812085, 0.37472, 0.001848, -0.812086, -0.583547, 0.0, 0.0, 0.0, 0.0, 1.0],
                [0.999984, 0.001878, 0.000493, 0.0, 0.0005, -0.494078, 0.869422, 0.37472, 0.001877, -0.869426, -0.494075, 0.0, 0.0, 0.0, 0.0, 1.0],
                [0.999984, 0.001924, 0.000264, -0.0, 0.00027, -0.272471, 0.962164, 0.37472, 0.001923, -0.962176, -0.272468, 0.0, 0.0, 0.0, 0.0, 1.0],
                [0.999983, 0.00194, 6.5e-05, 0.0, 6e-05, -0.064388, 0.997921, 0.37472, 0.00194, -0.997941, -0.064386, -0.0, 0.0, 0.0, 0.0, 1.0],
                [0.999984, 0.001937, -0.000134, -0.0, -0.000144, 0.143003, 0.98972, 0.37472, 0.001937, -0.989737, 0.143, -0.0, 0.0, 0.0, 0.0, 1.0],
                [0.999984, 0.001929, -0.000223, 0.0, -0.000234, 0.233638, 0.972323, 0.37472, 0.001928, -0.972336, 0.233634, -0.0, 0.0, 0.0, 0.0, 1.0],
                [0.999984, 0.001923, -0.000281, -0.0, -0.000292, 0.291521, 0.956565, 0.37472, 0.001922, -0.956577, 0.291517, 0.0, 0.0, 0.0, 0.0, 1.0],
                [0.999984, 0.001917, -0.000314, 0.0, -0.000324, 0.324036, 0.946046, 0.37472, 0.001916, -0.946056, 0.324032, -0.0, 0.0, 0.0, 0.0, 1.0],
                [0.999984, 0.001915, -0.00033, -0.0, -0.000341, 0.340006, 0.940425, 0.37472, 0.001913, -0.940435, 0.340002, -0.0, 0.0, 0.0, 0.0, 1.0],
                [0.999984, 0.001914, -0.000339, 0.0, -0.00035, 0.348709, 0.937233, 0.37472, 0.001912, -0.937242, 0.348704, 0.0, 0.0, 0.0, 0.0, 1.0],
                [0.999984, 0.001914, -0.000339, -0.0, -0.000349, 0.348708, 0.937233, 0.37472, 0.001912, -0.937243, 0.348704, 0.0, 0.0, 0.0, 0.0, 1.0],
                [0.999984, 0.001915, -0.000328, -0.0, -0.000338, 0.337622, 0.941283, 0.37472, 0.001913, -0.941293, 0.337618, -0.0, 0.0, 0.0, 0.0, 1.0],
                [0.999984, 0.001918, -0.000308, 0.0, -0.000319, 0.3184, 0.947958, 0.37472, 0.001917, -0.947968, 0.318396, 0.0, 0.0, 0.0, 0.0, 1.0],
                [0.999985, 0.001922, -0.000285, 0.0, -0.000295, 0.295421, 0.955368, 0.37472, 0.00192, -0.955379, 0.295417, 0.0, 0.0, 0.0, 0.0, 1.0],
                [0.999983, 0.001924, -0.000262, -0.0, -0.000272, 0.272266, 0.962222, 0.37472, 0.001923, -0.962235, 0.272262, -0.0, 0.0, 0.0, 0.0, 1.0],
                [0.999984, 0.001927, -0.000239, 0.0, -0.000248, 0.248955, 0.968514, 0.37472, 0.001926, -0.968528, 0.248951, 0.0, 0.0, 0.0, 0.0, 1.0],
                [0.999983, 0.001929, -0.000221, -0.0, -0.000229, 0.23021, 0.97314, 0.37472, 0.001928, -0.973155, 0.230205, -0.0, 0.0, 0.0, 0.0, 1.0],
                [0.999984, 0.00193, -0.000209, -0.0, -0.000215, 0.217295, 0.976104, 0.37472, 0.001929, -0.97612, 0.217291, -0.0, 0.0, 0.0, 0.0, 1.0],
                [0.999983, 0.001931, -0.000201, 0.0, -0.000205, 0.207754, 0.978178, 0.37472, 0.001931, -0.978197, 0.20775, 0.0, 0.0, 0.0, 0.0, 1.0],
                [0.999983, 0.001932, -0.0002, -0.0, -0.000202, 0.206012, 0.978546, 0.37472, 0.001932, -0.978566, 0.206007, 0.0, 0.0, 0.0, 0.0, 1.0],
                [0.999982, 0.001933, -0.000208, 0.0, -0.000208, 0.21296, 0.977057, 0.37472, 0.001933, -0.977079, 0.212955, -0.0, 0.0, 0.0, 0.0, 1.0],
                [0.999982, 0.001933, -0.000225, 0.0, -0.000224, 0.229234, 0.973368, 0.37472, 0.001933, -0.97339, 0.229229, -0.0, 0.0, 0.0, 0.0, 1.0],
                [0.999981, 0.001934, -0.000242, 0.0, -0.00024, 0.245448, 0.969406, 0.37472, 0.001934, -0.969429, 0.245441, -0.0, 0.0, 0.0, 0.0, 1.0],
                [0.999982, 0.001932, -0.000257, 0.0, -0.000257, 0.261591, 0.965175, 0.37472, 0.001932, -0.965197, 0.261585, 0.0, 0.0, 0.0, 0.0, 1.0],
                [0.999982, 0.001932, -0.000267, -0.0, -0.000267, 0.271197, 0.96252, 0.37472, 0.001932, -0.962543, 0.27119, 0.0, 0.0, 0.0, 0.0, 1.0],
                [0.999982, 0.001932, -0.000276, -0.0, -0.000277, 0.280776, 0.95977, 0.37472, 0.001932, -0.959793, 0.280768, 0.0, 0.0, 0.0, 0.0, 1.0],
                [0.999982, 0.001932, -0.000282, -0.0, -0.000283, 0.286278, 0.958143, 0.37472, 0.001931, -0.958166, 0.28627, -0.0, 0.0, 0.0, 0.0, 1.0],
                [0.999982, 0.001931, -0.000288, 0.0, -0.000288, 0.291769, 0.956485, 0.37472, 0.001931, -0.956509, 0.291761, -0.0, 0.0, 0.0, 0.0, 1.0],
                [0.999982, 0.001931, -0.000293, 0.0, -0.000294, 0.297252, 0.954796, 0.37472, 0.001931, -0.954818, 0.297245, -0.0, 0.0, 0.0, 0.0, 1.0],
                [0.999983, 0.00193, -0.000301, -0.0, -0.000304, 0.306232, 0.951953, 0.37472, 0.001929, -0.951975, 0.306224, 0.0, 0.0, 0.0, 0.0, 1.0],
                [0.999983, 0.001927, -0.000318, 0.0, -0.000319, 0.321743, 0.946824, 0.37472, 0.001927, -0.946846, 0.321735, 0.0, 0.0, 0.0, 0.0, 1.0],
                [0.999984, 0.001923, -0.000346, 0.0, -0.000348, 0.34948, 0.936941, 0.37472, 0.001922, -0.936962, 0.349472, -0.0, 0.0, 0.0, 0.0, 1.0],
                [0.999985, 0.001915, -0.000389, 0.0, -0.000392, 0.391337, 0.920244, 0.37472, 0.001914, -0.920264, 0.391328, -0.0, 0.0, 0.0, 0.0, 1.0],
                [0.999985, 0.001905, -0.00044, -0.0, -0.000443, 0.439875, 0.898058, 0.37472, 0.001904, -0.898076, 0.439865, -0.0, 0.0, 0.0, 0.0, 1.0],
                [0.999986, 0.00189, -0.000498, 0.0, -0.000501, 0.494068, 0.869423, 0.37472, 0.001889, -0.86944, 0.494057, -0.0, 0.0, 0.0, 0.0, 1.0],
                [0.999987, 0.001872, -0.000562, 0.0, -0.000566, 0.552723, 0.833367, 0.37472, 0.001871, -0.833381, 0.552712, -0.0, 0.0, 0.0, 0.0, 1.0],
                [0.999987, 0.001846, -0.000642, -0.0, -0.000646, 0.622314, 0.782772, 0.37472, 0.001845, -0.782783, 0.622303, 0.0, 0.0, 0.0, 0.0, 1.0],
                [0.999987, 0.00181, -0.000738, -0.0, -0.000742, 0.700634, 0.713528, 0.37472, 0.001809, -0.713535, 0.700625, 0.0, 0.0, 0.0, 0.0, 1.0],
                [0.999987, 0.001767, -0.000837, 0.0, -0.00084, 0.774991, 0.631981, 0.37472, 0.001766, -0.631984, 0.774985, 0.0, 0.0, 0.0, 0.0, 1.0],
                [0.999987, 0.001729, -0.000915, -0.0, -0.000919, 0.827983, 0.560761, 0.37472, 0.001727, -0.560762, 0.82798, -0.0, 0.0, 0.0, 0.0, 1.0],
                [0.999987, 0.001689, -0.000985, 0.0, -0.000989, 0.87143, 0.490528, 0.37472, 0.001687, -0.490527, 0.871429, -0.0, 0.0, 0.0, 0.0, 1.0],
                [0.999988, 0.001654, -0.001043, 0.0, -0.001046, 0.903169, 0.429294, 0.37472, 0.001652, -0.429292, 0.90317, -0.0, 0.0, 0.0, 0.0, 1.0],
                [0.999988, 0.001652, -0.001047, 0.0, -0.00105, 0.904984, 0.425453, 0.37472, 0.00165, -0.425451, 0.904985, -0.0, 0.0, 0.0, 0.0, 1.0],
                [0.999989, 0.001655, -0.001041, 0.0, -0.001044, 0.902254, 0.431214, 0.37472, 0.001653, -0.431212, 0.902254, 0.0, 0.0, 0.0, 0.0, 1.0],
                [0.999988, 0.001662, -0.001029, -0.0, -0.001032, 0.896049, 0.443964, 0.37472, 0.00166, -0.443962, 0.89605, -0.0, 0.0, 0.0, 0.0, 1.0],
                [0.999987, 0.001672, -0.001015, 0.0, -0.001018, 0.888115, 0.45963, 0.37472, 0.00167, -0.459628, 0.888115, 0.0, 0.0, 0.0, 0.0, 1.0],
                [0.999987, 0.00168, -0.001, -0.0, -0.001003, 0.879908, 0.475154, 0.37472, 0.001678, -0.475152, 0.879908, -0.0, 0.0, 0.0, 0.0, 1.0],
                [0.999986, 0.001689, -0.000986, -0.0, -0.000988, 0.87143, 0.49053, 0.37472, 0.001687, -0.490528, 0.87143, -0.0, 0.0, 0.0, 0.0, 1.0],
                [0.999987, 0.001694, -0.000976, -0.0, -0.000979, 0.866121, 0.499843, 0.37472, 0.001692, -0.499842, 0.86612, 0.0, 0.0, 0.0, 0.0, 1.0],
                [0.999986, 0.001695, -0.000973, 0.0, -0.000976, 0.864328, 0.502939, 0.37472, 0.001694, -0.502937, 0.864328, -0.0, 0.0, 0.0, 0.0, 1.0],
                [0.999996, -0.001635, 0.001071, -0.0, 0.001069, 0.916077, 0.401003, 0.37472, -0.001637, -0.401001, 0.916076, 0.0, 0.0, 0.0, 0.0, 1.0]
            ]
        },
        {
            "name": "Knee_R",
            "time": [2.3, 0.0],
            "transform": [
                [1.0, 0.0, -0.0, 0.0, -0.0, 1e-06, -1.0, 0.37472, -0.0, 1.0, 1e-06, 0.0, 0.0, 0.0, 0.0, 1.0],
                [1.0, 0.0, -0.0, -0.0, -0.0, 1e-06, -1.0, 0.37472, -0.0, 1.0, 1e-06, 0.0, 0.0, 0.0, 0.0, 1.0]
            ]
        },
        {
            "name": "Thigh_L",
            "time": [0.0, 0.0333, 0.0667, 0.1, 0.1333, 0.1667, 0.2, 0.2333, 0.2667, 0.3, 0.3333, 0.3667, 0.4, 0.4333, 0.4667, 0.5, 0.5333, 0.5667, 0.6, 0.6333, 0.6667, 0.7, 0.7333, 0.7667, 0.8, 0.8333, 0.8667, 0.9, 0.9333, 0.9667, 1.0, 1.0333, 1.0667, 1.1, 1.1333, 1.1667, 1.2, 1.2333, 1.2667, 1.3, 1.3333, 1.3667, 1.4, 1.4333, 1.4667, 1.5, 1.5333, 1.5667, 1.6, 1.6333, 1.6667, 1.7, 1.7333, 1.7667, 1.8, 1.8333, 1.8667, 1.9, 1.9333, 1.9667, 2.0, 2.0333, 2.0667, 2.3],
            "transform": [
                [0.233888, 0.44721, 0.863309, 0.021776, -0.352689, -0.788438, 0.50397, -0.031933, 0.906028, -0.42236, -0.026681, -0.095847, 0.0, 0.0, 0.0, 1.0],
                [0.414745, 0.440692, 0.796102, 0.015214, -0.349357, -0.730732, 0.586506, -0.028717, 0.840189, -0.521384, -0.149109, -0.098105, 0.0, 0.0, 0.0, 1.0],
                [0.589532, 0.407782, 0.697253, 0.008752, -0.314888, -0.678899, 0.663286, -0.02504, 0.743826, -0.610597, -0.271827, -0.099886, 0.0, 0.0, 0.0, 1.0],
                [0.726009, 0.366846, 0.581659, 0.001845, -0.260297, -0.636302, 0.726203, -0.021704, 0.636504, -0.678647, -0.366473, -0.101027, 0.0, 0.0, 0.0, 1.0],
                [0.812649, 0.340385, 0.473, -0.006278, -0.204135, -0.593972, 0.778159, -0.019936, 0.545812, -0.728941, -0.413207, -0.101214, 0.0, 0.0, 0.0, 1.0],
                [0.862735, 0.327852, 0.384953, -0.014138, -0.162716, -0.54081, 0.825259, -0.019777, 0.478741, -0.774633, -0.413229, -0.100451, 0.0, 0.0, 0.0, 1.0],
                [0.895548, 0.319048, 0.310143, -0.02061, -0.131825, -0.47549, 0.86979, -0.020382, 0.424967, -0.81984, -0.383766, -0.099204, 0.0, 0.0, 0.0, 1.0],
                [0.917041, 0.313486, 0.246471, -0.027492, -0.10549, -0.405349, 0.908057, -0.021411, 0.384562, -0.858742, -0.338652, -0.097301, 0.0, 0.0, 0.0, 1.0],
                [0.930434, 0.313293, 0.190066, -0.036258, -0.078393, -0.336498, 0.938417, -0.022471, 0.357949, -0.888053, -0.288529, -0.09414, 0.0, 0.0, 0.0, 1.0],
                [0.937542, 0.317905, 0.141196, -0.04817, -0.04954, -0.279745, 0.958796, -0.022882, 0.344298, -0.905924, -0.246524, -0.088534, 0.0, 0.0, 0.0, 1.0],
                [0.941364, 0.324205, 0.093322, -0.063789, -0.010323, -0.24881, 0.968498, -0.021644, 0.337205, -0.912691, -0.230875, -0.07839, 0.0, 0.0, 0.0, 1.0],
                [0.938009, 0.335882, 0.085484, -0.086883, 0.025385, -0.312566, 0.949557, -0.015921, 0.345652, -0.888541, -0.301717, -0.053675, 0.0, 0.0, 0.0, 1.0],
                [0.962105, 0.256125, 0.093474, -0.102938, 0.063384, -0.543567, 0.836973, -0.003257, 0.265173, -0.799346, -0.539203, -0.008764, 0.0, 0.0, 0.0, 1.0],
                [0.999935, 0.010422, 0.001383, -0.095082, 0.007799, -0.823531, 0.567229, 0.011338, 0.007051, -0.567192, -0.823559, 0.038912, 0.0, 0.0, 0.0, 1.0],
                [0.741508, -0.480462, -0.468311, -0.064061, -0.417594, -0.876825, 0.238339, 0.016614, -0.525129, 0.018834, -0.850811, 0.07939, 0.0, 0.0, 0.0, 1.0],
                [0.081954, -0.669527, -0.738259, -0.02423, -0.67653, -0.581315, 0.452081, 0.011264, -0.731827, 0.462414, -0.500597, 0.099838, 0.0, 0.0, 0.0, 1.0],
                [-0.185424, -0.580781, -0.792665, 0.000696, -0.620958, -0.555935, 0.552582, 0.003938, -0.761584, 0.594685, -0.257557, 0.103271, 0.0, 0.0, 0.0, 1.0],
                [-0.322254, -0.464049, -0.825114, 0.015651, -0.559465, -0.609752, 0.561428, -0.00267, -0.76363, 0.642558, -0.063124, 0.10212, 0.0, 0.0, 0.0, 1.0],
                [-0.3794, -0.418378, -0.825237, 0.021326, -0.527772, -0.634725, 0.564432, -0.005488, -0.75993, 0.649695, 0.020006, 0.100973, 0.0, 0.0, 0.0, 1.0],
                [-0.412291, -0.390246, -0.82324, 0.024531, -0.503239, -0.655703, 0.562856, -0.007413, -0.759439, 0.64636, 0.073953, 0.100118, 0.0, 0.0, 0.0, 1.0],
                [-0.43005, -0.379451, -0.819191, 0.026178, -0.485059, -0.668181, 0.564142, -0.008631, -0.761417, 0.639978, 0.103295, 0.099603, 0.0, 0.0, 0.0, 1.0],
                [-0.436026, -0.382958, -0.814385, 0.026773, -0.473238, -0.672148, 0.569444, -0.009196, -0.765446, 0.633703, 0.111844, 0.099393, 0.0, 0.0, 0.0, 1.0],
                [-0.439107, -0.39359, -0.807633, 0.027091, -0.464448, -0.670059, 0.579062, -0.009424, -0.76906, 0.629386, 0.111425, 0.099286, 0.0, 0.0, 0.0, 1.0],
                [-0.441613, -0.415444, -0.795226, 0.027756, -0.455636, -0.659694, 0.597665, -0.009433, -0.772887, 0.626283, 0.102038, 0.0991, 0.0, 0.0, 0.0, 1.0],
                [-0.44525, -0.452348, -0.772744, 0.02884, -0.443778, -0.638082, 0.629219, -0.009273, -0.777686, 0.623099, 0.083364, 0.098806, 0.0, 0.0, 0.0, 1.0],
                [-0.445443, -0.487096, -0.751212, 0.029788, -0.434965, -0.615644, 0.657108, -0.008827, -0.782538, 0.619468, 0.062365, 0.098565, 0.0, 0.0, 0.0, 1.0],
                [-0.438014, -0.519002, -0.734017, 0.029854, -0.430789, -0.595477, 0.678108, -0.008059, -0.789016, 0.61324, 0.037247, 0.098611, 0.0, 0.0, 0.0, 1.0],
                [-0.420474, -0.544425, -0.725814, 0.0286, -0.433804, -0.581977, 0.687837, -0.006898, -0.796867, 0.604091, 0.008532, 0.09907, 0.0, 0.0, 0.0, 1.0],
                [-0.389072, -0.559363, -0.731942, 0.025428, -0.448168, -0.579249, 0.680896, -0.005451, -0.804829, 0.592962, -0.025319, 0.100021, 0.0, 0.0, 0.0, 1.0],
                [-0.338057, -0.560953, -0.75568, 0.019602, -0.476508, -0.590407, 0.651431, -0.003483, -0.811566, 0.58032, -0.067708, 0.101411, 0.0, 0.0, 0.0, 1.0],
                [-0.252649, -0.580832, -0.773827, 0.010018, -0.499957, -0.606363, 0.61836, -0.00086, -0.828367, 0.543119, -0.137194, 0.102858, 0.0, 0.0, 0.0, 1.0],
                [-0.13033, -0.60109, -0.788487, -0.00387, -0.532597, -0.628344, 0.567033, 0.003094, -0.836262, 0.493858, -0.238247, 0.103231, 0.0, 0.0, 0.0, 1.0],
                [0.010448, -0.613147, -0.789904, -0.019431, -0.55234, -0.662042, 0.50658, 0.006245, -0.833542, 0.431012, -0.345582, 0.101316, 0.0, 0.0, 0.0, 1.0],
                [0.161666, -0.615814, -0.771132, -0.035522, -0.559888, -0.700714, 0.442186, 0.00905, -0.812632, 0.360269, -0.458068, 0.096635, 0.0, 0.0, 0.0, 1.0],
                [0.310927, -0.606375, -0.731874, -0.050439, -0.551046, -0.742426, 0.380995, 0.010989, -0.774373, 0.28484, -0.564981, 0.08954, 0.0, 0.0, 0.0, 1.0],
                [0.442784, -0.586667, -0.678061, -0.062661, -0.53102, -0.780933, 0.328889, 0.012126, -0.722455, 0.214442, -0.657316, 0.081297, 0.0, 0.0, 0.0, 1.0],
                [0.550922, -0.559676, -0.61907, -0.071547, -0.502269, -0.814778, 0.289606, 0.012416, -0.666477, 0.151392, -0.729987, 0.073551, 0.0, 0.0, 0.0, 1.0],
                [0.642675, -0.529804, -0.553421, -0.07739, -0.461692, -0.844288, 0.27208, 0.012149, -0.611385, 0.080653, -0.787208, 0.067425, 0.0, 0.0, 0.0, 1.0],
                [0.727051, -0.495189, -0.475584, -0.081408, -0.407574, -0.868729, 0.281431, 0.011665, -0.552505, -0.010779, -0.833436, 0.062608, 0.0, 0.0, 0.0, 1.0],
                [0.801376, -0.458053, -0.384677, -0.084304, -0.346352, -0.879681, 0.325905, 0.011056, -0.487665, -0.127941, -0.863603, 0.058768, 0.0, 0.0, 0.0, 1.0],
                [0.862101, -0.413794, -0.292479, -0.086482, -0.287815, -0.874936, 0.389441, 0.010215, -0.41704, -0.251563, -0.873379, 0.055675, 0.0, 0.0, 0.0, 1.0],
                [0.908125, -0.366281, -0.202812, -0.088537, -0.24291, -0.855496, 0.457313, 0.009339, -0.341003, -0.36604, -0.865871, 0.052508, 0.0, 0.0, 0.0, 1.0],
                [0.939444, -0.318992, -0.125198, -0.090687, -0.211922, -0.827941, 0.519245, 0.008218, -0.269287, -0.461278, -0.845405, 0.048903, 0.0, 0.0, 0.0, 1.0],
                [0.958752, -0.276888, -0.064119, -0.093147, -0.193101, -0.800162, 0.567859, 0.006872, -0.208534, -0.532065, -0.820625, 0.044268, 0.0, 0.0, 0.0, 1.0],
                [0.967961, -0.246006, -0.050158, -0.095874, -0.180599, -0.821052, 0.541543, 0.00467, -0.174402, -0.515144, -0.839175, 0.038336, 0.0, 0.0, 0.0, 1.0],
