{
    "animation": [
        {
            "name": "Root",
            "time": [0.0, 0.0333, 0.0667, 0.1, 0.1333, 0.1667, 0.2, 0.2333, 0.2667, 0.3, 0.3333, 0.3667, 0.4, 0.4333, 0.4667, 0.5, 0.5333, 0.5667, 0.6, 0.6333, 0.6667, 0.7, 0.7333, 0.7667, 0.8, 0.8333, 0.8667, 0.9, 0.9333, 0.9667, 1.0, 1.0333, 1.0667, 1.1, 1.1333, 1.1667, 1.2, 1.2333, 1.2667, 1.3, 1.3333, 1.3667, 1.4, 1.4333, 1.4667, 1.5, 1.5333, 1.5667, 1.6, 1.6333, 1.6667, 1.7, 1.7333, 1.7667, 1.8, 1.8333, 1.8667, 1.9, 1.9333, 1.9667, 2.0, 2.0333, 2.0667, 2.1, 2.1333, 2.1667, 2.2, 2.2333, 2.2667, 2.3, 2.3333, 2.3667, 2.4, 2.4333, 2.4667, 2.5, 2.7333],
            "transform": [
                [0.999998, 0.002022, 3e-06, -0.134871, -4e-06, 0.003345, -0.999994, 0.001719, -0.002022, 0.999992, 0.003345, 0.393085, 0.0, 0.0, 0.0, 1.0],
                [0.999998, 0.002022, 3e-06, -0.134871, -4e-06, 0.003345, -0.999994, 0.001719, -0.002022, 0.999992, 0.003345, 0.393085, 0.0, 0.0, 0.0, 1.0],
                [0.999997, 0.002212, 3e-06, -0.125062, -4e-06, 0.003222, -0.999995, 0.002869, -0.002212, 0.999992, 0.003222, 0.407564, 0.0, 0.0, 0.0, 1.0],
                [0.999997, 0.002368, 4e-06, -0.11526, -4e-06, 0.003109, -0.999995, 0.00378, -0.002368, 0.999992, 0.003109, 0.422043, 0.0, 0.0, 0.0, 1.0],
                [0.999997, 0.002492, 3e-06, -0.105473, -4e-06, 0.003011, -0.999995, 0.003731, -0.002492, 0.999992, 0.003011, 0.431564, 0.0, 0.0, 0.0, 1.0],
                [0.999997, 0.002593, 3e-06, -0.098024, -4e-06, 0.002926, -0.999995, 0.002001, -0.002593, 0.999992, 0.002926, 0.433367, 0.0, 0.0, 0.0, 1.0],
                [0.999996, 0.00269, 3e-06, -0.090586, -4e-06, 0.002835, -0.999996, -0.001233, -0.00269, 0.999992, 0.002835, 0.428016, 0.0, 0.0, 0.0, 1.0],
                [0.999996, 0.002786, 3e-06, -0.083154, -4e-06, 0.00274, -0.999996, -0.005186, -0.002786, 0.999992, 0.00274, 0.418942, 0.0, 0.0, 0.0, 1.0],
                [0.999996, 0.002885, 4e-06, -0.075726, -4e-06, 0.00264, -0.999996, -0.009685, -0.002885, 0.999992, 0.00264, 0.407164, 0.0, 0.0, 0.0, 1.0],
                [0.999995, 0.002976, 3e-06, -0.068304, -4e-06, 0.002533, -0.999996, -0.014556, -0.002976, 0.999992, 0.002533, 0.393651, 0.0, 0.0, 0.0, 1.0],
                [0.999995, 0.003062, 3e-06, -0.060884, -4e-06, 0.002428, -0.999997, -0.01962, -0.003062, 0.999992, 0.002428, 0.380137, 0.0, 0.0, 0.0, 1.0],
                [0.999995, 0.003138, 3e-06, -0.05535, -4e-06, 0.002329, -0.999997, -0.024706, -0.003138, 0.999992, 0.002329, 0.366623, 0.0, 0.0, 0.0, 1.0],
                [0.999995, 0.003204, 3e-06, -0.049819, -4e-06, 0.002238, -0.999997, -0.02964, -0.003204, 0.999992, 0.002238, 0.35311, 0.0, 0.0, 0.0, 1.0],
                [0.999995, 0.003257, 3e-06, -0.044287, -4e-06, 0.00216, -0.999997, -0.034244, -0.003257, 0.999992, 0.00216, 0.342915, 0.0, 0.0, 0.0, 1.0],
                [0.999994, 0.003297, 3e-06, -0.040932, -4e-06, 0.002098, -0.999997, -0.038347, -0.003297, 0.999992, 0.002098, 0.336069, 0.0, 0.0, 0.0, 1.0],
                [0.999994, 0.003325, 3e-06, -0.037575, -4e-06, 0.002054, -0.999998, -0.042033, -0.003325, 0.999992, 0.002054, 0.332511, 0.0, 0.0, 0.0, 1.0],
                [0.999994, 0.003345, 3e-06, -0.03576, -3e-06, 0.002021, -0.999998, -0.045526, -0.003345, 0.999992, 0.002021, 0.328953, 0.0, 0.0, 0.0, 1.0],
                [0.999994, 0.003358, 3e-06, -0.033943, -3e-06, 0.002, -0.999998, -0.048859, -0.003358, 0.999992, 0.002, 0.327615, 0.0, 0.0, 0.0, 1.0],
                [0.999994, 0.003365, 3e-06, -0.033598, -3e-06, 0.001987, -0.999998, -0.052069, -0.003365, 0.999992, 0.001987, 0.326277, 0.0, 0.0, 0.0, 1.0],
                [0.999994, 0.003369, 3e-06, -0.033252, -4e-06, 0.001981, -0.999998, -0.055187, -0.003369, 0.999992, 0.001981, 0.326629, 0.0, 0.0, 0.0, 1.0],
                [0.999994, 0.003368, 3e-06, -0.032907, -4e-06, 0.001983, -0.999998, -0.058247, -0.003368, 0.999992, 0.001983, 0.326981, 0.0, 0.0, 0.0, 1.0],
                [0.999994, 0.003367, 3e-06, -0.03256, -4e-06, 0.001984, -0.999998, -0.061285, -0.003367, 0.999992, 0.001984, 0.328897, 0.0, 0.0, 0.0, 1.0],
                [0.999994, 0.003366, 3e-06, -0.032212, -4e-06, 0.001986, -0.999998, -0.064335, -0.003366, 0.999992, 0.001986, 0.330812, 0.0, 0.0, 0.0, 1.0],
                [0.999994, 0.003365, 3e-06, -0.031865, -3e-06, 0.001988, -0.999998, -0.067428, -0.003365, 0.999992, 0.001988, 0.332728, 0.0, 0.0, 0.0, 1.0],
                [0.999994, 0.003364, 3e-06, -0.031518, -3e-06, 0.001989, -0.999998, -0.0706, -0.003364, 0.999992, 0.001989, 0.334644, 0.0, 0.0, 0.0, 1.0],
                [0.999994, 0.003367, 3e-06, -0.031169, -4e-06, 0.001985, -0.999998, -0.073885, -0.003367, 0.999992, 0.001985, 0.33656, 0.0, 0.0, 0.0, 1.0],
                [0.999994, 0.003355, 3e-06, -0.032027, -4e-06, 0.002004, -0.999998, -0.078578, -0.003355, 0.999992, 0.002004, 0.36321, 0.0, 0.0, 0.0, 1.0],
                [0.999994, 0.003304, 3e-06, -0.03874, -4e-06, 0.002088, -0.999997, -0.073797, -0.003304, 0.999992, 0.002088, 0.387573, 0.0, 0.0, 0.0, 1.0],
                [0.999995, 0.003161, 3e-06, -0.052665, -4e-06, 0.002298, -0.999997, -0.043273, -0.003161, 0.999992, 0.002298, 0.402884, 0.0, 0.0, 0.0, 1.0],
                [0.999996, 0.002779, 4e-06, -0.087923, -4e-06, 0.002748, -0.999996, 0.043817, -0.002779, 0.999992, 0.002748, 0.397255, 0.0, 0.0, 0.0, 1.0],
                [0.999998, 0.002135, 3e-06, -0.118445, -4e-06, 0.003273, -0.999994, 0.168098, -0.002135, 0.999992, 0.003273, 0.379239, 0.0, 0.0, 0.0, 1.0],
                [0.999999, 0.001301, 2e-06, -0.129335, -3e-06, 0.003685, -0.999993, 0.310778, -0.001301, 0.999992, 0.003685, 0.35525, 0.0, 0.0, 0.0, 1.0],
                [1.0, 0.000372, 1e-06, -0.135932, -1e-06, 0.00389, -0.999992, 0.462886, -0.000372, 0.999992, 0.00389, 0.3279, 0.0, 0.0, 0.0, 1.0],
                [0.999994, -0.000631, 0.003406, -0.135494, 0.003408, 0.003857, -0.999987, 0.618726, 0.000617, 0.999992, 0.003859, 0.300551, 0.0, 0.0, 0.0, 1.0],
                [0.999994, -0.00162, 0.002949, -0.125285, 0.002954, 0.003555, -0.999989, 0.772606, 0.001609, 0.999992, 0.00356, 0.278233, 0.0, 0.0, 0.0, 1.0],
                [0.999993, -0.00247, 0.002773, -0.079386, 0.002781, 0.003027, -0.999991, 0.934744, 0.002462, 0.999992, 0.003034, 0.253555, 0.0, 0.0, 0.0, 1.0],
                [0.999992, -0.002927, 0.002764, -0.022417, 0.002772, 0.002589, -0.999992, 1.074597, 0.00292, 0.999992, 0.002597, 0.267935, 0.0, 0.0, 0.0, 1.0],
                [0.999992, -0.003013, 0.002771, 0.010956, 0.002779, 0.002489, -0.999993, 1.158603, 0.003006, 0.999992, 0.002498, 0.399915, 0.0, 0.0, 0.0, 1.0],
                [0.999992, -0.002983, 0.002769, 0.027117, 0.002777, 0.002523, -0.999993, 1.198295, 0.002976, 0.999992, 0.002532, 0.516548, 0.0, 0.0, 0.0, 1.0],
                [0.999991, -0.003028, 0.002773, 0.029402, 0.002781, 0.00247, -0.999993, 1.214039, 0.003021, 0.999992, 0.002479, 0.540266, 0.0, 0.0, 0.0, 1.0],
                [0.999991, -0.003077, 0.00278, 0.028438, 0.002788, 0.002411, -0.999993, 1.22611, 0.003071, 0.999992, 0.00242, 0.554918, 0.0, 0.0, 0.0, 1.0],
                [0.999991, -0.003124, 0.002788, 0.027487, 0.002795, 0.00235, -0.999993, 1.235059, 0.003118, 0.999992, 0.002358, 0.562357, 0.0, 0.0, 0.0, 1.0],
                [0.999991, -0.003169, 0.002794, 0.024471, 0.002801, 0.002287, -0.999993, 1.241436, 0.003162, 0.999992, 0.002295, 0.564453, 0.0, 0.0, 0.0, 1.0],
                [0.999991, -0.00321, 0.002803, 0.021445, 0.00281, 0.002228, -0.999993, 1.245811, 0.003204, 0.999992, 0.002238, 0.562066, 0.0, 0.0, 0.0, 1.0],
                [0.999991, -0.003244, 0.002812, 0.018459, 0.002819, 0.002179, -0.999993, 1.248682, 0.003238, 0.999992, 0.002188, 0.559709, 0.0, 0.0, 0.0, 1.0],
                [0.999991, -0.003271, 0.002819, 0.015457, 0.002826, 0.002137, -0.999993, 1.250651, 0.003265, 0.999992, 0.002147, 0.557336, 0.0, 0.0, 0.0, 1.0],
                [0.999991, -0.003291, 0.002825, 0.015207, 0.002832, 0.002107, -0.999993, 1.25225, 0.003285, 0.999992, 0.002117, 0.556801, 0.0, 0.0, 0.0, 1.0],
                [0.99999, -0.003303, 0.002828, 0.01496, 0.002835, 0.002089, -0.999994, 1.251594, 0.003297, 0.999992, 0.002098, 0.556266, 0.0, 0.0, 0.0, 1.0],
                [0.99999, -0.00331, 0.00283, 0.016932, 0.002837, 0.002077, -0.999993, 1.247372, 0.003304, 0.999992, 0.002086, 0.553386, 0.0, 0.0, 0.0, 1.0],
                [0.99999, -0.003311, 0.002831, 0.018909, 0.002837, 0.002076, -0.999994, 1.241, 0.003305, 0.999992, 0.002085, 0.548688, 0.0, 0.0, 0.0, 1.0],
                [0.99999, -0.003305, 0.002828, 0.020888, 0.002835, 0.002084, -0.999994, 1.233891, 0.0033, 0.999992, 0.002093, 0.543989, 0.0, 0.0, 0.0, 1.0],
                [0.999991, -0.003294, 0.002825, 0.02287, 0.002832, 0.002103, -0.999994, 1.227455, 0.003288, 0.999992, 0.002112, 0.539292, 0.0, 0.0, 0.0, 1.0],
                [0.999991, -0.003275, 0.00282, 0.024854, 0.002827, 0.002132, -0.999994, 1.223107, 0.003269, 0.999992, 0.002141, 0.534593, 0.0, 0.0, 0.0, 1.0],
                [0.999991, -0.003248, 0.002813, 0.025601, 0.00282, 0.002173, -0.999993, 1.222259, 0.003242, 0.999992, 0.002182, 0.532328, 0.0, 0.0, 0.0, 1.0],
                [0.999991, -0.003198, 0.002801, 0.024023, 0.002808, 0.002245, -0.999993, 1.232579, 0.003192, 0.999992, 0.002254, 0.532358, 0.0, 0.0, 0.0, 1.0],
                [0.999991, -0.003105, 0.002783, 0.020005, 0.002791, 0.002372, -0.999993, 1.2517, 0.003098, 0.999992, 0.002381, 0.536154, 0.0, 0.0, 0.0, 1.0],
                [0.999992, -0.002959, 0.002766, 0.015999, 0.002774, 0.002553, -0.999993, 1.26598, 0.002952, 0.999992, 0.002561, 0.546056, 0.0, 0.0, 0.0, 1.0],
                [0.999992, -0.002739, 0.002759, 0.010387, 0.002767, 0.002787, -0.999992, 1.270596, 0.002731, 0.999992, 0.002794, 0.563896, 0.0, 0.0, 0.0, 1.0],
                [0.999993, -0.002454, 0.002775, 0.004797, 0.002783, 0.003041, -0.999991, 1.271599, 0.002445, 0.999992, 0.003048, 0.586892, 0.0, 0.0, 0.0, 1.0],
                [0.999994, -0.002145, 0.002819, -0.000777, 0.002826, 0.003266, -0.99999, 1.271648, 0.002136, 0.999992, 0.003272, 0.609888, 0.0, 0.0, 0.0, 1.0],
                [0.999994, -0.001871, 0.002878, -0.00083, 0.002884, 0.00343, -0.99999, 1.273409, 0.001861, 0.999992, 0.003436, 0.628527, 0.0, 0.0, 0.0, 1.0],
                [0.999994, -0.001635, 0.002944, 0.0045, 0.002949, 0.00355, -0.999989, 1.277465, 0.001624, 0.999992, 0.003554, 0.642555, 0.0, 0.0, 0.0, 1.0],
                [0.999994, -0.001401, 0.003023, 0.012924, 0.003028, 0.003648, -0.999988, 1.282345, 0.00139, 0.999992, 0.003652, 0.656584, 0.0, 0.0, 0.0, 1.0],
                [0.999994, -0.001175, 0.003116, 0.022873, 0.00312, 0.003727, -0.999988, 1.287629, 0.001163, 0.999992, 0.003731, 0.668783, 0.0, 0.0, 0.0, 1.0],
                [0.999994, -0.000955, 0.00322, 0.032822, 0.003224, 0.003789, -0.999987, 1.292904, 0.000942, 0.999992, 0.003792, 0.680983, 0.0, 0.0, 0.0, 1.0],
                [0.999994, -0.000747, 0.003334, 0.042768, 0.003337, 0.003836, -0.999987, 1.29775, 0.000734, 0.999992, 0.003838, 0.690948, 0.0, 0.0, 0.0, 1.0],
                [0.999994, -0.000553, 0.003457, 0.049573, 0.003459, 0.003868, -0.999986, 1.301758, 0.000539, 0.999992, 0.00387, 0.700912, 0.0, 0.0, 0.0, 1.0],
                [0.999993, -0.000374, 0.003586, 0.052466, 0.003587, 0.00389, -0.999986, 1.304505, 0.00036, 0.999992, 0.003891, 0.708139, 0.0, 0.0, 0.0, 1.0],
                [0.999993, -0.00021, 0.003719, 0.050656, 0.00372, 0.003902, -0.999985, 1.305719, 0.000196, 0.999992, 0.003903, 0.715365, 0.0, 0.0, 0.0, 1.0],
                [0.999992, -6.4e-05, 0.003851, 0.045107, 0.003852, 0.003907, -0.999985, 1.305676, 4.9e-05, 0.999992, 0.003908, 0.720173, 0.0, 0.0, 0.0, 1.0],
                [1.0, 7.9e-05, 0.0, 0.036331, -0.0, 0.003907, -0.999992, 1.304792, -7.9e-05, 0.999992, 0.003907, 0.723204, 0.0, 0.0, 0.0, 1.0],
                [1.0, 0.000196, 0.0, 0.02749, -1e-06, 0.003902, -0.999992, 1.303482, -0.000196, 0.999992, 0.003902, 0.726245, 0.0, 0.0, 0.0, 1.0],
                [1.0, 0.000296, 0.0, 0.018751, -1e-06, 0.003897, -0.999992, 1.302182, -0.000296, 0.999992, 0.003897, 0.727827, 0.0, 0.0, 0.0, 1.0],
                [1.0, 0.00038, 1e-06, 0.010944, -1e-06, 0.003889, -0.999992, 1.301289, -0.00038, 0.999992, 0.003889, 0.729419, 0.0, 0.0, 0.0, 1.0],
                [1.0, 0.000453, 1e-06, 0.005744, -1e-06, 0.003881, -0.999992, 1.301227, -0.000453, 0.999992, 0.003881, 0.731012, 0.0, 0.0, 0.0, 1.0],
                [1.0, 0.000509, 1e-06, 0.002923, -1e-06, 0.003875, -0.999992, 1.301919, -0.000509, 0.999992, 0.003875, 0.732604, 0.0, 0.0, 0.0, 1.0],
                [1.0, 0.000614, 1e-06, 0.00033, -1e-06, 0.003859, -0.999992, 1.310514, -0.000614, 0.999992, 0.003859, 0.733703, 0.0, 0.0, 0.0, 1.0]
            ]
        },
        {
            "name": "Thigh_R",
            "time": [0.0, 0.0333, 0.0667, 0.1, 0.1333, 0.1667, 0.2, 0.2333, 0.2667, 0.3, 0.3333, 0.3667, 0.4, 0.4333, 0.4667, 0.5, 0.5333, 0.5667, 0.6, 0.6333, 0.6667, 0.7, 0.7333, 0.7667, 0.8, 0.8333, 0.8667, 0.9, 0.9333, 0.9667, 1.0, 1.0333, 1.0667, 1.1, 1.1333, 1.1667, 1.2, 1.2333, 1.2667, 1.3, 1.3333, 1.3667, 1.4, 1.4333, 1.4667, 1.5, 1.5333, 1.5667, 1.6, 1.6333, 1.6667, 1.7, 1.7333, 1.7667, 1.8, 1.8333, 1.8667, 1.9, 1.9333, 1.9667, 2.0, 2.0333, 2.0667, 2.1, 2.1333, 2.1667, 2.2, 2.2333, 2.2667, 2.3, 2.3333, 2.3667, 2.4, 2.4333, 2.4667, 2.5, 2.7333],
            "transform": [
                [0.47827, 0.511441, 0.713925, 0.103258, 0.681065, -0.729231, 0.06614, 0.003652, 0.554436, 0.4546, -0.697094, -0.002351, 0.0, 0.0, 0.0, 1.0],
                [0.390767, 0.712128, 0.583249, 0.099923, 0.678116, -0.651192, 0.340744, 0.000877, 0.622453, 0.262362, -0.73737, -0.026375, 0.0, 0.0, 0.0, 1.0],
                [0.273751, 0.727606, 0.629012, 0.099923, 0.668407, -0.61418, 0.419541, 0.000877, 0.691579, 0.305589, -0.654469, -0.026375, 0.0, 0.0, 0.0, 1.0],
                [0.156767, 0.737885, 0.656472, 0.099923, 0.6501, -0.577482, 0.493845, 0.000877, 0.743494, 0.349358, -0.57023, -0.026375, 0.0, 0.0, 0.0, 1.0],
                [0.058319, 0.743116, 0.666622, 0.099923, 0.629026, -0.545879, 0.553481, 0.000877, 0.775186, 0.387048, -0.499275, -0.026375, 0.0, 0.0, 0.0, 1.0],
                [-0.005568, 0.750941, 0.660351, 0.099923, 0.614251, -0.518526, 0.594832, 0.000877, 0.789084, 0.408937, -0.458379, -0.026375, 0.0, 0.0, 0.0, 1.0],
                [-0.038528, 0.766415, 0.641194, 0.099923, 0.605504, -0.492543, 0.625112, 0.000877, 0.794902, 0.412334, -0.445091, -0.026375, 0.0, 0.0, 0.0, 1.0],
                [-0.058221, 0.784173, 0.617811, 0.099923, 0.600438, -0.466905, 0.649209, 0.000877, 0.797542, 0.408759, -0.443664, -0.026375, 0.0, 0.0, 0.0, 1.0],
                [-0.067781, 0.802819, 0.592364, 0.099923, 0.597954, -0.442593, 0.668252, 0.000877, 0.798652, 0.399506, -0.450049, -0.026375, 0.0, 0.0, 0.0, 1.0],
                [-0.069044, 0.821607, 0.565865, 0.099923, 0.599768, -0.419077, 0.681653, 0.000877, 0.797182, 0.386456, -0.463839, -0.026375, 0.0, 0.0, 0.0, 1.0],
                [-0.063862, 0.8396, 0.539446, 0.099923, 0.603234, -0.398141, 0.691079, 0.000877, 0.794996, 0.36955, -0.48105, -0.026375, 0.0, 0.0, 0.0, 1.0],
                [-0.056322, 0.855316, 0.515044, 0.099923, 0.607984, -0.379805, 0.697209, 0.000877, 0.791942, 0.35241, -0.498628, -0.026375, 0.0, 0.0, 0.0, 1.0],
                [-0.049897, 0.868863, 0.49254, 0.099923, 0.611881, -0.363176, 0.70264, 0.000877, 0.789368, 0.336438, -0.51352, -0.026375, 0.0, 0.0, 0.0, 1.0],
                [-0.046816, 0.878759, 0.474972, 0.099923, 0.614079, -0.349713, 0.707535, 0.000877, 0.787848, 0.324798, -0.523256, -0.026375, 0.0, 0.0, 0.0, 1.0],
                [-0.052089, 0.885543, 0.461637, 0.099923, 0.612911, -0.336612, 0.714864, 0.000877, 0.788427, 0.320182, -0.525225, -0.026375, 0.0, 0.0, 0.0, 1.0],
                [-0.061727, 0.888698, 0.45433, 0.099923, 0.611574, -0.326058, 0.720874, 0.000877, 0.788768, 0.322357, -0.523378, -0.026375, 0.0, 0.0, 0.0, 1.0],
                [-0.067006, 0.891554, 0.447939, 0.099923, 0.609633, -0.318816, 0.725742, 0.000877, 0.789841, 0.321711, -0.522158, -0.026375, 0.0, 0.0, 0.0, 1.0],
                [-0.071418, 0.893243, 0.443874, 0.099923, 0.606581, -0.314371, 0.730225, 0.000877, 0.791801, 0.3214, -0.519372, -0.026375, 0.0, 0.0, 0.0, 1.0],
                [-0.07392, 0.894227, 0.441478, 0.099923, 0.604346, -0.311975, 0.7331, 0.000877, 0.793279, 0.320999, -0.517361, -0.026375, 0.0, 0.0, 0.0, 1.0],
                [-0.074732, 0.895514, 0.438724, 0.099923, 0.600753, -0.310726, 0.736574, 0.000877, 0.795927, 0.318614, -0.514762, -0.026375, 0.0, 0.0, 0.0, 1.0],
                [-0.077578, 0.89527, 0.438728, 0.099923, 0.595733, -0.311229, 0.74043, 0.000877, 0.79942, 0.31881, -0.509197, -0.026375, 0.0, 0.0, 0.0, 1.0],
                [-0.082518, 0.894625, 0.439143, 0.099923, 0.589652, -0.311412, 0.745205, 0.000877, 0.803424, 0.320437, -0.50182, -0.026375, 0.0, 0.0, 0.0, 1.0],
                [-0.08744, 0.893983, 0.439498, 0.099923, 0.583518, -0.311611, 0.749935, 0.000877, 0.807372, 0.322033, -0.494408, -0.026375, 0.0, 0.0, 0.0, 1.0],
                [-0.097885, 0.893419, 0.438441, 0.099923, 0.574235, -0.309117, 0.758089, 0.000877, 0.812811, 0.325977, -0.482775, -0.026375, 0.0, 0.0, 0.0, 1.0],
                [-0.108273, 0.892828, 0.437201, 0.099923, 0.564796, -0.30667, 0.766131, 0.000877, 0.818089, 0.329885, -0.471062, -0.026375, 0.0, 0.0, 0.0, 1.0],
                [-0.127451, 0.891286, 0.435172, 0.099923, 0.552213, -0.300696, 0.777587, 0.000877, 0.823897, 0.339416, -0.453856, -0.026375, 0.0, 0.0, 0.0, 1.0],
                [-0.129071, 0.874803, 0.46698, 0.099923, 0.522002, -0.340454, 0.782051, 0.000877, 0.843115, 0.344708, -0.412706, -0.026375, 0.0, 0.0, 0.0, 1.0],
                [-0.104223, 0.85794, 0.503077, 0.099923, 0.511099, -0.387726, 0.767102, 0.000877, 0.853173, 0.337075, -0.398082, -0.026375, 0.0, 0.0, 0.0, 1.0],
                [-0.023573, 0.833479, 0.552055, 0.099923, 0.548756, -0.450795, 0.704024, 0.000877, 0.835643, 0.319543, -0.44675, -0.026375, 0.0, 0.0, 0.0, 1.0],
                [0.07994, 0.789122, 0.609019, 0.099923, 0.639265, -0.509372, 0.576089, 0.000877, 0.764813, 0.343275, -0.545177, -0.026375, 0.0, 0.0, 0.0, 1.0],
                [0.176893, 0.693082, 0.698821, 0.099923, 0.739269, -0.562298, 0.370541, 0.000877, 0.649754, 0.451075, -0.611841, -0.026375, 0.0, 0.0, 0.0, 1.0],
                [0.29841, 0.505625, 0.809504, 0.099923, 0.813729, -0.578024, 0.061066, 0.000877, 0.498784, 0.640502, -0.58393, -0.026375, 0.0, 0.0, 0.0, 1.0],
                [0.659975, 0.660765, 0.357524, 0.099923, 0.607585, -0.749341, 0.263306, 0.000877, 0.441886, 0.043451, -0.896017, -0.026375, 0.0, 0.0, 0.0, 1.0],
                [0.974145, 0.158976, -0.160498, 0.099923, 0.222937, -0.56179, 0.796677, 0.000877, 0.036486, -0.811868, -0.582706, -0.026375, 0.0, 0.0, 0.0, 1.0],
                [0.799573, -0.32069, -0.507775, 0.099923, 0.514865, -0.069231, 0.85447, 0.000877, -0.30917, -0.944657, 0.109757, -0.026375, 0.0, 0.0, 0.0, 1.0],
                [0.767026, -0.258074, -0.587421, 0.099923, 0.606568, -0.006752, 0.795001, 0.000877, -0.209133, -0.966107, 0.151361, -0.026375, 0.0, 0.0, 0.0, 1.0],
                [0.475352, -0.468722, -0.744541, 0.099923, 0.703759, -0.305275, 0.641502, 0.000877, -0.52797, -0.828927, 0.184755, -0.026375, 0.0, 0.0, 0.0, 1.0],
                [0.144203, -0.524251, -0.839267, 0.099923, 0.572598, -0.647513, 0.502851, 0.000877, -0.807046, -0.553083, 0.206812, -0.026375, 0.0, 0.0, 0.0, 1.0],
                [0.458113, -0.397099, -0.795264, 0.099923, 0.477889, -0.644345, 0.597029, 0.000877, -0.749496, -0.653562, -0.105414, -0.026375, 0.0, 0.0, 0.0, 1.0],
                [0.54145, -0.345708, -0.766366, 0.099923, 0.444518, -0.655996, 0.60998, 0.000877, -0.7136, -0.670944, -0.201515, -0.026375, 0.0, 0.0, 0.0, 1.0],
                [0.562232, -0.329043, -0.758699, 0.099923, 0.422759, -0.674138, 0.605653, 0.000877, -0.710746, -0.661272, -0.239916, -0.026375, 0.0, 0.0, 0.0, 1.0],
                [0.561911, -0.315662, -0.764599, 0.099923, 0.412558, -0.694217, 0.589798, 0.000877, -0.716967, -0.646862, -0.259859, -0.026375, 0.0, 0.0, 0.0, 1.0],
                [0.553595, -0.304821, -0.774993, 0.099923, 0.412259, -0.708268, 0.573063, 0.000877, -0.723578, -0.636749, -0.266428, -0.026375, 0.0, 0.0, 0.0, 1.0],
                [0.539372, -0.295996, -0.788329, 0.099923, 0.414074, -0.721948, 0.55438, 0.000877, -0.73322, -0.62545, -0.266834, -0.026375, 0.0, 0.0, 0.0, 1.0],
                [0.526377, -0.28649, -0.800531, 0.099923, 0.417314, -0.733267, 0.536816, 0.000877, -0.740788, -0.616647, -0.266419, -0.026375, 0.0, 0.0, 0.0, 1.0],
                [0.514856, -0.280018, -0.810254, 0.099923, 0.418484, -0.742795, 0.52262, 0.000877, -0.748188, -0.608158, -0.265249, -0.026375, 0.0, 0.0, 0.0, 1.0],
                [0.507174, -0.275088, -0.816761, 0.099923, 0.419721, -0.748879, 0.512854, 0.000877, -0.752727, -0.602925, -0.264352, -0.026375, 0.0, 0.0, 0.0, 1.0],
                [0.502847, -0.272303, -0.820362, 0.099923, 0.421017, -0.751732, 0.507589, 0.000877, -0.754904, -0.600632, -0.263362, -0.026375, 0.0, 0.0, 0.0, 1.0],
                [0.498807, -0.272248, -0.822843, 0.099923, 0.427726, -0.748399, 0.506905, 0.000877, -0.753812, -0.604805, -0.256859, -0.026375, 0.0, 0.0, 0.0, 1.0],
                [0.496173, -0.273616, -0.823981, 0.099923, 0.435695, -0.742428, 0.508895, 0.000877, -0.750981, -0.611511, -0.24916, -0.026375, 0.0, 0.0, 0.0, 1.0],
                [0.495378, -0.275766, -0.823743, 0.099923, 0.445143, -0.733721, 0.513327, 0.000877, -0.745948, -0.620981, -0.240713, -0.026375, 0.0, 0.0, 0.0, 1.0],
                [0.497056, -0.278076, -0.821953, 0.099923, 0.453108, -0.724676, 0.519173, 0.000877, -0.740013, -0.630498, -0.234206, -0.026375, 0.0, 0.0, 0.0, 1.0],
                [0.502559, -0.280546, -0.817758, 0.099923, 0.458029, -0.715833, 0.527064, 0.000877, -0.733236, -0.639443, -0.23125, -0.026375, 0.0, 0.0, 0.0, 1.0],
                [0.512461, -0.280555, -0.811585, 0.099923, 0.458535, -0.709694, 0.534867, 0.000877, -0.726029, -0.646246, -0.235046, -0.026375, 0.0, 0.0, 0.0, 1.0],
                [0.533804, -0.275033, -0.79963, 0.099923, 0.447151, -0.710796, 0.542981, 0.000877, -0.717704, -0.647408, -0.256445, -0.026375, 0.0, 0.0, 0.0, 1.0],
                [0.57294, -0.263517, -0.776077, 0.099923, 0.425323, -0.713827, 0.556375, 0.000877, -0.700592, -0.64886, -0.296901, -0.026375, 0.0, 0.0, 0.0, 1.0],
                [0.634746, -0.246819, -0.732239, 0.099923, 0.393973, -0.711826, 0.581457, 0.000877, -0.664734, -0.657568, -0.354589, -0.026375, 0.0, 0.0, 0.0, 1.0],
                [0.730981, -0.213801, -0.648036, 0.099923, 0.342608, -0.706302, 0.619485, 0.000877, -0.590149, -0.674862, -0.443043, -0.026375, 0.0, 0.0, 0.0, 1.0],
                [0.832385, -0.165188, -0.528999, 0.099923, 0.279716, -0.698811, 0.658351, 0.000877, -0.478417, -0.69598, -0.535474, -0.026375, 0.0, 0.0, 0.0, 1.0],
                [0.909927, -0.114734, -0.398572, 0.099923, 0.209774, -0.701692, 0.680902, 0.000877, -0.357794, -0.70319, -0.61442, -0.026375, 0.0, 0.0, 0.0, 1.0],
                [0.952432, -0.083514, -0.293066, 0.099923, 0.148765, -0.711906, 0.686342, 0.000877, -0.265952, -0.6973, -0.665618, -0.026375, 0.0, 0.0, 0.0, 1.0],
                [0.972451, -0.070383, -0.222205, 0.099923, 0.102234, -0.727934, 0.677987, 0.000877, -0.209467, -0.682034, -0.700684, -0.026375, 0.0, 0.0, 0.0, 1.0],
                [0.984596, -0.065495, -0.162078, 0.099923, 0.059412, -0.7466, 0.66262, 0.000877, -0.164404, -0.66205, -0.731208, -0.026375, 0.0, 0.0, 0.0, 1.0],
                [0.991823, -0.065778, -0.109313, 0.099923, 0.020152, -0.765307, 0.643356, 0.000877, -0.125975, -0.640305, -0.757723, -0.026375, 0.0, 0.0, 0.0, 1.0],
                [0.995664, -0.068603, -0.062727, 0.099923, -0.014736, -0.782751, 0.622166, 0.000877, -0.091781, -0.618551, -0.780369, -0.026375, 0.0, 0.0, 0.0, 1.0],
                [0.997281, -0.071261, -0.018488, 0.099923, -0.046296, -0.802311, 0.595114, 0.000877, -0.057241, -0.592647, -0.803428, -0.026375, 0.0, 0.0, 0.0, 1.0],
                [0.996911, -0.074132, 0.025724, 0.099923, -0.075661, -0.82123, 0.565566, 0.000877, -0.020801, -0.565772, -0.824302, -0.026375, 0.0, 0.0, 0.0, 1.0],
                [0.994506, -0.075203, 0.07274, 0.099923, -0.102502, -0.839685, 0.53332, 0.000877, 0.020971, -0.537853, -0.84278, -0.026375, 0.0, 0.0, 0.0, 1.0],
                [0.99248, -0.042807, 0.11463, 0.099923, -0.095415, -0.857245, 0.505999, 0.000877, 0.076605, -0.513137, -0.854883, -0.026375, 0.0, 0.0, 0.0, 1.0],
                [0.988268, 0.007713, 0.152499, 0.099923, -0.06611, -0.878651, 0.472873, 0.000877, 0.13764, -0.477413, -0.867833, -0.026375, 0.0, 0.0, 0.0, 1.0],
                [0.979804, 0.069897, 0.187314, 0.099923, -0.016693, -0.90503, 0.425031, 0.000877, 0.199231, -0.419579, -0.885586, -0.026375, 0.0, 0.0, 0.0, 1.0],
                [0.965882, 0.134382, 0.221369, 0.099923, 0.046922, -0.931497, 0.360724, 0.000877, 0.254677, -0.338034, -0.906021, -0.026375, 0.0, 0.0, 0.0, 1.0],
                [0.946904, 0.190243, 0.259175, 0.099923, 0.113549, -0.952084, 0.283995, 0.000877, 0.300781, -0.23949, -0.923134, -0.026375, 0.0, 0.0, 0.0, 1.0],
                [0.925816, 0.230119, 0.299834, 0.099923, 0.17256, -0.963145, 0.206361, 0.000877, 0.336267, -0.139314, -0.931405, -0.026375, 0.0, 0.0, 0.0, 1.0],
                [0.907729, 0.248222, 0.338241, 0.099923, 0.212297, -0.967131, 0.139992, 0.000877, 0.361868, -0.055268, -0.930589, -0.026375, 0.0, 0.0, 0.0, 1.0],
                [0.898586, 0.250536, 0.360232, 0.099923, 0.21093, -0.966535, 0.14604, 0.000877, 0.384761, -0.055246, -0.921361, -0.026375, 0.0, 0.0, 0.0, 1.0],
                [0.86051, 0.267309, 0.43366, 0.102516, 0.232826, -0.963536, 0.131915, 0.000325, 0.453103, -0.012547, -0.891369, -0.013088, 0.0, 0.0, 0.0, 1.0]
            ]
        },
        {
            "name": "Leg_R",
            "time": [0.0, 0.0333, 0.0667, 0.1, 0.1333, 0.1667, 0.2, 0.2333, 0.2667, 0.3, 0.3333, 0.3667, 0.4, 0.4333, 0.4667, 0.5, 0.5333, 0.5667, 0.6, 0.6333, 0.6667, 0.7, 0.7333, 0.7667, 0.8, 0.8333, 0.8667, 0.9, 0.9333, 0.9667, 1.0, 1.0333, 1.0667, 1.1, 1.1333, 1.1667, 1.2, 1.2333, 1.2667, 1.3, 1.3333, 1.3667, 1.4, 1.4333, 1.4667, 1.5, 1.5333, 1.5667, 1.6, 1.6333, 1.6667, 1.7, 1.7333, 1.7667, 1.8, 1.8333, 1.8667, 1.9, 1.9333, 1.9667, 2.0, 2.0333, 2.0667, 2.1, 2.1333, 2.1667, 2.2, 2.2333, 2.2667, 2.3, 2.3333, 2.3667, 2.4, 2.4333, 2.4667, 2.5, 2.7333],
            "transform": [
                [0.999996, -0.001765, 0.000841, 0.0, 0.000839, 0.775915, 0.630838, 0.37472, -0.001766, -0.630838, 0.775913, -0.0, 0.0, 0.0, 0.0, 1.0],
                [1.000002, 0.001921, -0.000352, -0.0, -0.000354, 0.355338, 0.934737, 0.37472, 0.00192, -0.934733, 0.355339, -0.0, 0.0, 0.0, 0.0, 1.0],
                [1.000002, 0.001918, -0.000366, 0.0, -0.000369, 0.369807, 0.929108, 0.37472, 0.001918, -0.929103, 0.369808, 0.0, 0.0, 0.0, 0.0, 1.0],
                [1.000002, 0.001916, -0.000376, -0.0, -0.000378, 0.379079, 0.925364, 0.37472, 0.001915, -0.925358, 0.379081, -0.0, 0.0, 0.0, 0.0, 1.0],
                [1.000002, 0.001916, -0.000372, 0.0, -0.000375, 0.375996, 0.926621, 0.37472, 0.001916, -0.926616, 0.375997, 0.0, 0.0, 0.0, 0.0, 1.0],
                [1.000002, 0.00192, -0.000352, 0.0, -0.000354, 0.355769, 0.934574, 0.37472, 0.00192, -0.934569, 0.35577, 0.0, 0.0, 0.0, 0.0, 1.0],
                [1.000002, 0.001928, -0.00031, -0.0, -0.000311, 0.313536, 0.949576, 0.37472, 0.001928, -0.949571, 0.313537, -0.0, 0.0, 0.0, 0.0, 1.0],
                [1.000002, 0.001935, -0.000258, -0.0, -0.00026, 0.263268, 0.964722, 0.37472, 0.001934, -0.964718, 0.263268, -0.0, 0.0, 0.0, 0.0, 1.0],
                [1.000002, 0.001942, -0.000204, -0.0, -0.000205, 0.208423, 0.978038, 0.37472, 0.001942, -0.978035, 0.208423, 0.0, 0.0, 0.0, 0.0, 1.0],
                [1.000002, 0.001946, -0.000148, -0.0, -0.000151, 0.152914, 0.988239, 0.37472, 0.001946, -0.988236, 0.152915, -0.0, 0.0, 0.0, 0.0, 1.0],
                [1.000002, 0.00195, -9.7e-05, -0.0, -9.9e-05, 0.099955, 0.994991, 0.37472, 0.00195, -0.994988, 0.099955, -0.0, 0.0, 0.0, 0.0, 1.0],
                [1.000002, 0.001951, -4.8e-05, -0.0, -5.1e-05, 0.05111, 0.998693, 0.37472, 0.001951, -0.998689, 0.05111, -0.0, 0.0, 0.0, 0.0, 1.0],
                [1.000002, 0.001952, -7e-06, 0.0, -1e-05, 0.008771, 0.999961, 0.37472, 0.001952, -0.999957, 0.008771, 0.0, 0.0, 0.0, 0.0, 1.0],
                [1.000001, 0.001952, 2.4e-05, 0.0, 2.2e-05, -0.023309, 0.999728, 0.37472, 0.001952, -0.999725, -0.023309, 0.0, 0.0, 0.0, 0.0, 1.0],
                [1.000002, 0.001951, 4.8e-05, -0.0, 4.6e-05, -0.048252, 0.998835, 0.37472, 0.001952, -0.998832, -0.048252, -0.0, 0.0, 0.0, 0.0, 1.0],
                [1.000002, 0.001951, 6.1e-05, 0.0, 5.8e-05, -0.061038, 0.998134, 0.37472, 0.001951, -0.998132, -0.061038, -0.0, 0.0, 0.0, 0.0, 1.0],
                [1.000002, 0.001951, 7.3e-05, -0.0, 7.1e-05, -0.073814, 0.997272, 0.37472, 0.001951, -0.997268, -0.073814, 0.0, 0.0, 0.0, 0.0, 1.0],
                [1.000002, 0.00195, 8e-05, -0.0, 7.8e-05, -0.080841, 0.996726, 0.37472, 0.00195, -0.996723, -0.080841, 0.0, 0.0, 0.0, 0.0, 1.0],
                [1.000001, 0.001949, 8.7e-05, 0.0, 8.4e-05, -0.087865, 0.996132, 0.37472, 0.001949, -0.99613, -0.087865, 0.0, 0.0, 0.0, 0.0, 1.0],
                [1.000002, 0.00195, 9e-05, 0.0, 8.7e-05, -0.09066, 0.995881, 0.37472, 0.00195, -0.995878, -0.09066, 0.0, 0.0, 0.0, 0.0, 1.0],
                [1.000002, 0.00195, 9.2e-05, 0.0, 9.1e-05, -0.093455, 0.995623, 0.37472, 0.00195, -0.99562, -0.093455, -0.0, 0.0, 0.0, 0.0, 1.0],
                [1.000002, 0.001949, 9.3e-05, 0.0, 9.1e-05, -0.094199, 0.995553, 0.37472, 0.00195, -0.99555, -0.094199, 0.0, 0.0, 0.0, 0.0, 1.0],
                [1.000002, 0.00195, 9.4e-05, -0.0, 9.1e-05, -0.094943, 0.995481, 0.37472, 0.00195, -0.99548, -0.094943, 0.0, 0.0, 0.0, 0.0, 1.0],
                [1.000001, 0.001949, 9.4e-05, -0.0, 9.3e-05, -0.095685, 0.995411, 0.37472, 0.001949, -0.995409, -0.095685, 0.0, 0.0, 0.0, 0.0, 1.0],
                [1.000002, 0.001949, 9.6e-05, 0.0, 9.3e-05, -0.09643, 0.995339, 0.37472, 0.001949, -0.995336, -0.09643, 0.0, 0.0, 0.0, 0.0, 1.0],
                [1.000002, 0.001949, 9.6e-05, 0.0, 9.4e-05, -0.097173, 0.995266, 0.37472, 0.001949, -0.995264, -0.097173, 0.0, 0.0, 0.0, 0.0, 1.0],
                [1.000002, 0.001951, 4.2e-05, -0.0, 3.9e-05, -0.041568, 0.999135, 0.37472, 0.001952, -0.999133, -0.041568, 0.0, 0.0, 0.0, 0.0, 1.0],
                [1.000001, 0.001952, -2.3e-05, 0.0, -2.7e-05, 0.025239, 0.99968, 0.37472, 0.001952, -0.999679, 0.025239, 0.0, 0.0, 0.0, 0.0, 1.0],
                [1.000001, 0.001949, -0.000112, -0.0, -0.000115, 0.115644, 0.99329, 0.37472, 0.001949, -0.993287, 0.115644, -0.0, 0.0, 0.0, 0.0, 1.0],
                [1.000002, 0.001936, -0.000247, -0.0, -0.000251, 0.25317, 0.967421, 0.37472, 0.001935, -0.967417, 0.253171, -0.0, 0.0, 0.0, 0.0, 1.0],
                [1.000002, 0.001897, -0.000462, 0.0, -0.000463, 0.460163, 0.887834, 0.37472, 0.001897, -0.887829, 0.460165, 0.0, 0.0, 0.0, 0.0, 1.0],
                [1.000002, 0.001766, -0.000832, -0.0, -0.000835, 0.772195, 0.635382, 0.37472, 0.001765, -0.635376, 0.772201, -0.0, 0.0, 0.0, 0.0, 1.0],
                [1.000002, 0.001944, 0.000183, -0.0, 0.00018, -0.184978, 0.982743, 0.37472, 0.001944, -0.982738, -0.184979, -0.0, 0.0, 0.0, 0.0, 1.0],
                [1.000003, 0.001816, 0.000718, 0.0, 0.000717, -0.68328, 0.730155, 0.37472, 0.001816, -0.730147, -0.683285, 0.0, 0.0, 0.0, 0.0, 1.0],
                [1.000002, 0.001873, 0.000549, 0.0, 0.000548, -0.539561, 0.841946, 0.37472, 0.001873, -0.841941, -0.539563, 0.0, 0.0, 0.0, 0.0, 1.0],
                [1.000003, 0.001922, 0.00034, 0.0, 0.00034, -0.343161, 0.939276, 0.37472, 0.001922, -0.93927, -0.343162, 0.0, 0.0, 0.0, 0.0, 1.0],
                [1.000002, 0.001927, 0.000304, -0.0, 0.000303, -0.307045, 0.951695, 0.37472, 0.001927, -0.95169, -0.307046, -0.0, 0.0, 0.0, 0.0, 1.0],
                [1.000001, 0.001949, 7.9e-05, -0.0, 7.6e-05, -0.079449, 0.996839, 0.37472, 0.00195, -0.996835, -0.079449, 0.0, 0.0, 0.0, 0.0, 1.0],
                [1.000003, 0.001947, -0.00014, 0.0, -0.000142, 0.143896, 0.989593, 0.37472, 0.001946, -0.989587, 0.143896, 0.0, 0.0, 0.0, 0.0, 1.0],
                [1.000002, 0.001942, -0.000195, 0.0, -0.000197, 0.199902, 0.979816, 0.37472, 0.001941, -0.97981, 0.199902, -0.0, 0.0, 0.0, 0.0, 1.0],
                [1.000002, 0.001939, -0.000224, 0.0, -0.000225, 0.228482, 0.973548, 0.37472, 0.001939, -0.973543, 0.228483, 0.0, 0.0, 0.0, 0.0, 1.0],
                [1.000003, 0.001936, -0.000247, -0.0, -0.000248, 0.251478, 0.967863, 0.37472, 0.001936, -0.967857, 0.251479, -0.0, 0.0, 0.0, 0.0, 1.0],
                [1.000003, 0.001934, -0.000264, -0.0, -0.000266, 0.269125, 0.963106, 0.37472, 0.001934, -0.963099, 0.269126, -0.0, 0.0, 0.0, 0.0, 1.0],
                [1.000002, 0.001932, -0.000277, -0.0, -0.00028, 0.282497, 0.959269, 0.37472, 0.001932, -0.959263, 0.282498, 0.0, 0.0, 0.0, 0.0, 1.0],
                [1.000003, 0.001931, -0.000287, 0.0, -0.000289, 0.291472, 0.95658, 0.37472, 0.001931, -0.956573, 0.291473, 0.0, 0.0, 0.0, 0.0, 1.0],
                [1.000002, 0.001929, -0.000296, -0.0, -0.000298, 0.300489, 0.953785, 0.37472, 0.001929, -0.953779, 0.300491, 0.0, 0.0, 0.0, 0.0, 1.0],
                [1.000003, 0.001928, -0.000304, 0.0, -0.000307, 0.30948, 0.950906, 0.37472, 0.001928, -0.9509, 0.309482, 0.0, 0.0, 0.0, 0.0, 1.0],
                [1.000003, 0.001927, -0.000311, -0.0, -0.000314, 0.315959, 0.948773, 0.37472, 0.001926, -0.948766, 0.315961, 0.0, 0.0, 0.0, 0.0, 1.0],
                [1.000003, 0.001927, -0.000313, 0.0, -0.000315, 0.317575, 0.948233, 0.37472, 0.001926, -0.948227, 0.317577, 0.0, 0.0, 0.0, 0.0, 1.0],
                [1.000002, 0.001927, -0.000311, -0.0, -0.000312, 0.315152, 0.949042, 0.37472, 0.001927, -0.949035, 0.315153, 0.0, 0.0, 0.0, 0.0, 1.0],
                [1.000003, 0.001928, -0.000304, 0.0, -0.000306, 0.308848, 0.951112, 0.37472, 0.001928, -0.951105, 0.308849, 0.0, 0.0, 0.0, 0.0, 1.0],
                [1.000003, 0.001929, -0.000298, 0.0, -0.000299, 0.302532, 0.95314, 0.37472, 0.001929, -0.953133, 0.302533, 0.0, 0.0, 0.0, 0.0, 1.0],
                [1.000002, 0.00193, -0.000292, -0.0, -0.000293, 0.296201, 0.955126, 0.37472, 0.00193, -0.95512, 0.296202, -0.0, 0.0, 0.0, 0.0, 1.0],
                [1.000002, 0.001931, -0.000285, 0.0, -0.000287, 0.289857, 0.95707, 0.37472, 0.001931, -0.957065, 0.289859, 0.0, 0.0, 0.0, 0.0, 1.0],
                [1.000002, 0.001933, -0.000274, -0.0, -0.000275, 0.278258, 0.960506, 0.37472, 0.001933, -0.960501, 0.278259, 0.0, 0.0, 0.0, 0.0, 1.0],
                [1.000003, 0.001934, -0.000261, -0.0, -0.000264, 0.266617, 0.963803, 0.37472, 0.001934, -0.963797, 0.266618, -0.0, 0.0, 0.0, 0.0, 1.0],
                [1.000002, 0.001935, -0.000264, 0.0, -0.000265, 0.26829, 0.963338, 0.37472, 0.001934, -0.963333, 0.268291, 0.0, 0.0, 0.0, 0.0, 1.0],
                [1.000003, 0.001931, -0.00029, 0.0, -0.000292, 0.294789, 0.955562, 0.37472, 0.001931, -0.955557, 0.294791, 0.0, 0.0, 0.0, 0.0, 1.0],
                [1.000002, 0.001922, -0.000343, 0.0, -0.000344, 0.346323, 0.938115, 0.37472, 0.001922, -0.938111, 0.346324, 0.0, 0.0, 0.0, 0.0, 1.0],
                [1.000002, 0.001909, -0.000413, -0.0, -0.000414, 0.41399, 0.910281, 0.37472, 0.001909, -0.910276, 0.413992, -0.0, 0.0, 0.0, 0.0, 1.0],
                [1.000002, 0.001893, -0.000478, -0.0, -0.00048, 0.475841, 0.879531, 0.37472, 0.001893, -0.879525, 0.475843, 0.0, 0.0, 0.0, 0.0, 1.0],
                [1.000002, 0.001878, -0.000539, 0.0, -0.00054, 0.530762, 0.84752, 0.37472, 0.001878, -0.847513, 0.530765, 0.0, 0.0, 0.0, 0.0, 1.0],
                [1.000002, 0.001859, -0.000598, 0.0, -0.000599, 0.583539, 0.812084, 0.37472, 0.001859, -0.812078, 0.583542, -0.0, 0.0, 0.0, 0.0, 1.0],
                [1.000002, 0.00184, -0.000658, -0.0, -0.000661, 0.635314, 0.772252, 0.37472, 0.001839, -0.772246, 0.635318, 0.0, 0.0, 0.0, 0.0, 1.0],
                [1.000002, 0.001817, -0.000718, 0.0, -0.00072, 0.684378, 0.729125, 0.37472, 0.001816, -0.729119, 0.684383, -0.0, 0.0, 0.0, 0.0, 1.0],
                [1.000002, 0.001791, -0.000783, -0.0, -0.000786, 0.735278, 0.677762, 0.37472, 0.00179, -0.677755, 0.735284, -0.0, 0.0, 0.0, 0.0, 1.0],
                [1.000002, 0.00176, -0.000847, 0.0, -0.00085, 0.782336, 0.622853, 0.37472, 0.001759, -0.622847, 0.782342, -0.0, 0.0, 0.0, 0.0, 1.0],
                [1.000002, 0.001728, -0.000912, -0.0, -0.000915, 0.82675, 0.562564, 0.37472, 0.001726, -0.562557, 0.826757, -0.0, 0.0, 0.0, 0.0, 1.0],
                [1.000002, 0.001742, -0.000884, -0.0, -0.000886, 0.807969, 0.589219, 0.37472, 0.00174, -0.589212, 0.807976, -0.0, 0.0, 0.0, 0.0, 1.0],
                [1.000003, 0.001766, -0.000835, 0.0, -0.000838, 0.774055, 0.633114, 0.37472, 0.001764, -0.633106, 0.774062, -0.0, 0.0, 0.0, 0.0, 1.0],
                [1.000001, 0.00178, -0.000804, -0.0, -0.000807, 0.751702, 0.6595, 0.37472, 0.001778, -0.659494, 0.751707, 0.0, 0.0, 0.0, 0.0, 1.0],
                [1.000002, 0.001777, -0.00081, 0.0, -0.000813, 0.755697, 0.654917, 0.37472, 0.001776, -0.654909, 0.755704, 0.0, 0.0, 0.0, 0.0, 1.0],
                [1.000002, 0.001756, -0.000855, 0.0, -0.000858, 0.788223, 0.615385, 0.37472, 0.001755, -0.615378, 0.78823, -0.0, 0.0, 0.0, 0.0, 1.0],
                [1.000002, 0.001718, -0.00093, -0.0, -0.000932, 0.837955, 0.545733, 0.37472, 0.001716, -0.545726, 0.837962, -0.0, 0.0, 0.0, 0.0, 1.0],
                [1.000002, 0.001672, -0.00101, 0.0, -0.001012, 0.88571, 0.464228, 0.37472, 0.001671, -0.464221, 0.885719, -0.0, 0.0, 0.0, 0.0, 1.0],
                [1.000002, 0.001667, -0.001018, -0.0, -0.001021, 0.890285, 0.455393, 0.37472, 0.001666, -0.455386, 0.890294, 0.0, 0.0, 0.0, 0.0, 1.0],
                [0.999996, -0.001635, 0.001071, 0.0, 0.001068, 0.916077, 0.401003, 0.37472, -0.001637, -0.401001, 0.916076, 0.0, 0.0, 0.0, 0.0, 1.0]
            ]
        },
        {
            "name": "Knee_R",
            "time": [0.0, 2.7333],
            "transform": [
                [1.0, 0.0, -1e-06, 0.0, -0.0, 0.0, -1.0, 0.37472, -0.0, 1.0, 0.0, -0.0, 0.0, 0.0, 0.0, 1.0],
                [1.0, 0.0, -0.0, 0.0, -0.0, 0.0, -1.0, 0.37472, -0.0, 1.0, 0.0, 0.0, 0.0, 0.0, 0.0, 1.0]
            ]
        },
        {
            "name": "Thigh_L",
            "time": [0.0, 0.0333, 0.0667, 0.1, 0.1333, 0.1667, 0.2, 0.2333, 0.2667, 0.3, 0.3333, 0.3667, 0.4, 0.4333, 0.4667, 0.5, 0.5333, 0.5667, 0.6, 0.6333, 0.6667, 0.7, 0.7333, 0.7667, 0.8, 0.8333, 0.8667, 0.9, 0.9333, 0.9667, 1.0, 1.0333, 1.0667, 1.1, 1.1333, 1.1667, 1.2, 1.2333, 1.2667, 1.3, 1.3333, 1.3667, 1.4, 1.4333, 1.4667, 1.5, 1.5333, 1.5667, 1.6, 1.6333, 1.6667, 1.7, 1.7333, 1.7667, 1.8, 1.8333, 1.8667, 1.9, 1.9333, 1.9667, 2.0, 2.0333, 2.0667, 2.1, 2.1333, 2.1667, 2.2, 2.2333, 2.2667, 2.3, 2.3333, 2.3667, 2.4, 2.4333, 2.4667, 2.5, 2.7333],
            "transform": [
                [0.921894, 0.152186, 0.356291, -0.059658, -0.260789, -0.436331, 0.861165, -0.037018, 0.286515, -0.886829, -0.362562, -0.075849, 0.0, 0.0, 0.0, 1.0],
                [0.85802, 0.204958, 0.470942, -0.048437, -0.413088, -0.269486, 0.869906, -0.03548, 0.305203, -0.940946, -0.146559, -0.084126, 0.0, 0.0, 0.0, 1.0],
                [0.813422, 0.230445, 0.534073, -0.03826, -0.445694, -0.34305, 0.826846, -0.030068, 0.373753, -0.910616, -0.176337, -0.091182, 0.0, 0.0, 0.0, 1.0],
                [0.765284, 0.248558, 0.593763, -0.028513, -0.469852, -0.41479, 0.779223, -0.022999, 0.439965, -0.875315, -0.200647, -0.096642, 0.0, 0.0, 0.0, 1.0],
                [0.717924, 0.259047, 0.646124, -0.019697, -0.490302, -0.470709, 0.73351, -0.015626, 0.494145, -0.843408, -0.210922, -0.100247, 0.0, 0.0, 0.0, 1.0],
                [0.680722, 0.263804, 0.68339, -0.01217, -0.507615, -0.502734, 0.699705, -0.010305, 0.528143, -0.823211, -0.208311, -0.102113, 0.0, 0.0, 0.0, 1.0],
