{
    "animation": [
        {
            "name": "Root",
            "time": [0.0, 0.1, 0.1333, 0.1667, 0.2, 0.2333, 0.2667, 0.3, 0.3333, 0.3667, 0.4, 0.4333, 0.4667, 0.5, 0.5333, 0.5667, 0.6, 0.6333, 0.6667, 0.7, 0.7333, 0.7667, 0.8, 0.8333, 0.8667, 0.9, 0.9333, 0.9667, 1.0, 1.0333, 1.0667, 1.1, 1.1333, 1.1667, 1.2, 1.2333, 1.2667, 1.3, 1.3333, 1.3667, 1.4, 1.4333, 1.4667, 1.5, 1.5333, 1.5667, 1.6, 1.6333, 1.6667, 1.7, 1.7333, 1.7667, 1.8, 1.8333, 1.8667, 1.9, 2.1],
            "transform": [
                [1.0, 0.000632, 1e-06, 0.000308, -1e-06, 0.003856, -0.999992, 0.001844, -0.000632, 0.999992, 0.003856, 0.717875, 0.0, 0.0, 0.0, 1.0],
                [0.999999, 0.000931, 2e-06, -0.016854, -2e-06, 0.003795, -0.999993, 0.188406, -0.000931, 0.999992, 0.003795, 0.710245, 0.0, 0.0, 0.0, 1.0],
                [0.999999, 0.001026, 2e-06, -0.022903, -2e-06, 0.003771, -0.999993, 0.2514, -0.001026, 0.999992, 0.003771, 0.69711, 0.0, 0.0, 0.0, 1.0],
                [0.999999, 0.001102, 2e-06, -0.029393, -2e-06, 0.00375, -0.999993, 0.316817, -0.001102, 0.999992, 0.00375, 0.685286, 0.0, 0.0, 0.0, 1.0],
                [0.999999, 0.00115, 2e-06, -0.03632, -2e-06, 0.003735, -0.999993, 0.385871, -0.00115, 0.999992, 0.003735, 0.675329, 0.0, 0.0, 0.0, 1.0],
                [0.999999, 0.001159, 2e-06, -0.045365, -2e-06, 0.003732, -0.999993, 0.463631, -0.001159, 0.999992, 0.003732, 0.670903, 0.0, 0.0, 0.0, 1.0],
                [0.999999, 0.001124, 2e-06, -0.056252, -2e-06, 0.003743, -0.999993, 0.549346, -0.001124, 0.999992, 0.003743, 0.669607, 0.0, 0.0, 0.0, 1.0],
                [0.999999, 0.001057, 2e-06, -0.066744, -2e-06, 0.003762, -0.999993, 0.635516, -0.001057, 0.999992, 0.003762, 0.670956, 0.0, 0.0, 0.0, 1.0],
                [0.999999, 0.000967, 1e-06, -0.074748, -2e-06, 0.003786, -0.999993, 0.714642, -0.000967, 0.999992, 0.003786, 0.673639, 0.0, 0.0, 0.0, 1.0],
                [0.999999, 0.000801, 2e-06, -0.074766, -2e-06, 0.003825, -0.999992, 0.768771, -0.000801, 0.999992, 0.003825, 0.681647, 0.0, 0.0, 0.0, 1.0],
                [1.0, 0.000546, 1e-06, -0.070954, -1e-06, 0.003872, -0.999992, 0.824488, -0.000546, 0.999992, 0.003872, 0.692539, 0.0, 0.0, 0.0, 1.0],
                [1.0, 0.000155, 0.0, -0.060673, -0.0, 0.003905, -0.999992, 0.943483, -0.000155, 0.999992, 0.003905, 0.705631, 0.0, 0.0, 0.0, 1.0],
                [0.999994, -0.000771, 0.00332, -0.020183, 0.003323, 0.003831, -0.999987, 1.117031, 0.000758, 0.999992, 0.003834, 0.666757, 0.0, 0.0, 0.0, 1.0],
                [0.999994, -0.00164, 0.002942, 0.022216, 0.002948, 0.003547, -0.999989, 1.282306, 0.00163, 0.999992, 0.003552, 0.623327, 0.0, 0.0, 0.0, 1.0],
                [0.999993, -0.002179, 0.002814, 0.055647, 0.002821, 0.003244, -0.999991, 1.397551, 0.00217, 0.999992, 0.00325, 0.587305, 0.0, 0.0, 0.0, 1.0],
                [0.999992, -0.002617, 0.002763, 0.086121, 0.002771, 0.002901, -0.999992, 1.488128, 0.002609, 0.999992, 0.002909, 0.554538, 0.0, 0.0, 0.0, 1.0],
                [0.999992, -0.002988, 0.002769, 0.107637, 0.002777, 0.002518, -0.999993, 1.542735, 0.002981, 0.999992, 0.002526, 0.528715, 0.0, 0.0, 0.0, 1.0],
                [0.999991, -0.003035, 0.002774, 0.103179, 0.002781, 0.002462, -0.999993, 1.539845, 0.003028, 0.999992, 0.00247, 0.534049, 0.0, 0.0, 0.0, 1.0],
                [0.999991, -0.003052, 0.002776, 0.09461, 0.002784, 0.002441, -0.999993, 1.533565, 0.003045, 0.999992, 0.002449, 0.541759, 0.0, 0.0, 0.0, 1.0],
                [0.999991, -0.003062, 0.002778, 0.086772, 0.002785, 0.002428, -0.999993, 1.526866, 0.003055, 0.999992, 0.002436, 0.5484, 0.0, 0.0, 0.0, 1.0],
                [0.999991, -0.003064, 0.002778, 0.080569, 0.002785, 0.002425, -0.999993, 1.523677, 0.003058, 0.999992, 0.002433, 0.553826, 0.0, 0.0, 0.0, 1.0],
                [0.999991, -0.003062, 0.002778, 0.077437, 0.002785, 0.002428, -0.999993, 1.523685, 0.003055, 0.999992, 0.002437, 0.557455, 0.0, 0.0, 0.0, 1.0],
                [0.999991, -0.003059, 0.002777, 0.076051, 0.002785, 0.002432, -0.999993, 1.524202, 0.003052, 0.999992, 0.00244, 0.560051, 0.0, 0.0, 0.0, 1.0],
                [0.999991, -0.003053, 0.002776, 0.074851, 0.002784, 0.002439, -0.999993, 1.525597, 0.003047, 0.999992, 0.002447, 0.562583, 0.0, 0.0, 0.0, 1.0],
                [0.999991, -0.003045, 0.002775, 0.073623, 0.002783, 0.002449, -0.999993, 1.528236, 0.003038, 0.999992, 0.002457, 0.565101, 0.0, 0.0, 0.0, 1.0],
                [0.999991, -0.003032, 0.002774, 0.072277, 0.002781, 0.002466, -0.999993, 1.532483, 0.003025, 0.999992, 0.002475, 0.567612, 0.0, 0.0, 0.0, 1.0],
                [0.999991, -0.003013, 0.002772, 0.070736, 0.002779, 0.00249, -0.999993, 1.538704, 0.003006, 0.999992, 0.002498, 0.570126, 0.0, 0.0, 0.0, 1.0],
                [0.999991, -0.002998, 0.00277, 0.069003, 0.002778, 0.002506, -0.999993, 1.546496, 0.002991, 0.999992, 0.002515, 0.572653, 0.0, 0.0, 0.0, 1.0],
                [0.999992, -0.002988, 0.002769, 0.067052, 0.002777, 0.002519, -0.999993, 1.5553, 0.002981, 0.999992, 0.002527, 0.575199, 0.0, 0.0, 0.0, 1.0],
                [0.999991, -0.002977, 0.002769, 0.06485, 0.002776, 0.002531, -0.999993, 1.565243, 0.00297, 0.999992, 0.002539, 0.577776, 0.0, 0.0, 0.0, 1.0],
                [0.999992, -0.002958, 0.002766, 0.062362, 0.002774, 0.002553, -0.999993, 1.576453, 0.002951, 0.999992, 0.002561, 0.58039, 0.0, 0.0, 0.0, 1.0],
                [0.999992, -0.002918, 0.002764, 0.059558, 0.002772, 0.0026, -0.999993, 1.589062, 0.002911, 0.999992, 0.002608, 0.583507, 0.0, 0.0, 0.0, 1.0],
                [0.999992, -0.002849, 0.00276, 0.055343, 0.002768, 0.002675, -0.999993, 1.603194, 0.002842, 0.999992, 0.002683, 0.587201, 0.0, 0.0, 0.0, 1.0],
                [0.999992, -0.002736, 0.00276, 0.049631, 0.002767, 0.00279, -0.999992, 1.618984, 0.002729, 0.999992, 0.002797, 0.593938, 0.0, 0.0, 0.0, 1.0],
                [0.999993, -0.002574, 0.002766, 0.042853, 0.002773, 0.002941, -0.999992, 1.637338, 0.002566, 0.999992, 0.002948, 0.60126, 0.0, 0.0, 0.0, 1.0],
                [0.999993, -0.002367, 0.002785, 0.034638, 0.002792, 0.003109, -0.999991, 1.658487, 0.002358, 0.999992, 0.003116, 0.609814, 0.0, 0.0, 0.0, 1.0],
                [0.999994, -0.002119, 0.002824, 0.025629, 0.00283, 0.003283, -0.99999, 1.681543, 0.002109, 0.999992, 0.003289, 0.619325, 0.0, 0.0, 0.0, 1.0],
                [0.999994, -0.001839, 0.00289, 0.016492, 0.002897, 0.003452, -0.99999, 1.705614, 0.001829, 0.999992, 0.003458, 0.629104, 0.0, 0.0, 0.0, 1.0],
                [0.999994, -0.001538, 0.002979, 0.007356, 0.002985, 0.003596, -0.999989, 1.729808, 0.001527, 0.999992, 0.003601, 0.63895, 0.0, 0.0, 0.0, 1.0],
                [0.999994, -0.001226, 0.003098, -0.001707, 0.003103, 0.003714, -0.999988, 1.753237, 0.001214, 0.999992, 0.003717, 0.648782, 0.0, 0.0, 0.0, 1.0],
                [0.999994, -0.000913, 0.003242, -0.010461, 0.003245, 0.003799, -0.999987, 1.775015, 0.000901, 0.999992, 0.003802, 0.658518, 0.0, 0.0, 0.0, 1.0],
                [0.999994, -0.000621, 0.003413, -0.018158, 0.003415, 0.003858, -0.999987, 1.794356, 0.000607, 0.999992, 0.00386, 0.668133, 0.0, 0.0, 0.0, 1.0],
                [0.999993, -0.000361, 0.003596, -0.024745, 0.003597, 0.003891, -0.999986, 1.81008, 0.000347, 0.999992, 0.003892, 0.677373, 0.0, 0.0, 0.0, 1.0],
                [0.999993, -0.000146, 0.003776, -0.028928, 0.003776, 0.003905, -0.999985, 1.821595, 0.000131, 0.999992, 0.003906, 0.684408, 0.0, 0.0, 0.0, 1.0],
                [1.0, 4.4e-05, 0.0, -0.031448, -0.0, 0.003907, -0.999992, 1.82844, -4.4e-05, 0.999992, 0.003907, 0.691122, 0.0, 0.0, 0.0, 1.0],
                [1.0, 0.000194, 0.0, -0.032235, -0.0, 0.003903, -0.999992, 1.831331, -0.000194, 0.999992, 0.003903, 0.697514, 0.0, 0.0, 0.0, 1.0],
                [1.0, 0.000321, 1e-06, -0.031897, -1e-06, 0.003895, -0.999992, 1.831006, -0.000321, 0.999992, 0.003895, 0.703584, 0.0, 0.0, 0.0, 1.0],
                [1.0, 0.000427, 1e-06, -0.030598, -1e-06, 0.003885, -0.999992, 1.828202, -0.000427, 0.999992, 0.003885, 0.708271, 0.0, 0.0, 0.0, 1.0],
                [1.0, 0.000517, 1e-06, -0.0285, -1e-06, 0.003874, -0.999992, 1.82366, -0.000517, 0.999992, 0.003874, 0.712858, 0.0, 0.0, 0.0, 1.0],
                [1.0, 0.000591, 1e-06, -0.026035, -1e-06, 0.003863, -0.999992, 1.818119, -0.000591, 0.999992, 0.003863, 0.717314, 0.0, 0.0, 0.0, 1.0],
                [1.0, 0.000655, 1e-06, -0.023536, -1e-06, 0.003853, -0.999992, 1.812315, -0.000655, 0.999992, 0.003853, 0.721605, 0.0, 0.0, 0.0, 1.0],
                [1.0, 0.000707, 1e-06, -0.021022, -1e-06, 0.003843, -0.999993, 1.806989, -0.000707, 0.999992, 0.003843, 0.725701, 0.0, 0.0, 0.0, 1.0],
                [0.999999, 0.000752, 1e-06, -0.018513, -2e-06, 0.003835, -0.999993, 1.802876, -0.000752, 0.999992, 0.003835, 0.729569, 0.0, 0.0, 0.0, 1.0],
                [1.0, 0.000798, 1e-06, -0.016025, -2e-06, 0.003826, -0.999993, 1.800716, -0.000798, 0.999992, 0.003826, 0.733177, 0.0, 0.0, 0.0, 1.0],
                [0.999999, 0.000823, 2e-06, -0.013588, -2e-06, 0.00382, -0.999993, 1.800155, -0.000823, 0.999992, 0.00382, 0.736494, 0.0, 0.0, 0.0, 1.0],
                [0.999999, 0.000821, 2e-06, -0.011224, -2e-06, 0.00382, -0.999993, 1.800234, -0.000821, 0.999992, 0.00382, 0.739486, 0.0, 0.0, 0.0, 1.0],
                [0.999999, 0.000648, 1e-06, -0.001121, -1e-06, 0.003854, -0.999992, 1.80437, -0.000648, 0.999992, 0.003854, 0.74941, 0.0, 0.0, 0.0, 1.0]
            ]
        },
        {
            "name": "Thigh_R",
            "time": [0.0, 0.1, 0.1333, 0.1667, 0.2, 0.2333, 0.2667, 0.3, 0.3333, 0.3667, 0.4, 0.4333, 0.4667, 0.5, 0.5333, 0.5667, 0.6, 0.6333, 0.6667, 0.7, 0.7333, 0.7667, 0.8, 0.8333, 0.8667, 0.9, 0.9333, 0.9667, 1.0, 1.0333, 1.0667, 1.1, 1.1333, 1.1667, 1.2, 1.2333, 1.2667, 1.3, 1.3333, 1.3667, 1.4, 1.4333, 1.4667, 1.5, 1.5333, 1.5667, 1.6, 1.6333, 1.6667, 1.7, 1.7333, 1.7667, 1.8, 1.8333, 1.8667, 1.9, 2.1],
            "transform": [
                [0.86051, 0.267309, 0.43366, 0.102516, 0.232827, -0.963536, 0.131916, 0.000325, 0.453103, -0.012547, -0.891369, -0.013088, 0.0, 0.0, 0.0, 1.0],
                [0.626906, 0.340827, 0.700591, 0.102521, 0.341565, -0.928439, 0.146038, -0.003986, 0.700236, 0.147745, -0.698459, -0.012433, 0.0, 0.0, 0.0, 1.0],
                [0.534861, 0.351805, 0.768218, 0.102521, 0.386275, -0.91043, 0.147998, -0.003986, 0.75148, 0.217584, -0.622847, -0.012433, 0.0, 0.0, 0.0, 1.0],
                [0.457255, 0.335854, 0.823481, 0.102521, 0.435154, -0.892023, 0.122188, -0.003986, 0.775608, 0.302467, -0.554031, -0.012433, 0.0, 0.0, 0.0, 1.0],
                [0.413587, 0.318209, 0.853048, 0.102521, 0.487213, -0.868846, 0.08789, -0.003986, 0.769141, 0.379262, -0.514379, -0.012433, 0.0, 0.0, 0.0, 1.0],
                [0.443871, 0.348334, 0.825617, 0.102521, 0.503882, -0.858911, 0.091488, -0.003986, 0.741006, 0.375402, -0.556765, -0.012433, 0.0, 0.0, 0.0, 1.0],
                [0.540303, 0.382333, 0.749597, 0.102521, 0.491719, -0.866347, 0.087464, -0.003986, 0.682858, 0.321332, -0.656091, -0.012433, 0.0, 0.0, 0.0, 1.0],
                [0.656271, 0.409414, 0.63379, 0.102521, 0.444579, -0.888502, 0.113614, -0.003986, 0.609645, 0.207206, -0.765116, -0.012433, 0.0, 0.0, 0.0, 1.0],
                [0.749184, 0.392095, 0.533842, 0.102521, 0.374932, -0.915447, 0.146212, -0.003986, 0.546036, 0.090615, -0.832848, -0.012433, 0.0, 0.0, 0.0, 1.0],
                [0.823809, 0.321492, 0.466889, 0.102521, 0.264711, -0.946477, 0.184666, -0.003986, 0.501273, -0.028539, -0.86482, -0.012433, 0.0, 0.0, 0.0, 1.0],
                [0.891244, 0.250237, 0.378248, 0.102521, 0.138383, -0.944273, 0.298647, -0.003986, 0.431906, -0.213822, -0.876207, -0.012433, 0.0, 0.0, 0.0, 1.0],
                [0.956543, 0.223937, 0.186774, 0.102521, 0.064332, -0.786778, 0.61387, -0.003986, 0.28442, -0.575172, -0.766994, -0.012433, 0.0, 0.0, 0.0, 1.0],
                [0.98854, -0.021094, -0.149493, 0.102521, 0.094091, -0.688294, 0.719302, -0.003986, -0.118069, -0.725121, -0.678422, -0.012433, 0.0, 0.0, 0.0, 1.0],
                [0.860901, -0.176386, -0.477223, 0.102521, 0.284624, -0.610503, 0.739102, -0.003986, -0.421717, -0.772117, -0.47538, -0.012433, 0.0, 0.0, 0.0, 1.0],
                [0.725341, -0.310883, -0.614195, 0.102521, 0.363492, -0.584725, 0.725237, -0.003986, -0.584603, -0.749293, -0.311122, -0.012433, 0.0, 0.0, 0.0, 1.0],
                [0.697043, -0.432868, -0.571628, 0.102521, 0.32894, -0.515333, 0.791346, -0.003986, -0.637132, -0.739628, -0.216822, -0.012433, 0.0, 0.0, 0.0, 1.0],
                [0.57729, -0.530437, -0.620784, 0.102521, 0.333719, -0.540598, 0.772259, -0.003986, -0.745235, -0.65298, -0.135065, -0.012433, 0.0, 0.0, 0.0, 1.0],
                [0.533141, -0.535055, -0.655345, 0.102521, 0.352219, -0.563919, 0.746951, -0.003986, -0.769226, -0.629051, -0.112192, -0.012433, 0.0, 0.0, 0.0, 1.0],
                [0.50841, -0.524667, -0.682821, 0.102521, 0.367667, -0.584776, 0.723087, -0.003986, -0.778684, -0.618671, -0.104404, -0.012433, 0.0, 0.0, 0.0, 1.0],
                [0.485477, -0.509386, -0.710519, 0.102521, 0.383881, -0.605972, 0.696729, -0.003986, -0.785464, -0.610997, -0.098642, -0.012433, 0.0, 0.0, 0.0, 1.0],
                [0.467799, -0.498786, -0.729642, 0.102521, 0.393787, -0.621449, 0.677296, -0.003986, -0.791267, -0.604157, -0.094298, -0.012433, 0.0, 0.0, 0.0, 1.0],
                [0.456158, -0.49507, -0.739476, 0.102521, 0.395418, -0.631666, 0.666813, -0.003986, -0.797228, -0.59657, -0.092381, -0.012433, 0.0, 0.0, 0.0, 1.0],
                [0.447125, -0.492345, -0.746777, 0.102521, 0.395888, -0.639726, 0.658803, -0.003986, -0.802096, -0.590203, -0.091124, -0.012433, 0.0, 0.0, 0.0, 1.0],
                [0.439588, -0.491343, -0.751894, 0.102521, 0.393925, -0.646845, 0.653003, -0.003986, -0.807213, -0.583238, -0.090794, -0.012433, 0.0, 0.0, 0.0, 1.0],
                [0.432098, -0.491723, -0.755975, 0.102521, 0.390721, -0.653432, 0.648352, -0.003986, -0.812795, -0.575523, -0.090221, -0.012433, 0.0, 0.0, 0.0, 1.0],
                [0.425079, -0.493835, -0.758574, 0.102521, 0.385318, -0.659606, 0.645327, -0.003986, -0.819052, -0.566602, -0.090102, -0.012433, 0.0, 0.0, 0.0, 1.0],
                [0.420635, -0.496241, -0.75948, 0.102521, 0.37681, -0.665955, 0.643828, -0.003986, -0.825281, -0.556992, -0.093136, -0.012433, 0.0, 0.0, 0.0, 1.0],
                [0.409274, -0.506153, -0.759146, 0.102521, 0.364518, -0.672031, 0.644591, -0.003986, -0.836438, -0.540533, -0.090544, -0.012433, 0.0, 0.0, 0.0, 1.0],
                [0.384322, -0.517874, -0.764265, 0.102521, 0.35437, -0.681673, 0.640111, -0.003986, -0.852482, -0.516838, -0.078463, -0.012433, 0.0, 0.0, 0.0, 1.0],
                [0.355847, -0.531694, -0.768553, 0.102521, 0.343031, -0.690665, 0.636639, -0.003986, -0.869316, -0.49018, -0.063384, -0.012433, 0.0, 0.0, 0.0, 1.0],
                [0.331185, -0.544511, -0.770599, 0.102521, 0.329371, -0.698599, 0.635193, -0.003986, -0.884215, -0.464177, -0.05202, -0.012433, 0.0, 0.0, 0.0, 1.0],
                [0.318403, -0.55406, -0.769178, 0.102521, 0.311254, -0.705316, 0.636905, -0.003986, -0.895403, -0.4422, -0.052122, -0.012432, 0.0, 0.0, 0.0, 1.0],
                [0.325958, -0.557308, -0.763648, 0.102521, 0.289264, -0.710227, 0.641795, -0.003986, -0.900047, -0.430091, -0.070296, -0.012433, 0.0, 0.0, 0.0, 1.0],
                [0.361784, -0.551485, -0.751649, 0.102521, 0.261968, -0.713636, 0.649687, -0.003986, -0.894702, -0.431951, -0.113711, -0.012432, 0.0, 0.0, 0.0, 1.0],
                [0.424608, -0.534666, -0.730643, 0.102521, 0.230634, -0.716503, 0.658352, -0.003986, -0.875513, -0.44805, -0.180921, -0.012433, 0.0, 0.0, 0.0, 1.0],
                [0.505454, -0.505236, -0.699466, 0.102521, 0.1958, -0.722332, 0.663246, -0.003986, -0.840349, -0.472192, -0.26618, -0.012433, 0.0, 0.0, 0.0, 1.0],
                [0.596874, -0.461876, -0.656059, 0.102521, 0.160928, -0.732149, 0.661857, -0.003986, -0.786035, -0.500619, -0.362673, -0.012433, 0.0, 0.0, 0.0, 1.0],
                [0.689602, -0.408403, -0.598045, 0.102521, 0.128098, -0.743997, 0.655786, -0.003986, -0.712774, -0.528836, -0.460747, -0.012432, 0.0, 0.0, 0.0, 1.0],
                [0.777264, -0.342375, -0.527866, 0.102521, 0.101306, -0.759927, 0.642062, -0.003986, -0.62097, -0.552523, -0.55598, -0.012432, 0.0, 0.0, 0.0, 1.0],
                [0.853451, -0.268838, -0.446488, 0.102521, 0.081391, -0.777428, 0.62368, -0.003986, -0.514784, -0.568617, -0.641616, -0.012432, 0.0, 0.0, 0.0, 1.0],
                [0.913079, -0.193322, -0.359054, 0.102521, 0.068691, -0.794987, 0.602721, -0.003986, -0.401965, -0.574991, -0.712606, -0.012433, 0.0, 0.0, 0.0, 1.0],
                [0.955352, -0.119711, -0.270144, 0.102521, 0.063138, -0.81043, 0.582419, -0.003986, -0.288657, -0.573467, -0.766688, -0.012433, 0.0, 0.0, 0.0, 1.0],
                [0.980175, -0.057254, -0.189693, 0.102521, 0.061043, -0.823527, 0.56398, -0.003986, -0.188509, -0.564375, -0.803706, -0.012433, 0.0, 0.0, 0.0, 1.0],
                [0.992281, -0.005358, -0.12392, 0.102521, 0.06402, -0.833574, 0.54868, -0.003986, -0.106237, -0.552374, -0.826798, -0.012433, 0.0, 0.0, 0.0, 1.0],
                [0.997172, 0.034288, -0.06694, 0.102521, 0.064923, -0.841745, 0.535953, -0.003986, -0.03797, -0.538778, -0.84159, -0.012433, 0.0, 0.0, 0.0, 1.0],
                [0.997458, 0.069469, -0.016084, 0.102521, 0.067585, -0.849077, 0.523922, -0.003986, 0.02274, -0.523673, -0.851614, -0.012433, 0.0, 0.0, 0.0, 1.0],
                [0.994756, 0.097893, 0.029733, 0.102521, 0.068879, -0.855687, 0.512884, -0.003986, 0.07565, -0.508143, -0.857943, -0.012433, 0.0, 0.0, 0.0, 1.0],
                [0.99027, 0.120677, 0.069337, 0.102521, 0.069876, -0.861927, 0.502189, -0.003986, 0.120367, -0.492454, -0.861974, -0.012433, 0.0, 0.0, 0.0, 1.0],
                [0.9852, 0.136909, 0.103157, 0.102521, 0.069042, -0.867713, 0.492243, -0.003986, 0.156904, -0.477833, -0.864324, -0.012433, 0.0, 0.0, 0.0, 1.0],
                [0.974777, 0.163336, 0.15211, 0.102521, 0.073297, -0.87797, 0.473065, -0.003986, 0.210818, -0.449981, -0.867797, -0.012433, 0.0, 0.0, 0.0, 1.0],
                [0.960144, 0.191405, 0.203695, 0.102521, 0.081346, -0.888546, 0.451512, -0.003986, 0.267416, -0.416944, -0.868703, -0.012433, 0.0, 0.0, 0.0, 1.0],
                [0.942778, 0.217489, 0.252731, 0.102521, 0.092842, -0.899228, 0.427509, -0.003986, 0.320243, -0.37958, -0.867965, -0.012432, 0.0, 0.0, 0.0, 1.0],
                [0.923594, 0.242439, 0.296987, 0.102521, 0.109004, -0.908746, 0.402855, -0.003986, 0.367556, -0.3397, -0.86574, -0.012432, 0.0, 0.0, 0.0, 1.0],
                [0.901339, 0.26555, 0.342164, 0.102521, 0.128502, -0.918378, 0.374249, -0.003986, 0.413621, -0.293354, -0.861894, -0.012432, 0.0, 0.0, 0.0, 1.0],
                [0.880395, 0.281863, 0.381395, 0.102521, 0.148812, -0.927781, 0.342158, -0.003986, 0.450295, -0.244476, -0.858759, -0.012432, 0.0, 0.0, 0.0, 1.0],
                [0.864323, 0.291791, 0.409644, 0.102521, 0.171238, -0.93656, 0.305822, -0.003986, 0.472896, -0.19418, -0.859456, -0.012432, 0.0, 0.0, 0.0, 1.0],
                [0.86051, 0.267309, 0.43366, 0.102516, 0.232827, -0.963536, 0.131916, 0.000325, 0.453103, -0.012547, -0.891369, -0.013088, 0.0, 0.0, 0.0, 1.0]
            ]
        },
        {
            "name": "Leg_R",
            "time": [0.0, 0.1, 0.1333, 0.1667, 0.2, 0.2333, 0.2667, 0.3, 0.3333, 0.3667, 0.4, 0.4333, 0.4667, 0.5, 0.5333, 0.5667, 0.6, 0.6333, 0.6667, 0.7, 0.7333, 0.7667, 0.8, 0.8333, 0.8667, 0.9, 0.9333, 0.9667, 1.0, 1.0333, 1.0667, 1.1, 1.1333, 1.1667, 1.2, 1.2333, 1.2667, 1.3, 1.3333, 1.3667, 1.4, 1.4333, 1.4667, 1.5, 1.5333, 1.5667, 1.6, 1.6333, 1.6667, 1.7, 1.7333, 1.7667, 1.8, 1.8333, 1.8667, 1.9, 2.1],
            "transform": [
                [0.999996, -0.001635, 0.001071, 0.0, 0.001069, 0.916077, 0.401003, 0.37472, -0.001637, -0.401001, 0.916076, 0.0, 0.0, 0.0, 0.0, 1.0],
                [1.000001, -0.001682, 0.000996, 0.0, 0.000994, 0.876279, 0.4818, 0.37472, -0.001683, -0.481798, 0.876281, -0.0, 0.0, 0.0, 0.0, 1.0],
                [1.0, -0.001673, 0.001012, -0.0, 0.00101, 0.885053, 0.465486, 0.37472, -0.001674, -0.465483, 0.885055, 0.0, 0.0, 0.0, 0.0, 1.0],
                [1.000001, -0.001633, 0.001075, 0.0, 0.001072, 0.917765, 0.397119, 0.37472, -0.001635, -0.397117, 0.917765, 0.0, 0.0, 0.0, 0.0, 1.0],
                [1.0, -0.001585, 0.001144, -0.0, 0.001142, 0.948617, 0.316422, 0.37472, -0.001587, -0.31642, 0.948617, 0.0, 0.0, 0.0, 0.0, 1.0],
                [1.000001, -0.00165, 0.001048, -0.0, 0.001045, 0.904371, 0.426741, 0.37472, -0.001652, -0.426739, 0.904373, -0.0, 0.0, 0.0, 0.0, 1.0],
                [1.000001, -0.001745, 0.000882, 0.0, 0.000879, 0.804101, 0.59449, 0.37472, -0.001747, -0.594486, 0.804103, -0.0, 0.0, 0.0, 0.0, 1.0],
                [1.0, -0.001833, 0.000682, 0.0, 0.000679, 0.652314, 0.757948, 0.37472, -0.001834, -0.757943, 0.652317, -0.0, 0.0, 0.0, 0.0, 1.0],
                [1.0, -0.001881, 0.000536, -0.0, 0.000533, 0.525531, 0.850776, 0.37472, -0.001882, -0.850768, 0.525534, -0.0, 0.0, 0.0, 0.0, 1.0],
                [1.000001, -0.001896, 0.00048, -0.0, 0.000477, 0.474421, 0.880299, 0.37472, -0.001897, -0.880291, 0.474424, 0.0, 0.0, 0.0, 0.0, 1.0],
                [1.000001, -0.001897, 0.000476, -0.0, 0.000473, 0.470874, 0.882202, 0.37472, -0.001897, -0.882194, 0.470877, 0.0, 0.0, 0.0, 0.0, 1.0],
                [1.000001, -0.001892, 0.000494, -0.0, 0.000491, 0.487796, 0.872959, 0.37472, -0.001893, -0.87295, 0.487799, -0.0, 0.0, 0.0, 0.0, 1.0],
                [1.0, -0.001884, 0.000522, 0.0, 0.000521, 0.514024, 0.857777, 0.37472, -0.001885, -0.857769, 0.514027, -0.0, 0.0, 0.0, 0.0, 1.0],
                [1.0, -0.001809, 0.000744, -0.0, 0.000741, 0.702235, 0.711944, 0.37472, -0.00181, -0.711939, 0.702239, -0.0, 0.0, 0.0, 0.0, 1.0],
                [1.000001, -0.001854, 0.000624, -0.0, 0.000621, 0.603473, 0.797383, 0.37472, -0.001854, -0.797376, 0.603477, 0.0, 0.0, 0.0, 0.0, 1.0],
                [1.000001, -0.001938, 0.000267, 0.0, 0.000266, 0.26996, 0.962874, 0.37472, -0.001938, -0.962864, 0.269963, 0.0, 0.0, 0.0, 0.0, 1.0],
                [1.000001, -0.001952, 0.000121, -0.0, 0.00012, 0.122978, 0.992413, 0.37472, -0.001952, -0.992402, 0.12298, 0.0, 0.0, 0.0, 0.0, 1.0],
                [1.000001, -0.001951, 0.000142, -0.0, 0.00014, 0.143897, 0.989596, 0.37472, -0.001951, -0.989585, 0.143898, -0.0, 0.0, 0.0, 0.0, 1.0],
                [1.000001, -0.001949, 0.000173, -0.0, 0.000171, 0.175039, 0.984565, 0.37472, -0.001949, -0.984554, 0.175041, 0.0, 0.0, 0.0, 0.0, 1.0],
                [1.000001, -0.001945, 0.000204, -0.0, 0.000201, 0.206008, 0.978554, 0.37472, -0.001945, -0.978543, 0.20601, -0.0, 0.0, 0.0, 0.0, 1.0],
                [1.000001, -0.001943, 0.000225, 0.0, 0.000225, 0.228482, 0.973551, 0.37472, -0.001943, -0.97354, 0.228484, 0.0, 0.0, 0.0, 0.0, 1.0],
                [1.000001, -0.001942, 0.000237, 0.0, 0.000234, 0.239149, 0.970986, 0.37472, -0.001942, -0.970975, 0.239151, 0.0, 0.0, 0.0, 0.0, 1.0],
                [1.000001, -0.001941, 0.000247, -0.0, 0.000245, 0.249787, 0.968304, 0.37472, -0.001941, -0.968293, 0.24979, -0.0, 0.0, 0.0, 0.0, 1.0],
                [1.000001, -0.00194, 0.000253, -0.0, 0.00025, 0.255271, 0.966873, 0.37472, -0.00194, -0.966862, 0.255274, -0.0, 0.0, 0.0, 0.0, 1.0],
                [1.000001, -0.001939, 0.000259, -0.0, 0.000256, 0.260748, 0.96541, 0.37472, -0.00194, -0.9654, 0.26075, 0.0, 0.0, 0.0, 0.0, 1.0],
                [1.000001, -0.001939, 0.000258, -0.0, 0.000256, 0.260748, 0.96541, 0.37472, -0.00194, -0.965399, 0.26075, 0.0, 0.0, 0.0, 0.0, 1.0],
                [1.000001, -0.001939, 0.000258, -0.0, 0.000256, 0.260749, 0.96541, 0.37472, -0.001939, -0.965399, 0.260751, -0.0, 0.0, 0.0, 0.0, 1.0],
                [1.000001, -0.001939, 0.000254, 0.0, 0.000252, 0.256543, 0.966536, 0.37472, -0.001939, -0.966525, 0.256545, -0.0, 0.0, 0.0, 0.0, 1.0],
                [1.0, -0.00194, 0.000248, -0.0, 0.000246, 0.250186, 0.968201, 0.37472, -0.001941, -0.968192, 0.250188, 0.0, 0.0, 0.0, 0.0, 1.0],
                [1.0, -0.001941, 0.000241, -0.0, 0.000239, 0.243819, 0.969824, 0.37472, -0.001942, -0.969813, 0.243821, -0.0, 0.0, 0.0, 0.0, 1.0],
                [1.0, -0.001943, 0.000235, -0.0, 0.000233, 0.237441, 0.971405, 0.37472, -0.001943, -0.971395, 0.237443, -0.0, 0.0, 0.0, 0.0, 1.0],
                [0.999999, -0.001943, 0.000229, 0.0, 0.000226, 0.231054, 0.972944, 0.37472, -0.001943, -0.972934, 0.231056, -0.0, 0.0, 0.0, 0.0, 1.0],
                [1.0, -0.001943, 0.000226, -0.0, 0.000224, 0.228482, 0.973552, 0.37472, -0.001944, -0.973541, 0.228484, -0.0, 0.0, 0.0, 0.0, 1.0],
                [1.000001, -0.001943, 0.00023, -0.0, 0.000227, 0.231911, 0.97274, 0.37472, -0.001943, -0.97273, 0.231913, -0.0, 0.0, 0.0, 0.0, 1.0],
                [1.000001, -0.001942, 0.000238, -0.0, 0.000236, 0.24045, 0.970665, 0.37472, -0.001942, -0.970654, 0.240452, 0.0, 0.0, 0.0, 0.0, 1.0],
                [1.000001, -0.00194, 0.000254, -0.0, 0.000252, 0.256237, 0.966617, 0.37472, -0.00194, -0.966606, 0.256239, 0.0, 0.0, 0.0, 0.0, 1.0],
                [1.000001, -0.001937, 0.000275, 0.0, 0.000272, 0.276592, 0.96099, 0.37472, -0.001938, -0.96098, 0.276595, -0.0, 0.0, 0.0, 0.0, 1.0],
                [1.000001, -0.001933, 0.000302, -0.0, 0.0003, 0.30415, 0.952627, 0.37472, -0.001933, -0.952616, 0.304153, 0.0, 0.0, 0.0, 0.0, 1.0],
                [1.000001, -0.001928, 0.000335, -0.0, 0.000333, 0.336752, 0.941596, 0.37472, -0.001928, -0.941585, 0.336755, 0.0, 0.0, 0.0, 0.0, 1.0],
                [1.0, -0.00192, 0.000373, -0.0, 0.000372, 0.373845, 0.927493, 0.37472, -0.001921, -0.927484, 0.373848, -0.0, 0.0, 0.0, 0.0, 1.0],
                [1.000001, -0.001912, 0.000414, 0.0, 0.000412, 0.412653, 0.91089, 0.37472, -0.001913, -0.910882, 0.412656, 0.0, 0.0, 0.0, 0.0, 1.0],
                [1.0, -0.001903, 0.000455, -0.0, 0.000452, 0.450959, 0.892546, 0.37472, -0.001904, -0.892538, 0.450962, -0.0, 0.0, 0.0, 0.0, 1.0],
                [1.0, -0.001893, 0.000494, -0.0, 0.000492, 0.487851, 0.872928, 0.37472, -0.001893, -0.872921, 0.487854, -0.0, 0.0, 0.0, 0.0, 1.0],
                [1.000001, -0.001882, 0.000534, -0.0, 0.000532, 0.524007, 0.851715, 0.37472, -0.001883, -0.851707, 0.52401, -0.0, 0.0, 0.0, 0.0, 1.0],
                [1.000001, -0.00187, 0.000573, 0.0, 0.000571, 0.559234, 0.82901, 0.37472, -0.001871, -0.829003, 0.559238, 0.0, 0.0, 0.0, 0.0, 1.0],
                [1.000001, -0.001857, 0.000616, 0.0, 0.000614, 0.596664, 0.802491, 0.37472, -0.001858, -0.802484, 0.596667, -0.0, 0.0, 0.0, 0.0, 1.0],
                [1.000001, -0.001843, 0.000659, 0.0, 0.000656, 0.632856, 0.774269, 0.37472, -0.001844, -0.774262, 0.63286, -0.0, 0.0, 0.0, 0.0, 1.0],
                [1.000001, -0.001826, 0.0007, 0.0, 0.000698, 0.667697, 0.744432, 0.37472, -0.001827, -0.744426, 0.667701, -0.0, 0.0, 0.0, 0.0, 1.0],
                [0.999999, -0.00181, 0.00074, -0.0, 0.000738, 0.699563, 0.714571, 0.37472, -0.001811, -0.714565, 0.699566, 0.0, 0.0, 0.0, 0.0, 1.0],
                [1.000001, -0.001801, 0.000764, 0.0, 0.000761, 0.717879, 0.696166, 0.37472, -0.001802, -0.696161, 0.717882, -0.0, 0.0, 0.0, 0.0, 1.0],
                [1.0, -0.001793, 0.000782, 0.0, 0.000779, 0.732008, 0.681294, 0.37472, -0.001794, -0.68129, 0.732011, -0.0, 0.0, 0.0, 0.0, 1.0],
                [1.0, -0.001784, 0.0008, 0.0, 0.000798, 0.745827, 0.666138, 0.37472, -0.001785, -0.666133, 0.74583, -0.0, 0.0, 0.0, 0.0, 1.0],
                [1.0, -0.001774, 0.000822, -0.0, 0.000819, 0.761822, 0.647784, 0.37472, -0.001776, -0.64778, 0.761825, 0.0, 0.0, 0.0, 0.0, 1.0],
                [1.0, -0.001762, 0.000848, -0.0, 0.000846, 0.780971, 0.624564, 0.37472, -0.001763, -0.62456, 0.780974, 0.0, 0.0, 0.0, 0.0, 1.0],
                [1.000001, -0.001746, 0.00088, -0.0, 0.000878, 0.802957, 0.596034, 0.37472, -0.001747, -0.59603, 0.80296, -0.0, 0.0, 0.0, 0.0, 1.0],
                [1.0, -0.00173, 0.000911, -0.0, 0.000909, 0.8239, 0.566732, 0.37472, -0.001731, -0.566728, 0.823903, -0.0, 0.0, 0.0, 0.0, 1.0],
                [0.999996, -0.001635, 0.001071, -0.0, 0.001069, 0.916077, 0.401003, 0.37472, -0.001637, -0.401001, 0.916076, -0.0, 0.0, 0.0, 0.0, 1.0]
            ]
        },
        {
            "name": "Knee_R",
            "time": [0.0, 2.1],
            "transform": [
                [1.0, 0.0, -0.0, 0.0, -0.0, 1e-06, -1.0, 0.37472, -0.0, 1.0, 1e-06, 0.0, 0.0, 0.0, 0.0, 1.0],
                [1.0, 0.0, -0.0, -0.0, -0.0, 1e-06, -1.0, 0.37472, -0.0, 1.0, 1e-06, -0.0, 0.0, 0.0, 0.0, 1.0]
            ]
        },
        {
            "name": "Thigh_L",
            "time": [0.0, 0.1, 0.1333, 0.1667, 0.2, 0.2333, 0.2667, 0.3, 0.3333, 0.3667, 0.4, 0.4333, 0.4667, 0.5, 0.5333, 0.5667, 0.6, 0.6333, 0.6667, 0.7, 0.7333, 0.7667, 0.8, 0.8333, 0.8667, 0.9, 0.9333, 0.9667, 1.0, 1.0333, 1.0667, 1.1, 1.1333, 1.1667, 1.2, 1.2333, 1.2667, 1.3, 1.3333, 1.3667, 1.4, 1.4333, 1.4667, 1.5, 1.5333, 1.5667, 1.6, 1.6333, 1.6667, 1.7, 1.7333, 1.7667, 1.8, 1.8333, 1.8667, 1.9, 2.1],
            "transform": [
                [0.984775, -0.16767, 0.045695, -0.099935, -0.173722, -0.942949, 0.28405, 0.000877, -0.004539, -0.287669, -0.95772, -0.026375, 0.0, 0.0, 0.0, 1.0],
                [0.987496, -0.125576, 0.094898, -0.092991, -0.157162, -0.819252, 0.551522, -0.003546, 0.008487, -0.559584, -0.828745, -0.044981, 0.0, 0.0, 0.0, 1.0],
                [0.98824, -0.115624, 0.099677, -0.090058, -0.152376, -0.786163, 0.598979, -0.00464, 0.009105, -0.607172, -0.794537, -0.050509, 0.0, 0.0, 0.0, 1.0],
                [0.989139, -0.104702, 0.102786, -0.087277, -0.146197, -0.762175, 0.630681, -0.005313, 0.012306, -0.638908, -0.769205, -0.055116, 0.0, 0.0, 0.0, 1.0],
                [0.989928, -0.095031, 0.104582, -0.085352, -0.140489, -0.741171, 0.656482, -0.00537, 0.015126, -0.664614, -0.747057, -0.058046, 0.0, 0.0, 0.0, 1.0],
                [0.9904, -0.084079, 0.109368, -0.084926, -0.135945, -0.729413, 0.670459, -0.004164, 0.023401, -0.678944, -0.733841, -0.058765, 0.0, 0.0, 0.0, 1.0],
                [0.991067, -0.072208, 0.111783, -0.086085, -0.127304, -0.759068, 0.638477, -0.001889, 0.038745, -0.647054, -0.76148, -0.057175, 0.0, 0.0, 0.0, 1.0],
                [0.992244, -0.060856, 0.108034, -0.088275, -0.112378, -0.809553, 0.576234, 0.000488, 0.052388, -0.583951, -0.810113, -0.053763, 0.0, 0.0, 0.0, 1.0],
                [0.993251, -0.051227, 0.103689, -0.09073, -0.096563, -0.860739, 0.49986, 0.002187, 0.063638, -0.506539, -0.859877, -0.049463, 0.0, 0.0, 0.0, 1.0],
                [0.99461, -0.057714, 0.085697, -0.094699, -0.089276, -0.897581, 0.431786, 0.00138, 0.051996, -0.437143, -0.897896, -0.041394, 0.0, 0.0, 0.0, 1.0],
                [0.995937, -0.073853, 0.050785, -0.099316, -0.08711, -0.930935, 0.354734, -0.000424, 0.021078, -0.357743, -0.933587, -0.028629, 0.0, 0.0, 0.0, 1.0],
                [0.99354, -0.098343, -0.055971, -0.10302, -0.086206, -0.978328, 0.188457, -0.002072, -0.073286, -0.182428, -0.980485, -0.008128, 0.0, 0.0, 0.0, 1.0],
                [0.90972, -0.222134, -0.350722, -0.095486, -0.186309, -0.973456, 0.133206, -0.004406, -0.370974, -0.055841, -0.926957, 0.039324, 0.0, 0.0, 0.0, 1.0],
                [0.675824, -0.414165, -0.609678, -0.067377, -0.373177, -0.905648, 0.201477, -0.002447, -0.635549, 0.091363, -0.766615, 0.078339, 0.0, 0.0, 0.0, 1.0],
                [0.256301, -0.605458, -0.753494, -0.03948, -0.481003, -0.756077, 0.443859, 0.010846, -0.838371, 0.248692, -0.485011, 0.094898, 0.0, 0.0, 0.0, 1.0],
                [-0.183294, -0.685662, -0.70449, -0.010908, -0.420106, -0.59328, 0.68669, 0.02153, -0.888727, 0.42186, -0.179306, 0.100493, 0.0, 0.0, 0.0, 1.0],
                [-0.437221, -0.666057, -0.604339, 0.017368, -0.347933, -0.49439, 0.796574, 0.014268, -0.829278, 0.558593, -0.015586, 0.100873, 0.0, 0.0, 0.0, 1.0],
                [-0.449243, -0.65443, -0.60821, 0.02115, -0.336506, -0.506704, 0.793741, 0.014868, -0.827567, 0.561293, 0.007413, 0.100061, 0.0, 0.0, 0.0, 1.0],
                [-0.456916, -0.644689, -0.612878, 0.022497, -0.326464, -0.519399, 0.78972, 0.015782, -0.827387, 0.560963, 0.026854, 0.099625, 0.0, 0.0, 0.0, 1.0],
                [-0.459271, -0.633753, -0.622448, 0.023291, -0.320348, -0.535418, 0.781485, 0.01675, -0.828474, 0.558357, 0.04288, 0.099284, 0.0, 0.0, 0.0, 1.0],
                [-0.454787, -0.624742, -0.634729, 0.023528, -0.320543, -0.55013, 0.77112, 0.017182, -0.830868, 0.554197, 0.049935, 0.099155, 0.0, 0.0, 0.0, 1.0],
                [-0.446885, -0.619204, -0.645675, 0.023757, -0.325913, -0.55948, 0.762089, 0.017212, -0.833064, 0.551043, 0.048216, 0.099095, 0.0, 0.0, 0.0, 1.0],
                [-0.438445, -0.614383, -0.655983, 0.024139, -0.331918, -0.56761, 0.753436, 0.017023, -0.835175, 0.548116, 0.044941, 0.099036, 0.0, 0.0, 0.0, 1.0],
                [-0.428508, -0.610389, -0.6662, 0.024393, -0.340848, -0.573662, 0.744816, 0.016786, -0.836735, 0.546275, 0.037769, 0.099013, 0.0, 0.0, 0.0, 1.0],
                [-0.413534, -0.606987, -0.678654, 0.024145, -0.350062, -0.582102, 0.733914, 0.016522, -0.840457, 0.541113, 0.028236, 0.099118, 0.0, 0.0, 0.0, 1.0],
                [-0.395402, -0.601927, -0.6938, 0.022984, -0.363746, -0.591, 0.720017, 0.016332, -0.843367, 0.537105, 0.014734, 0.099425, 0.0, 0.0, 0.0, 1.0],
                [-0.370686, -0.595544, -0.712696, 0.020412, -0.381155, -0.602235, 0.701463, 0.016299, -0.846897, 0.531712, -0.003755, 0.099991, 0.0, 0.0, 0.0, 1.0],
                [-0.342341, -0.601347, -0.721945, 0.016952, -0.391262, -0.607358, 0.69141, 0.016367, -0.854188, 0.519209, -0.027361, 0.100625, 0.0, 0.0, 0.0, 1.0],
                [-0.316574, -0.60309, -0.732178, 0.013343, -0.400544, -0.614713, 0.679492, 0.016539, -0.859806, 0.508419, -0.046962, 0.10114, 0.0, 0.0, 0.0, 1.0],
                [-0.289315, -0.603976, -0.742652, 0.009251, -0.40994, -0.622927, 0.66628, 0.016689, -0.864967, 0.497246, -0.067372, 0.101571, 0.0, 0.0, 0.0, 1.0],
                [-0.254, -0.607943, -0.752273, 0.004266, -0.419013, -0.631856, 0.652076, 0.016745, -0.871684, 0.480878, -0.094245, 0.101894, 0.0, 0.0, 0.0, 1.0],
                [-0.207168, -0.611292, -0.763826, -0.001867, -0.429698, -0.64458, 0.632372, 0.016838, -0.878841, 0.459258, -0.129135, 0.101952, 0.0, 0.0, 0.0, 1.0],
                [-0.141276, -0.615563, -0.775339, -0.009511, -0.442069, -0.661562, 0.605747, 0.016923, -0.885741, 0.428365, -0.178659, 0.10151, 0.0, 0.0, 0.0, 1.0],
                [-0.051274, -0.617225, -0.785133, -0.018767, -0.454738, -0.68553, 0.568579, 0.017015, -0.889103, 0.386214, -0.245526, 0.100199, 0.0, 0.0, 0.0, 1.0],
                [0.067049, -0.623117, -0.779269, -0.029679, -0.458327, -0.713003, 0.530647, 0.016916, -0.886207, 0.321606, -0.333398, 0.097544, 0.0, 0.0, 0.0, 1.0],
                [0.207648, -0.633297, -0.745551, -0.041928, -0.44714, -0.739354, 0.503437, 0.016644, -0.869983, 0.228846, -0.436697, 0.09299, 0.0, 0.0, 0.0, 1.0],
                [0.352222, -0.624656, -0.696969, -0.054454, -0.417985, -0.771319, 0.479988, 0.016143, -0.837348, 0.12227, -0.532772, 0.086351, 0.0, 0.0, 0.0, 1.0],
                [0.488234, -0.575873, -0.655747, -0.066542, -0.368784, -0.817187, 0.442995, 0.015372, -0.790917, 0.025546, -0.611351, 0.077579, 0.0, 0.0, 0.0, 1.0],
                [0.605359, -0.501966, -0.617707, -0.077441, -0.30052, -0.862815, 0.406558, 0.014287, -0.736987, -0.060484, -0.673164, 0.066945, 0.0, 0.0, 0.0, 1.0],
                [0.703967, -0.435491, -0.561029, -0.08661, -0.229341, -0.887063, 0.400722, 0.012988, -0.672127, -0.15344, -0.724339, 0.054892, 0.0, 0.0, 0.0, 1.0],
                [0.785258, -0.388955, -0.481713, -0.093692, -0.173258, -0.885051, 0.432116, 0.011544, -0.594369, -0.255881, -0.762383, 0.042093, 0.0, 0.0, 0.0, 1.0],
                [0.849086, -0.356295, -0.38995, -0.098663, -0.137968, -0.86227, 0.487352, 0.009914, -0.509844, -0.360031, -0.781298, 0.029167, 0.0, 0.0, 0.0, 1.0],
                [0.894355, -0.325939, -0.306328, -0.101529, -0.12337, -0.838089, 0.531452, 0.008496, -0.429917, -0.43755, -0.78976, 0.017409, 0.0, 0.0, 0.0, 1.0],
                [0.925676, -0.292832, -0.2394, -0.102864, -0.124216, -0.833251, 0.538809, 0.00707, -0.357234, -0.469062, -0.807695, 0.007248, 0.0, 0.0, 0.0, 1.0],
                [0.945743, -0.267439, -0.184342, -0.103183, -0.145523, -0.856316, 0.495582, 0.00595, -0.29037, -0.441901, -0.848774, -0.001209, 0.0, 0.0, 0.0, 1.0],
                [0.960632, -0.243673, -0.133198, -0.1029, -0.15806, -0.874219, 0.459145, 0.004844, -0.228308, -0.420049, -0.878318, -0.008459, 0.0, 0.0, 0.0, 1.0],
                [0.97115, -0.222524, -0.08533, -0.102258, -0.1654, -0.887179, 0.430829, 0.003977, -0.171559, -0.404317, -0.89839, -0.014529, 0.0, 0.0, 0.0, 1.0],
                [0.978246, -0.202858, -0.042571, -0.101443, -0.168151, -0.896876, 0.409144, 0.00314, -0.12117, -0.393115, -0.911476, -0.019568, 0.0, 0.0, 0.0, 1.0],
                [0.98269, -0.185004, -0.004491, -0.100568, -0.168265, -0.903491, 0.394277, 0.002495, -0.076994, -0.386727, -0.918981, -0.023732, 0.0, 0.0, 0.0, 1.0],
                [0.985126, -0.168845, 0.030728, -0.099704, -0.167598, -0.908179, 0.383644, 0.001967, -0.036867, -0.383117, -0.92297, -0.02718, 0.0, 0.0, 0.0, 1.0],
                [0.98607, -0.154658, 0.060591, -0.098896, -0.166071, -0.912452, 0.374054, 0.001393, -0.002563, -0.378935, -0.925426, -0.030018, 0.0, 0.0, 0.0, 1.0],
                [0.985768, -0.143283, 0.087491, -0.09813, -0.165562, -0.915958, 0.365615, 0.000965, 0.02775, -0.374926, -0.926645, -0.03245, 0.0, 0.0, 0.0, 1.0],
                [0.985078, -0.133356, 0.108456, -0.097454, -0.163686, -0.920351, 0.35528, 0.000418, 0.052436, -0.36776, -0.928447, -0.034436, 0.0, 0.0, 0.0, 1.0],
                [0.983733, -0.12529, 0.128439, -0.096735, -0.162473, -0.925763, 0.341512, -0.000116, 0.076111, -0.356852, -0.93106, -0.036411, 0.0, 0.0, 0.0, 1.0],
                [0.982254, -0.124991, 0.139568, -0.09633, -0.164907, -0.930367, 0.327548, -0.00023, 0.088902, -0.344778, -0.93447, -0.037468, 0.0, 0.0, 0.0, 1.0],
                [0.982092, -0.128183, 0.1378, -0.096439, -0.166284, -0.933942, 0.316494, -0.000251, 0.088121, -0.333766, -0.938532, -0.037185, 0.0, 0.0, 0.0, 1.0],
                [0.984775, -0.16767, 0.045695, -0.099935, -0.173722, -0.942949, 0.28405, 0.000877, -0.004539, -0.287669, -0.95772, -0.026375, 0.0, 0.0, 0.0, 1.0]
            ]
        },
        {
            "name": "Leg_L",
            "time": [0.0, 0.1, 0.1333, 0.1667, 0.2, 0.2333, 0.2667, 0.3, 0.3333, 0.3667, 0.4, 0.4333, 0.4667, 0.5, 0.5333, 0.5667, 0.6, 0.6333, 0.6667, 0.7, 0.7333, 0.7667, 0.8, 0.8333, 0.8667, 0.9, 0.9333, 0.9667, 1.0, 1.0333, 1.0667, 1.1, 1.1333, 1.1667, 1.2, 1.2333, 1.2667, 1.3, 1.3333, 1.3667, 1.4, 1.4333, 1.4667, 1.5, 1.5333, 1.5667, 1.6, 1.6333, 1.6667, 1.7, 1.7333, 1.7667, 1.8, 1.8333, 1.8667, 1.9, 2.1],
            "transform": [
                [0.999987, -0.001678, 0.001003, 0.0, 0.001, 0.880039, 0.474915, 0.37472, -0.001679, -0.474914, 0.880036, -0.0, 0.0, 0.0, 0.0, 1.0],
                [0.999996, -0.001745, 0.000882, 0.0, 0.000879, 0.804535, 0.593909, 0.37472, -0.001746, -0.593913, 0.804527, 0.0, 0.0, 0.0, 0.0, 1.0],
                [0.999995, -0.001733, 0.000905, -0.0, 0.000902, 0.819767, 0.572701, 0.37472, -0.001734, -0.572704, 0.81976, -0.0, 0.0, 0.0, 0.0, 1.0],
                [0.999996, -0.001723, 0.000924, -0.0, 0.000921, 0.832007, 0.554769, 0.37472, -0.001724, -0.554772, 0.832001, 0.0, 0.0, 0.0, 0.0, 1.0],
                [0.999997, -0.001735, 0.0009, -0.0, 0.000897, 0.816444, 0.577428, 0.37472, -0.001737, -0.577431, 0.816437, -0.0, 0.0, 0.0, 0.0, 1.0],
                [0.999996, -0.001824, 0.000704, -0.0, 0.000702, 0.671073, 0.741391, 0.37472, -0.001825, -0.741408, 0.671055, -0.0, 0.0, 0.0, 0.0, 1.0],
                [0.999997, -0.001865, 0.000587, 0.0, 0.000586, 0.572123, 0.820161, 0.37472, -0.001866, -0.820187, 0.572104, -0.0, 0.0, 0.0, 0.0, 1.0],
