{
    "animation": [
        {
            "name": "Root",
            "time": [0.0, 0.0333, 0.0667, 0.1, 0.1333, 0.1667, 0.2, 0.2333, 0.2667, 0.3, 0.3333, 0.3667, 0.4, 0.4333, 0.4667, 0.5, 0.5333, 0.5667, 0.6, 0.6333, 0.6667, 0.7, 0.7333, 0.7667, 0.8, 0.8333, 0.8667, 0.9, 0.9333, 0.9667, 1.0, 1.0333, 1.0667, 1.1, 1.1333, 1.1667, 1.2, 1.2333, 1.2667, 1.3, 1.3333, 1.3667, 1.4, 1.4333, 1.4667, 1.5, 1.5333, 1.5667, 1.6, 1.6333, 1.6667, 1.7, 1.7333, 1.7667, 1.8, 1.8333],
            "transform": [
                [0.844791, 0.003186, -0.535087, -0.008318, -0.534752, -0.030837, -0.844446, -0.002115, -0.019191, 0.999519, -0.024347, 0.760057, 0.0, 0.0, 0.0, 1.0],
                [0.844791, 0.003186, -0.535087, -0.008318, -0.534752, -0.030837, -0.844446, -0.002115, -0.019191, 0.999519, -0.024347, 0.760057, 0.0, 0.0, 0.0, 1.0],
                [0.466602, -0.117497, -0.876628, -0.069799, -0.883209, -0.009051, -0.468892, 0.058772, 0.047159, 0.993032, -0.107997, 0.712998, 0.0, 0.0, 0.0, 1.0],
                [-0.045391, -0.219612, -0.974531, -0.134131, -0.996652, 0.076367, 0.029212, 0.116851, 0.068007, 0.972594, -0.222343, 0.663817, 0.0, 0.0, 0.0, 1.0],
                [-0.541606, -0.258837, -0.799792, -0.189863, -0.84023, 0.19613, 0.505517, 0.17788, 0.026016, 0.945799, -0.323707, 0.615473, 0.0, 0.0, 0.0, 1.0],
                [-0.880879, -0.224273, -0.416837, -0.227471, -0.469425, 0.300877, 0.830128, 0.247556, -0.060759, 0.926917, -0.370315, 0.57099, 0.0, 0.0, 0.0, 1.0],
                [-0.988631, -0.141605, 0.050552, -0.238871, -0.002088, 0.349107, 0.93708, 0.332689, -0.150344, 0.926322, -0.345434, 0.532947, 0.0, 0.0, 0.0, 1.0],
                [-0.887385, -0.054748, 0.457766, -0.190338, 0.426438, 0.279873, 0.860129, 0.481644, -0.175207, 0.958475, -0.225009, 0.504717, 0.0, 0.0, 0.0, 1.0],
                [-0.657563, -0.023798, 0.753024, -0.096295, 0.745493, 0.123875, 0.654901, 0.666364, -0.108866, 0.992012, -0.063714, 0.487197, 0.0, 0.0, 0.0, 1.0],
                [-0.336898, -0.046565, 0.940389, -0.02033, 0.941097, 0.01402, 0.337846, 0.780318, -0.028916, 0.998817, 0.039099, 0.479702, 0.0, 0.0, 0.0, 1.0],
                [0.041318, -0.079379, 0.995988, 0.021571, 0.999112, 0.011465, -0.040534, 0.737469, -0.008201, 0.996778, 0.079782, 0.486479, 0.0, 0.0, 0.0, 1.0],
                [0.410895, -0.085413, 0.907673, 0.045962, 0.911366, 0.064735, -0.406475, 0.625931, -0.02404, 0.99424, 0.104442, 0.504313, 0.0, 0.0, 0.0, 1.0],
                [0.72146, -0.044832, 0.691003, 0.038363, 0.691002, 0.111248, -0.714241, 0.599938, -0.044852, 0.992781, 0.11124, 0.522309, 0.0, 0.0, 0.0, 1.0],
                [0.932489, 0.082346, 0.351687, -0.058545, 0.344376, 0.091003, -0.934411, 0.839078, -0.10895, 0.99244, 0.056501, 0.541253, 0.0, 0.0, 0.0, 1.0],
                [0.98468, 0.174371, -9e-06, -0.157434, -0.007239, 0.040827, -0.99914, 1.11978, -0.174221, 0.983833, 0.041464, 0.551988, 0.0, 0.0, 0.0, 1.0],
                [0.962422, 0.173182, -0.209171, -0.170153, -0.224625, 0.074835, -0.971567, 1.222637, -0.152605, 0.982043, 0.110924, 0.542896, 0.0, 0.0, 0.0, 1.0],
                [0.917939, 0.147551, -0.368261, -0.152944, -0.388502, 0.146362, -0.90975, 1.276983, -0.080335, 0.978165, 0.191675, 0.525782, 0.0, 0.0, 0.0, 1.0],
                [0.794683, 0.079868, -0.601748, -0.118535, -0.60388, 0.204799, -0.770316, 1.35588, 0.061714, 0.97554, 0.210981, 0.508955, 0.0, 0.0, 0.0, 1.0],
                [0.342547, -0.128014, -0.930738, -0.039133, -0.888544, 0.277686, -0.365211, 1.525914, 0.305205, 0.952104, -0.018625, 0.497803, 0.0, 0.0, 0.0, 1.0],
                [-0.270624, -0.253117, -0.928814, 0.046909, -0.893014, 0.426369, 0.144001, 1.70318, 0.359568, 0.868413, -0.341423, 0.477663, 0.0, 0.0, 0.0, 1.0],
                [-0.571863, -0.155166, -0.805541, 0.060421, -0.755884, 0.481226, 0.443916, 1.798561, 0.318766, 0.862755, -0.392483, 0.428116, 0.0, 0.0, 0.0, 1.0],
                [-0.7317, -0.044531, -0.680171, 0.060841, -0.627325, 0.434291, 0.646417, 1.865668, 0.266607, 0.899671, -0.345706, 0.392315, 0.0, 0.0, 0.0, 1.0],
                [-0.847031, -0.014019, -0.531358, 0.085592, -0.504107, 0.338199, 0.794668, 1.939642, 0.168564, 0.94097, -0.293532, 0.393415, 0.0, 0.0, 0.0, 1.0],
                [-0.925307, -0.018524, -0.378767, 0.114216, -0.373391, 0.218955, 0.901464, 2.015398, 0.066235, 0.975559, -0.209517, 0.400492, 0.0, 0.0, 0.0, 1.0],
                [-0.973086, -0.049986, -0.224958, 0.144194, -0.228824, 0.094034, 0.968916, 2.089704, -0.027279, 0.994313, -0.102942, 0.412075, 0.0, 0.0, 0.0, 1.0],
                [-0.992959, -0.097833, -0.066794, 0.173132, -0.065093, -0.020475, 0.997669, 2.159286, -0.098972, 0.994992, 0.013963, 0.426743, 0.0, 0.0, 0.0, 1.0],
                [-0.983266, -0.150475, 0.102687, 0.198709, 0.120018, -0.111015, 0.986545, 2.220805, -0.137051, 0.982361, 0.127217, 0.443144, 0.0, 0.0, 0.0, 1.0],
                [-0.936544, -0.195353, 0.291073, 0.21863, 0.324401, -0.168298, 0.930827, 2.270811, -0.132853, 0.966185, 0.220991, 0.45997, 0.0, 0.0, 0.0, 1.0],
                [-0.832518, -0.20756, 0.513646, 0.231912, 0.548928, -0.183906, 0.815388, 2.299637, -0.074779, 0.96078, 0.267041, 0.480132, 0.0, 0.0, 0.0, 1.0],
                [-0.648051, -0.178411, 0.740405, 0.238146, 0.761419, -0.172821, 0.6248, 2.306655, 0.016487, 0.96866, 0.247842, 0.505055, 0.0, 0.0, 0.0, 1.0],
                [-0.394552, -0.127163, 0.910032, 0.235766, 0.913598, -0.160266, 0.373703, 2.302283, 0.098326, 0.978849, 0.179409, 0.531405, 0.0, 0.0, 0.0, 1.0],
                [-0.1191, -0.085014, 0.989236, 0.223479, 0.982165, -0.156081, 0.104835, 2.297592, 0.145489, 0.984079, 0.102087, 0.556278, 0.0, 0.0, 0.0, 1.0],
                [0.153561, -0.053407, 0.986695, 0.19693, 0.975393, -0.151672, -0.160012, 2.293691, 0.1582, 0.986987, 0.028801, 0.580193, 0.0, 0.0, 0.0, 1.0],
                [0.417128, -0.01451, 0.908732, 0.158122, 0.897919, -0.148013, -0.414528, 2.286012, 0.140519, 0.988879, -0.048711, 0.604779, 0.0, 0.0, 0.0, 1.0],
                [0.641823, 0.02238, 0.766526, 0.115949, 0.760087, -0.151053, -0.632022, 2.277481, 0.101641, 0.988272, -0.11396, 0.629027, 0.0, 0.0, 0.0, 1.0],
                [0.809002, 0.046279, 0.585981, 0.079512, 0.584962, -0.16133, -0.794853, 2.27096, 0.057751, 0.985815, -0.157588, 0.651847, 0.0, 0.0, 0.0, 1.0],
                [0.915507, 0.047231, 0.39952, 0.058027, 0.401372, -0.174737, -0.899092, 2.26916, 0.027346, 0.983482, -0.178931, 0.672033, 0.0, 0.0, 0.0, 1.0],
                [0.973445, 0.016188, 0.22835, 0.058206, 0.227373, -0.18424, -0.95622, 2.272574, 0.026592, 0.982748, -0.183028, 0.689499, 0.0, 0.0, 0.0, 1.0],
                [0.996344, -0.038924, 0.076054, 0.074314, 0.067735, -0.182653, -0.980841, 2.279346, 0.052069, 0.982406, -0.179349, 0.704909, 0.0, 0.0, 0.0, 1.0],
                [0.9934, -0.100539, -0.055217, 0.096873, -0.071719, -0.168736, -0.983049, 2.288476, 0.089517, 0.98052, -0.174832, 0.718171, 0.0, 0.0, 0.0, 1.0],
                [0.974322, -0.151936, -0.166166, 0.116346, -0.188483, -0.146681, -0.971061, 2.298919, 0.123166, 0.977446, -0.171552, 0.729301, 0.0, 0.0, 0.0, 1.0],
                [0.949287, -0.178009, -0.259166, 0.123148, -0.282937, -0.124178, -0.951066, 2.309612, 0.137115, 0.976162, -0.168245, 0.738405, 0.0, 0.0, 0.0, 1.0],
                [0.92814, -0.174203, -0.328952, 0.113855, -0.349846, -0.106407, -0.930744, 2.320586, 0.127136, 0.978944, -0.159705, 0.744912, 0.0, 0.0, 0.0, 1.0],
                [0.914809, -0.15162, -0.374347, 0.094836, -0.390226, -0.092785, -0.916032, 2.332331, 0.104155, 0.984074, -0.144047, 0.748802, 0.0, 0.0, 0.0, 1.0],
                [0.906926, -0.119396, -0.404017, 0.071183, -0.414577, -0.082422, -0.906274, 2.344531, 0.074906, 0.98942, -0.124249, 0.751018, 0.0, 0.0, 0.0, 1.0],
                [0.900446, -0.086324, -0.426317, 0.047998, -0.432517, -0.073781, -0.898602, 2.356913, 0.046117, 0.993531, -0.103772, 0.752509, 0.0, 0.0, 0.0, 1.0],
                [0.891091, -0.061033, -0.449703, 0.030384, -0.453147, -0.065482, -0.889028, 2.369218, 0.024813, 0.995986, -0.086007, 0.754236, 0.0, 0.0, 0.0, 1.0],
                [0.879924, -0.044545, -0.473021, 0.019195, -0.474964, -0.05751, -0.878124, 2.38149, 0.011912, 0.997351, -0.071762, 0.756045, 0.0, 0.0, 0.0, 1.0],
                [0.870579, -0.031312, -0.491031, 0.011021, -0.492022, -0.050355, -0.869125, 2.393897, 0.002488, 0.99824, -0.059244, 0.75729, 0.0, 0.0, 0.0, 1.0],
                [0.862307, -0.019927, -0.505994, 0.004569, -0.506362, -0.043662, -0.861215, 2.40638, -0.004932, 0.998847, -0.04774, 0.758213, 0.0, 0.0, 0.0, 1.0],
                [0.854107, -0.008927, -0.52002, -0.001449, -0.519965, -0.037197, -0.853377, 2.418884, -0.011725, 0.999268, -0.036412, 0.759055, 0.0, 0.0, 0.0, 1.0],
                [0.844792, 0.003186, -0.535085, -0.008318, -0.53475, -0.030835, -0.844447, 2.431354, -0.019189, 0.999519, -0.024345, 0.760057, 0.0, 0.0, 0.0, 1.0],
                [0.844792, 0.003186, -0.535085, -0.008318, -0.53475, -0.030835, -0.844447, 2.431354, -0.019189, 0.999519, -0.024345, 0.760057, 0.0, 0.0, 0.0, 1.0],
                [0.844792, 0.003186, -0.535085, -0.008318, -0.53475, -0.030835, -0.844447, 2.431354, -0.019189, 0.999519, -0.024345, 0.760057, 0.0, 0.0, 0.0, 1.0],
                [0.844792, 0.003186, -0.535085, -0.008318, -0.53475, -0.030835, -0.844447, 2.431354, -0.019189, 0.999519, -0.024345, 0.760057, 0.0, 0.0, 0.0, 1.0],
                [0.844792, 0.003186, -0.535085, -0.008318, -0.53475, -0.030835, -0.844447, 2.431354, -0.019189, 0.999519, -0.024345, 0.760057, 0.0, 0.0, 0.0, 1.0]
            ]
        },
        {
            "name": "Thigh_R",
            "time": [0.0, 0.0333, 0.0667, 0.1, 0.1333, 0.1667, 0.2, 0.2333, 0.2667, 0.3, 0.3333, 0.3667, 0.4, 0.4333, 0.4667, 0.5, 0.5333, 0.5667, 0.6, 0.6333, 0.6667, 0.7, 0.7333, 0.7667, 0.8, 0.8333, 0.8667, 0.9, 0.9333, 0.9667, 1.0, 1.0333, 1.0667, 1.1, 1.1333, 1.1667, 1.2, 1.2333, 1.2667, 1.3, 1.3333, 1.3667, 1.4, 1.4333, 1.4667, 1.5, 1.5333, 1.5667, 1.6, 1.6333, 1.6667, 1.7, 1.7333, 1.7667, 1.8, 1.8333],
            "transform": [
                [0.901261, 0.26793, 0.340504, 0.124994, 0.245236, -0.963327, 0.108904, -0.002831, 0.357195, -0.014647, -0.933915, -1.2e-05, 0.0, 0.0, 0.0, 1.0],
                [0.901261, 0.26793, 0.340504, 0.124994, 0.245236, -0.963327, 0.108904, -0.002831, 0.357195, -0.014647, -0.933915, -1.2e-05, 0.0, 0.0, 0.0, 1.0],
                [0.881544, 0.214794, 0.420408, 0.124994, 0.207162, -0.976187, 0.064357, -0.002831, 0.424221, 0.030359, -0.90505, -1.2e-05, 0.0, 0.0, 0.0, 1.0],
                [0.825239, 0.36473, 0.431222, 0.124994, 0.393458, -0.91902, 0.024344, -0.002831, 0.405181, 0.149578, -0.901918, -1.2e-05, 0.0, 0.0, 0.0, 1.0],
                [0.694026, 0.632877, 0.343213, 0.124994, 0.600694, -0.77181, 0.20851, -0.002831, 0.396856, 0.061455, -0.915821, -1.2e-05, 0.0, 0.0, 0.0, 1.0],
                [0.582632, 0.783463, 0.216159, 0.124994, 0.593576, -0.59187, 0.545304, -0.002831, 0.555164, -0.189405, -0.809888, -1.2e-05, 0.0, 0.0, 0.0, 1.0],
                [0.698035, 0.692986, 0.180328, 0.124994, 0.367408, -0.56277, 0.740473, -0.002831, 0.614621, -0.450622, -0.647442, -1.2e-05, 0.0, 0.0, 0.0, 1.0],
                [0.590443, 0.78009, -0.206972, 0.124994, 0.67156, -0.332633, 0.662089, -0.002831, 0.447643, -0.52992, -0.720278, -1.2e-05, 0.0, 0.0, 0.0, 1.0],
                [0.836866, 0.467659, -0.284515, 0.124994, 0.535095, -0.589258, 0.605349, -0.002831, 0.115444, -0.658839, -0.743373, -1.2e-05, 0.0, 0.0, 0.0, 1.0],
                [0.913629, 0.298898, -0.275575, 0.124994, 0.325059, -0.944173, 0.053603, -0.002831, -0.244169, -0.138552, -0.959784, -1.2e-05, 0.0, 0.0, 0.0, 1.0],
                [0.820072, 0.555434, -0.137746, 0.124994, 0.57226, -0.795937, 0.197491, -0.002831, 5.6e-05, -0.240783, -0.970579, -1.2e-05, 0.0, 0.0, 0.0, 1.0],
                [0.640107, 0.765817, -0.061542, 0.124994, 0.688084, -0.535811, 0.489333, -0.002831, 0.341765, -0.355572, -0.869923, -1.2e-05, 0.0, 0.0, 0.0, 1.0],
                [0.643471, 0.764022, -0.047075, 0.124994, 0.516107, -0.387611, 0.7638, -0.002831, 0.565313, -0.515779, -0.643733, -1.2e-05, 0.0, 0.0, 0.0, 1.0],
                [0.675138, 0.735907, -0.051265, 0.124994, 0.504722, -0.410125, 0.75964, -0.002831, 0.538, -0.538736, -0.64832, -1.2e-05, 0.0, 0.0, 0.0, 1.0],
                [0.63622, 0.764712, -0.102176, 0.124994, 0.646512, -0.456177, 0.611494, -0.002831, 0.421006, -0.455103, -0.784624, -1.2e-05, 0.0, 0.0, 0.0, 1.0],
                [0.693079, 0.691418, -0.203917, 0.124994, 0.645787, -0.46984, 0.601839, -0.002831, 0.320314, -0.548808, -0.772145, -1.2e-05, 0.0, 0.0, 0.0, 1.0],
                [0.785583, 0.543891, -0.295028, 0.124994, 0.581905, -0.487317, 0.651083, -0.002831, 0.210346, -0.683158, -0.699321, -1.2e-05, 0.0, 0.0, 0.0, 1.0],
                [0.882703, 0.343737, -0.320439, 0.124994, 0.465009, -0.540458, 0.701193, -0.002831, 0.067842, -0.767952, -0.636904, -1.2e-05, 0.0, 0.0, 0.0, 1.0],
                [0.970667, 0.235131, 0.05018, 0.124994, 0.131046, -0.692403, 0.70951, -0.002831, 0.201572, -0.682123, -0.702906, -1.2e-05, 0.0, 0.0, 0.0, 1.0],
                [0.924041, 0.252059, 0.287428, 0.124994, 0.036157, -0.806103, 0.59067, -0.002831, 0.38058, -0.53541, -0.753986, -1.2e-05, 0.0, 0.0, 0.0, 1.0],
                [0.924772, 0.264156, 0.273893, 0.124994, -0.002123, -0.716192, 0.697899, -0.002831, 0.380515, -0.64598, -0.661754, -1.2e-05, 0.0, 0.0, 0.0, 1.0],
                [0.927422, 0.243532, 0.283868, 0.124994, -0.090441, -0.590426, 0.802009, -0.002831, 0.362918, -0.769473, -0.525548, -1.2e-05, 0.0, 0.0, 0.0, 1.0],
                [0.91472, 0.287764, 0.283688, 0.124994, -0.124554, -0.467077, 0.8754, -0.002831, 0.384413, -0.83608, -0.391402, -1.2e-05, 0.0, 0.0, 0.0, 1.0],
                [0.873513, 0.427299, 0.233217, 0.124994, -0.00952, -0.463996, 0.885786, -0.002831, 0.486707, -0.775966, -0.401238, -1.2e-05, 0.0, 0.0, 0.0, 1.0],
                [0.77196, 0.630559, 0.080458, 0.124994, 0.260795, -0.429591, 0.864545, -0.002831, 0.57971, -0.646411, -0.496074, -1.2e-05, 0.0, 0.0, 0.0, 1.0],
                [0.609434, 0.786412, -0.100723, 0.124994, 0.494871, -0.278058, 0.823278, -0.002831, 0.619429, -0.551579, -0.55863, -1.2e-05, 0.0, 0.0, 0.0, 1.0],
                [0.487487, 0.843656, -0.224948, 0.124994, 0.576466, -0.117488, 0.808631, -0.002831, 0.655778, -0.523871, -0.543612, -1.2e-05, 0.0, 0.0, 0.0, 1.0],
                [0.477389, 0.830345, -0.287447, 0.124994, 0.55716, -0.033087, 0.829746, -0.002831, 0.679465, -0.556266, -0.478431, -1.2e-05, 0.0, 0.0, 0.0, 1.0],
                [0.582866, 0.761381, -0.283841, 0.124994, 0.464931, -0.026009, 0.884965, -0.002831, 0.666413, -0.647782, -0.369149, -1.2e-05, 0.0, 0.0, 0.0, 1.0],
                [0.743417, 0.644971, -0.17704, 0.124994, 0.289375, -0.071529, 0.95454, -0.002831, 0.602987, -0.760852, -0.239814, -1.2e-05, 0.0, 0.0, 0.0, 1.0],
                [0.868216, 0.495964, 0.014837, 0.124994, 0.079569, -0.168682, 0.982454, -0.002831, 0.489764, -0.851802, -0.185915, -1.2e-05, 0.0, 0.0, 0.0, 1.0],
                [0.917631, 0.336388, 0.211654, 0.124994, -0.106919, -0.303971, 0.946662, -0.002831, 0.382782, -0.891316, -0.242967, -1.2e-05, 0.0, 0.0, 0.0, 1.0],
                [0.897917, 0.203257, 0.390425, 0.124994, -0.250194, -0.49409, 0.832633, -0.002831, 0.362144, -0.845317, -0.392799, -1.2e-05, 0.0, 0.0, 0.0, 1.0],
                [0.844325, 0.087771, 0.528594, 0.124994, -0.27189, -0.779883, 0.563789, -0.002831, 0.461726, -0.61974, -0.634611, -1.2e-05, 0.0, 0.0, 0.0, 1.0],
                [0.806889, 0.136053, 0.574821, 0.124994, -0.093429, -0.93147, 0.351616, -0.002831, 0.583267, -0.33742, -0.738882, -1.2e-05, 0.0, 0.0, 0.0, 1.0],
                [0.76658, 0.247892, 0.592372, 0.124994, 0.132578, -0.963706, 0.231718, -0.002831, 0.628314, -0.099095, -0.771623, -1.2e-05, 0.0, 0.0, 0.0, 1.0],
                [0.716389, 0.356624, 0.599672, 0.124994, 0.293519, -0.933785, 0.204673, -0.002831, 0.632956, 0.029389, -0.77363, -1.2e-05, 0.0, 0.0, 0.0, 1.0],
                [0.765919, 0.316041, 0.559898, 0.124994, 0.253227, -0.94874, 0.189123, -0.002831, 0.590969, -0.003072, -0.806688, -1.2e-05, 0.0, 0.0, 0.0, 1.0],
                [0.812099, 0.222094, 0.539601, 0.124994, 0.174007, -0.974834, 0.139351, -0.002831, 0.556971, -0.019272, -0.830309, -1.1e-05, 0.0, 0.0, 0.0, 1.0],
                [0.849377, 0.102314, 0.517774, 0.124994, 0.082546, -0.994709, 0.061146, -0.002831, 0.521291, -0.009196, -0.853329, -1.2e-05, 0.0, 0.0, 0.0, 1.0],
                [0.877371, -0.009663, 0.479716, 0.124994, 0.002157, -0.999707, -0.024082, -0.002831, 0.479808, 0.022163, -0.877093, -1.2e-05, 0.0, 0.0, 0.0, 1.0],
                [0.901377, -0.078197, 0.425915, 0.124994, -0.047155, -0.995436, -0.082963, -0.002831, 0.430459, 0.054696, -0.900951, -1.2e-05, 0.0, 0.0, 0.0, 1.0],
                [0.906639, -0.061564, 0.417391, 0.124994, -0.024533, -0.995315, -0.093516, -0.002831, 0.421193, 0.074545, -0.903902, -1.2e-05, 0.0, 0.0, 0.0, 1.0],
                [0.911542, -0.01096, 0.41106, 0.124994, 0.015182, -0.998066, -0.060278, -0.002831, 0.410926, 0.061187, -0.909613, -1.2e-05, 0.0, 0.0, 0.0, 1.0],
                [0.913983, 0.054956, 0.402014, 0.124994, 0.062821, -0.998004, -0.006396, -0.002831, 0.40086, 0.0311, -0.915611, -1.2e-05, 0.0, 0.0, 0.0, 1.0],
                [0.913479, 0.11873, 0.389178, 0.124994, 0.109619, -0.992926, 0.045623, -0.002831, 0.391841, 0.000986, -0.920032, -1.2e-05, 0.0, 0.0, 0.0, 1.0],
                [0.911606, 0.165059, 0.37647, 0.124994, 0.146045, -0.986141, 0.078719, -0.002831, 0.384246, -0.016779, -0.923078, -1.2e-05, 0.0, 0.0, 0.0, 1.0],
                [0.909615, 0.193743, 0.367512, 0.124994, 0.171094, -0.9808, 0.093585, -0.002831, 0.378587, -0.022247, -0.925298, -1.2e-05, 0.0, 0.0, 0.0, 1.0],
                [0.907732, 0.215755, 0.359822, 0.124994, 0.191641, -0.976164, 0.101866, -0.002831, 0.373224, -0.023511, -0.927443, -1.2e-05, 0.0, 0.0, 0.0, 1.0],
                [0.905912, 0.233879, 0.353021, 0.124994, 0.209694, -0.972019, 0.105859, -0.002831, 0.367902, -0.021873, -0.929607, -1.2e-05, 0.0, 0.0, 0.0, 1.0],
                [0.903916, 0.250551, 0.346642, 0.124994, 0.227024, -0.967925, 0.107617, -0.002831, 0.362487, -0.01858, -0.931804, -1.2e-05, 0.0, 0.0, 0.0, 1.0],
                [0.90139, 0.267895, 0.340188, 0.124994, 0.245222, -0.963336, 0.108858, -0.002831, 0.356878, -0.014702, -0.934035, -1.2e-05, 0.0, 0.0, 0.0, 1.0],
                [0.90139, 0.267895, 0.340188, 0.124994, 0.245222, -0.963336, 0.108858, -0.002831, 0.356878, -0.014702, -0.934035, -1.1e-05, 0.0, 0.0, 0.0, 1.0],
                [0.90139, 0.267895, 0.340188, 0.124994, 0.245222, -0.963336, 0.108858, -0.002831, 0.356878, -0.014702, -0.934035, -1.2e-05, 0.0, 0.0, 0.0, 1.0],
                [0.90139, 0.267895, 0.340188, 0.124994, 0.245222, -0.963336, 0.108858, -0.002831, 0.356878, -0.014702, -0.934035, -1.2e-05, 0.0, 0.0, 0.0, 1.0],
                [0.90139, 0.267895, 0.340188, 0.124994, 0.245222, -0.963336, 0.108858, -0.002831, 0.356878, -0.014702, -0.934035, -1.1e-05, 0.0, 0.0, 0.0, 1.0]
            ]
        },
        {
            "name": "Leg_R",
            "time": [0.0, 0.0333, 0.0667, 0.1, 0.1333, 0.1667, 0.2, 0.2333, 0.2667, 0.3, 0.3333, 0.3667, 0.4, 0.4333, 0.4667, 0.5, 0.5333, 0.5667, 0.6, 0.6333, 0.6667, 0.7, 0.7333, 0.7667, 0.8, 0.8333, 0.8667, 0.9, 0.9333, 0.9667, 1.0, 1.0333, 1.0667, 1.1, 1.1333, 1.1667, 1.2, 1.2333, 1.2667, 1.3, 1.3333, 1.3667, 1.4, 1.4333, 1.4667, 1.5, 1.5333, 1.5667, 1.6, 1.6333, 1.6667, 1.7, 1.7333, 1.7667, 1.8, 1.8333],
            "transform": [
                [0.999875, -0.001225, 0.015747, 0.0, -0.001255, 0.987672, 0.15653, 0.37472, -0.015744, -0.15653, 0.987548, 0.0, 0.0, 0.0, 0.0, 1.0],
                [0.999875, -0.001225, 0.015747, 0.0, -0.001255, 0.987672, 0.15653, 0.37472, -0.015744, -0.15653, 0.987548, 0.0, 0.0, 0.0, 0.0, 1.0],
                [0.998705, -0.012828, 0.049234, 0.0, -0.012925, 0.871982, 0.489368, 0.37472, -0.049209, -0.48937, 0.870687, 0.0, 0.0, 0.0, 0.0, 1.0],
                [0.997792, -0.021886, 0.062699, -0.0, -0.022009, 0.781802, 0.623139, 0.37472, -0.062656, -0.623143, 0.779594, 0.0, 0.0, 0.0, 0.0, 1.0],
                [0.997025, -0.029506, 0.071208, 0.0, -0.029645, 0.705973, 0.707618, 0.37472, -0.07115, -0.707624, 0.702998, -0.0, 0.0, 0.0, 0.0, 1.0],
                [0.997102, -0.028734, 0.070435, 0.0, -0.028874, 0.713662, 0.699895, 0.37472, -0.070378, -0.6999, 0.710764, -0.0, 0.0, 0.0, 0.0, 1.0],
                [0.998725, -0.012624, 0.04887, -0.0, -0.012718, 0.874035, 0.485697, 0.37472, -0.048846, -0.485699, 0.87276, -0.0, 0.0, 0.0, 0.0, 1.0],
                [0.994312, -0.056453, 0.090307, -0.0, -0.056621, 0.437968, 0.897206, 0.37472, -0.090201, -0.897216, 0.432281, 0.0, 0.0, 0.0, 0.0, 1.0],
                [0.989603, -0.103281, 0.100104, -0.0, -0.103461, -0.027666, 0.994249, 0.37472, -0.099918, -0.994267, -0.038064, 0.0, 0.0, 0.0, 0.0, 1.0],
                [0.992391, -0.075556, 0.097211, 0.0, -0.075721, 0.24804, 0.965787, 0.37472, -0.097083, -0.965799, 0.240431, 0.0, 0.0, 0.0, 0.0, 1.0],
                [0.993985, -0.059711, 0.091804, 0.0, -0.059878, 0.405568, 0.912102, 0.37472, -0.091695, -0.912112, 0.399553, 0.0, 0.0, 0.0, 0.0, 1.0],
                [0.996278, -0.036925, 0.077885, -0.0, -0.03707, 0.632211, 0.773909, 0.37472, -0.077816, -0.773916, 0.628489, 0.0, 0.0, 0.0, 0.0, 1.0],
                [0.997236, -0.027414, 0.069061, 0.0, -0.027545, 0.72683, 0.686265, 0.37472, -0.069009, -0.686271, 0.724065, 0.0, 0.0, 0.0, 0.0, 1.0],
                [0.995424, -0.04541, 0.084077, -0.0, -0.04557, 0.547781, 0.83538, 0.37472, -0.083991, -0.835388, 0.543205, 0.0, 0.0, 0.0, 0.0, 1.0],
                [0.995003, -0.049591, 0.086655, -0.0, -0.049754, 0.506201, 0.860979, 0.37472, -0.086562, -0.860988, 0.501204, 0.0, 0.0, 0.0, 0.0, 1.0],
                [0.994791, -0.051702, 0.08785, 0.0, -0.051863, 0.48523, 0.872848, 0.37472, -0.087755, -0.872857, 0.480021, 0.0, 0.0, 0.0, 0.0, 1.0],
                [0.994074, -0.058825, 0.09141, -0.0, -0.05899, 0.414396, 0.908183, 0.37472, -0.091304, -0.908193, 0.408471, -0.0, 0.0, 0.0, 0.0, 1.0],
                [0.993562, -0.063921, 0.093536, 0.0, -0.064086, 0.363721, 0.929301, 0.37472, -0.093423, -0.929312, 0.357282, 0.0, 0.0, 0.0, 0.0, 1.0],
                [0.993533, -0.064204, 0.093646, 0.0, -0.06438, 0.360814, 0.930413, 0.37472, -0.093525, -0.930426, 0.354347, -0.0, 0.0, 0.0, 0.0, 1.0],
                [0.994117, -0.058403, 0.09122, 0.0, -0.058582, 0.418467, 0.906341, 0.37472, -0.091106, -0.906352, 0.412584, -0.0, 0.0, 0.0, 0.0, 1.0],
                [0.994524, -0.054347, 0.089265, 0.0, -0.05453, 0.458802, 0.886864, 0.37472, -0.089154, -0.886875, 0.453326, -0.0, 0.0, 0.0, 0.0, 1.0],
                [0.995276, -0.046884, 0.085014, 0.0, -0.047047, 0.533062, 0.844767, 0.37472, -0.084923, -0.844776, 0.528338, 0.0, 0.0, 0.0, 0.0, 1.0],
                [0.990318, -0.096163, 0.100112, -0.0, -0.096353, 0.042982, 0.994419, 0.37472, -0.099929, -0.994437, 0.033301, 0.0, 0.0, 0.0, 0.0, 1.0],
                [0.987263, -0.126543, 0.09643, -0.0, -0.126725, -0.259019, 0.957523, 0.37472, -0.096191, -0.957547, -0.271756, -0.0, 0.0, 0.0, 0.0, 1.0],
                [0.98635, -0.135619, 0.093386, -0.0, -0.135793, -0.349183, 0.927163, 0.37472, -0.093132, -0.927188, -0.362833, 0.0, 0.0, 0.0, 0.0, 1.0],
                [0.987296, -0.126212, 0.096527, 0.0, -0.126391, -0.255654, 0.958471, 0.37472, -0.096293, -0.958494, -0.268358, 0.0, 0.0, 0.0, 0.0, 1.0],
                [0.989515, -0.104147, 0.100069, 0.0, -0.104331, -0.036299, 0.99388, 0.37472, -0.099877, -0.993899, -0.046785, -0.0, 0.0, 0.0, 0.0, 1.0],
                [0.992182, -0.077627, 0.097713, -0.0, -0.077805, 0.227402, 0.970688, 0.37472, -0.097572, -0.970702, 0.219584, 0.0, 0.0, 0.0, 0.0, 1.0],
                [0.994079, -0.058779, 0.091391, -0.0, -0.058947, 0.414841, 0.907983, 0.37472, -0.091283, -0.907993, 0.40892, 0.0, 0.0, 0.0, 0.0, 1.0],
                [0.994674, -0.05286, 0.088481, -0.0, -0.053026, 0.473697, 0.87909, 0.37472, -0.088382, -0.8791, 0.468371, 0.0, 0.0, 0.0, 0.0, 1.0],
                [0.994443, -0.055152, 0.08967, 0.0, -0.055326, 0.450865, 0.890876, 0.37472, -0.089562, -0.890887, 0.445308, 0.0, 0.0, 0.0, 0.0, 1.0],
                [0.993936, -0.060192, 0.092023, -0.0, -0.060378, 0.400682, 0.914226, 0.37472, -0.091901, -0.914237, 0.394618, -0.0, 0.0, 0.0, 0.0, 1.0],
                [0.993522, -0.064315, 0.093688, -0.0, -0.064497, 0.359656, 0.930853, 0.37472, -0.093564, -0.930865, 0.353178, 0.0, 0.0, 0.0, 0.0, 1.0],
                [0.994369, -0.055897, 0.090029, 0.0, -0.05607, 0.443376, 0.89458, 0.37472, -0.089921, -0.894591, 0.437746, -0.0, 0.0, 0.0, 0.0, 1.0],
                [0.995051, -0.049117, 0.086371, -0.0, -0.049284, 0.510816, 0.858276, 0.37472, -0.086276, -0.858286, 0.505867, 0.0, 0.0, 0.0, 0.0, 1.0],
                [0.996071, -0.038989, 0.079518, 0.0, -0.039145, 0.611577, 0.790216, 0.37472, -0.079441, -0.790223, 0.607647, -0.0, 0.0, 0.0, 0.0, 1.0],
                [0.997088, -0.028882, 0.070578, 0.0, -0.029021, 0.712158, 0.701419, 0.37472, -0.070521, -0.701425, 0.709246, -0.0, 0.0, 0.0, 0.0, 1.0],
                [0.997582, -0.023972, 0.065228, -0.0, -0.024101, 0.761026, 0.648274, 0.37472, -0.065181, -0.648279, 0.758608, 0.0, 0.0, 0.0, 0.0, 1.0],
                [0.998129, -0.018544, 0.058263, -0.0, -0.018659, 0.815055, 0.579082, 0.37472, -0.058226, -0.579086, 0.813184, 0.0, 0.0, 0.0, 0.0, 1.0],
                [0.998712, -0.012758, 0.049109, 0.0, -0.012855, 0.872671, 0.48814, 0.37472, -0.049084, -0.488143, 0.871382, 0.0, 0.0, 0.0, 0.0, 1.0],
                [0.999246, -0.007461, 0.038105, 0.0, -0.007535, 0.925453, 0.378789, 0.37472, -0.03809, -0.37879, 0.924698, -0.0, 0.0, 0.0, 0.0, 1.0],
                [0.999613, -0.003824, 0.027566, 0.0, -0.003878, 0.961714, 0.274029, 0.37472, -0.027558, -0.274029, 0.961326, -0.0, 0.0, 0.0, 0.0, 1.0],
                [0.999741, -0.002556, 0.022625, 0.0, -0.002599, 0.974374, 0.224919, 0.37472, -0.02262, -0.224919, 0.974115, 0.0, 0.0, 0.0, 0.0, 1.0],
                [0.999745, -0.002515, 0.022445, 0.0, -0.002558, 0.974783, 0.223138, 0.37472, -0.02244, -0.223139, 0.974528, -0.0, 0.0, 0.0, 0.0, 1.0],
                [0.999698, -0.002973, 0.024372, 0.0, -0.003021, 0.9702, 0.242284, 0.37472, -0.024366, -0.242285, 0.969899, -0.0, 0.0, 0.0, 0.0, 1.0],
                [0.999657, -0.003386, 0.025973, -0.0, -0.003436, 0.966086, 0.258197, 0.37472, -0.025966, -0.258198, 0.965743, 0.0, 0.0, 0.0, 0.0, 1.0],
                [0.999663, -0.003323, 0.025735, 0.0, -0.003373, 0.966718, 0.255823, 0.37472, -0.025728, -0.255823, 0.966381, -0.0, 0.0, 0.0, 0.0, 1.0],
                [0.999704, -0.002917, 0.024144, 0.0, -0.002964, 0.970766, 0.240009, 0.37472, -0.024138, -0.240009, 0.97047, 0.0, 0.0, 0.0, 0.0, 1.0],
                [0.999744, -0.002522, 0.022477, 0.0, -0.002565, 0.974714, 0.223442, 0.37472, -0.022473, -0.223442, 0.974458, 0.0, 0.0, 0.0, 0.0, 1.0],
                [0.999784, -0.002124, 0.020658, -0.0, -0.002164, 0.978683, 0.205362, 0.37472, -0.020654, -0.205363, 0.978468, -0.0, 0.0, 0.0, 0.0, 1.0],
                [0.999827, -0.0017, 0.018511, -0.0, -0.001736, 0.982922, 0.184015, 0.37472, -0.018508, -0.184015, 0.982749, 0.0, 0.0, 0.0, 0.0, 1.0],
                [0.999875, -0.001225, 0.015748, 0.0, -0.001256, 0.987671, 0.156539, 0.37472, -0.015746, -0.15654, 0.987546, -0.0, 0.0, 0.0, 0.0, 1.0],
                [0.999875, -0.001225, 0.015748, 0.0, -0.001256, 0.987671, 0.156539, 0.37472, -0.015745, -0.15654, 0.987546, -0.0, 0.0, 0.0, 0.0, 1.0],
                [0.999875, -0.001225, 0.015748, 0.0, -0.001256, 0.987671, 0.156539, 0.37472, -0.015746, -0.15654, 0.987546, -0.0, 0.0, 0.0, 0.0, 1.0],
                [0.999875, -0.001225, 0.015748, 0.0, -0.001256, 0.987671, 0.156539, 0.37472, -0.015746, -0.15654, 0.987546, -0.0, 0.0, 0.0, 0.0, 1.0],
                [0.999875, -0.001225, 0.015748, 0.0, -0.001256, 0.987671, 0.156539, 0.37472, -0.015746, -0.15654, 0.987546, -0.0, 0.0, 0.0, 0.0, 1.0]
            ]
        },
        {
            "name": "Knee_R",
            "time": [0.0, 0.0333, 0.0667, 0.1, 0.1333, 0.1667, 0.2, 0.2333, 0.2667, 0.3, 0.3333, 0.3667, 0.4, 0.4333, 0.4667, 0.5, 0.5333, 0.5667, 0.6, 0.6333, 0.6667, 0.7, 0.7333, 0.7667, 0.8, 0.8333, 0.8667, 0.9, 0.9333, 0.9667, 1.0, 1.0333, 1.0667, 1.1, 1.1333, 1.1667, 1.2, 1.2333, 1.2667, 1.3, 1.3333, 1.3667, 1.4, 1.4333, 1.4667, 1.5, 1.5333, 1.5667, 1.6, 1.6333, 1.6667, 1.7, 1.7333, 1.7667, 1.8, 1.8333],
            "transform": [
                [1.0, 0.0, -0.0, 0.0, -0.0, 0.0, -1.0, 0.37472, -0.0, 1.0, 0.0, 0.0, 0.0, 0.0, 0.0, 1.0],
                [1.0, 0.0, -0.0, 0.0, -0.0, 0.0, -1.0, 0.37472, -0.0, 1.0, 0.0, 0.0, 0.0, 0.0, 0.0, 1.0],
                [1.0, 0.0, -0.0, 0.0, -1e-06, 0.0, -1.0, 0.37472, -0.0, 1.0, 0.0, 0.0, 0.0, 0.0, 0.0, 1.0],
                [1.0, 0.0, -0.0, 0.0, -1e-06, 0.0, -1.0, 0.406385, -0.0, 1.0, 0.0, -0.0, 0.0, 0.0, 0.0, 1.0],
                [1.0, 0.0, -1e-06, -0.0, -0.0, 0.0, -1.0, 0.430409, -0.0, 1.0, 0.0, -0.0, 0.0, 0.0, 0.0, 1.0],
                [1.0, 0.0, -1e-06, 0.0, -1e-06, 0.0, -1.0, 0.428102, -0.0, 1.0, 0.0, -0.0, 0.0, 0.0, 0.0, 1.0],
                [1.0, 0.0, -1e-06, -0.0, -1e-06, 0.0, -1.0, 0.37472, -0.0, 1.0, 0.0, -0.0, 0.0, 0.0, 0.0, 1.0],
                [1.0, 0.0, -0.0, -0.0, -0.0, 0.0, -1.0, 0.500395, -0.0, 1.0, 0.0, 0.0, 0.0, 0.0, 0.0, 1.0],
                [1.0, 0.0, -1e-06, 0.0, -1e-06, 0.0, -1.0, 0.59472, -0.0, 1.0, 0.0, -0.0, 0.0, 0.0, 0.0, 1.0],
                [1.0, 0.0, -0.0, 0.0, -0.0, 0.0, -1.0, 0.543462, -0.0, 1.0, 0.0, 0.0, 0.0, 0.0, 0.0, 1.0],
                [1.0, 0.0, -1e-06, 0.0, -1e-06, 0.0, -1.0, 0.507982, -0.0, 1.0, 0.0, -0.0, 0.0, 0.0, 0.0, 1.0],
                [1.0, 0.0, -1e-06, -0.0, -1e-06, 0.0, -1.0, 0.451428, -0.0, 1.0, 0.0, -0.0, 0.0, 0.0, 0.0, 1.0],
                [1.0, 0.0, -0.0, -0.0, -1e-06, 0.0, -1.0, 0.424091, -0.0, 1.0, 0.0, 0.0, 0.0, 0.0, 0.0, 1.0],
                [1.0, 0.0, -0.0, -0.0, -0.0, 0.0, -1.0, 0.473597, -0.0, 1.0, 0.0, 0.0, 0.0, 0.0, 0.0, 1.0],
                [1.0, 0.0, -0.0, 0.0, -0.0, 0.0, -1.0, 0.483969, -0.0, 1.0, 0.0, 0.0, 0.0, 0.0, 0.0, 1.0],
                [1.0, 0.0, -1e-06, 0.0, -1e-06, 0.0, -1.0, 0.48909, -0.0, 1.0, 0.0, -0.0, 0.0, 0.0, 0.0, 1.0],
                [1.0, 0.0, -1e-06, 0.0, -0.0, 0.0, -1.0, 0.505927, -0.0, 1.0, 0.0, 0.0, 0.0, 0.0, 0.0, 1.0],
                [1.0, 0.0, -0.0, -0.0, -0.0, 0.0, -1.0, 0.517611, -0.0, 1.0, 0.0, 0.0, 0.0, 0.0, 0.0, 1.0],
                [1.0, 0.0, -1e-06, -0.0, -0.0, 0.0, -1.0, 0.518274, -0.0, 1.0, 0.0, -0.0, 0.0, 0.0, 0.0, 1.0],
                [1.0, 0.0, -1e-06, 0.0, -0.0, 0.0, -1.0, 0.504976, -0.0, 1.0, 0.0, -0.0, 0.0, 0.0, 0.0, 1.0],
                [1.0, 0.0, -1e-06, -0.0, -1e-06, 0.0, -1.0, 0.495449, -0.0, 1.0, 0.0, -0.0, 0.0, 0.0, 0.0, 1.0],
                [1.0, 0.0, -0.0, 0.0, -0.0, 0.0, -1.0, 0.477304, -0.0, 1.0, 0.0, 0.0, 0.0, 0.0, 0.0, 1.0],
                [1.0, 0.0, -0.0, 0.0, -1e-06, 0.0, -1.0, 0.587688, -0.0, 1.0, 0.0, -0.0, 0.0, 0.0, 0.0, 1.0],
                [1.0, 0.0, -0.0, 0.0, -0.0, 0.0, -1.0, 0.59472, -0.0, 1.0, 0.0, -0.0, 0.0, 0.0, 0.0, 1.0],
                [1.0, 0.0, -0.0, -0.0, -0.0, 0.0, -1.0, 0.59472, -0.0, 1.0, 0.0, -0.0, 0.0, 0.0, 0.0, 1.0],
                [1.0, 0.0, -0.0, 0.0, -0.0, 0.0, -1.0, 0.59472, -0.0, 1.0, 0.0, -0.0, 0.0, 0.0, 0.0, 1.0],
                [1.0, 0.0, -1e-06, 0.0, -0.0, 0.0, -1.0, 0.59472, -0.0, 1.0, 0.0, 0.0, 0.0, 0.0, 0.0, 1.0],
                [1.0, 0.0, -0.0, -1e-06, -0.0, 0.0, -1.0, 0.547983, -0.0, 1.0, 0.0, -0.0, 0.0, 0.0, 0.0, 1.0],
                [1.0, 0.0, -0.0, 0.0, -0.0, 0.0, -1.0, 0.505823, -0.0, 1.0, 0.0, -1e-06, 0.0, 0.0, 0.0, 1.0],
                [1.0, 0.0, -0.0, -1e-06, -0.0, 0.0, -1.0, 0.491877, -0.0, 1.0, 0.0, 0.0, 0.0, 0.0, 0.0, 1.0],
                [1.0, 0.0, -0.0, 0.0, -0.0, 0.0, -1.0, 0.49734, -0.0, 1.0, 0.0, 0.0, 0.0, 0.0, 0.0, 1.0],
                [1.0, 0.0, -0.0, -0.0, -0.0, 0.0, -1.0, 0.509115, -0.0, 1.0, 0.0, 0.0, 0.0, 0.0, 0.0, 1.0],
                [1.0, 0.0, -0.0, 0.0, -0.0, 0.0, -1.0, 0.518537, -0.0, 1.0, 0.0, -0.0, 0.0, 0.0, 0.0, 1.0],
                [1.0, 0.0, -0.0, 1e-06, -1e-06, 0.0, -1.0, 0.499117, -0.0, 1.0, 0.0, 0.0, 0.0, 0.0, 0.0, 1.0],
                [1.0, 0.0, -0.0, 0.0, -0.0, 0.0, -1.0, 0.482833, -0.0, 1.0, 1e-06, -1e-06, 0.0, 0.0, 0.0, 1.0],
                [1.0, 0.0, -0.0, 0.0, -0.0, 0.0, -1.0, 0.457005, -0.0, 1.0, 0.0, -0.0, 0.0, 0.0, 0.0, 1.0],
                [1.0, 0.0, -1e-06, 0.0, -1e-06, 0.0, -1.0, 0.428555, -0.0, 1.0, 0.0, -0.0, 0.0, 0.0, 0.0, 1.0],
                [1.0, 0.0, -0.0, -0.0, -0.0, 0.0, -1.0, 0.413279, -0.0, 1.0, 0.0, -0.0, 0.0, 0.0, 0.0, 1.0],
                [1.0, 0.0, -0.0, 0.0, -0.0, 0.0, -1.0, 0.394723, -0.0, 1.0, 0.0, 0.0, 0.0, 0.0, 0.0, 1.0],
                [1.0, 0.0, -0.0, 1e-06, -0.0, 0.0, -1.0, 0.37472, -0.0, 1.0, 0.0, 0.0, 0.0, 0.0, 0.0, 1.0],
                [1.0, 0.0, -0.0, 0.0, -0.0, 0.0, -1.0, 0.37472, -0.0, 1.0, 0.0, 0.0, 0.0, 0.0, 0.0, 1.0],
                [1.0, 0.0, -0.0, -0.0, -0.0, 0.0, -1.0, 0.37472, -0.0, 1.0, 0.0, 0.0, 0.0, 0.0, 0.0, 1.0],
                [1.0, 0.0, -0.0, -1e-06, -0.0, 0.0, -1.0, 0.37472, -0.0, 1.0, 0.0, 1e-06, 0.0, 0.0, 0.0, 1.0],
                [1.0, 0.0, -0.0, -0.0, -0.0, 0.0, -1.0, 0.37472, -0.0, 1.0, 0.0, 0.0, 0.0, 0.0, 0.0, 1.0],
                [1.0, 0.0, -0.0, -0.0, -0.0, 0.0, -1.0, 0.37472, -0.0, 1.0, 0.0, -0.0, 0.0, 0.0, 0.0, 1.0],
                [1.0, 0.0, -0.0, -0.0, -0.0, 0.0, -1.0, 0.37472, -0.0, 1.0, 0.0, 0.0, 0.0, 0.0, 0.0, 1.0],
                [1.0, 0.0, -0.0, 0.0, -0.0, 0.0, -1.0, 0.37472, -0.0, 1.0, 0.0, 0.0, 0.0, 0.0, 0.0, 1.0],
                [1.0, 0.0, -0.0, -0.0, -0.0, 0.0, -1.0, 0.37472, -0.0, 1.0, 0.0, -0.0, 0.0, 0.0, 0.0, 1.0],
                [1.0, 0.0, -0.0, -0.0, -0.0, 0.0, -1.0, 0.37472, -0.0, 1.0, 0.0, -0.0, 0.0, 0.0, 0.0, 1.0],
                [1.0, -0.0, -1e-06, -1e-06, -0.0, 0.0, -1.0, 0.37472, -0.0, 1.0, 0.0, -1e-06, 0.0, 0.0, 0.0, 1.0],
                [1.0, 0.0, -0.0, 0.0, -0.0, 0.0, -1.0, 0.37472, -0.0, 1.0, 0.0, -0.0, 0.0, 0.0, 0.0, 1.0],
                [1.0, 0.0, -0.0, 0.0, -0.0, 0.0, -1.0, 0.37472, -0.0, 1.0, 0.0, 0.0, 0.0, 0.0, 0.0, 1.0],
                [1.0, 0.0, -0.0, 0.0, -0.0, 0.0, -1.0, 0.37472, -0.0, 1.0, 0.0, -0.0, 0.0, 0.0, 0.0, 1.0],
                [1.0, 0.0, -0.0, 0.0, -0.0, 0.0, -1.0, 0.37472, -0.0, 1.0, 0.0, -0.0, 0.0, 0.0, 0.0, 1.0],
                [1.0, 0.0, -0.0, 0.0, -0.0, 0.0, -1.0, 0.37472, -0.0, 1.0, 0.0, -0.0, 0.0, 0.0, 0.0, 1.0],
                [1.0, 0.0, -0.0, 0.0, -0.0, 0.0, -1.0, 0.37472, -0.0, 1.0, 0.0, 0.0, 0.0, 0.0, 0.0, 1.0]
            ]
        },
        {
            "name": "Thigh_L",
            "time": [0.0, 0.0333, 0.0667, 0.1, 0.1333, 0.1667, 0.2, 0.2333, 0.2667, 0.3, 0.3333, 0.3667, 0.4, 0.4333, 0.4667, 0.5, 0.5333, 0.5667, 0.6, 0.6333, 0.6667, 0.7, 0.7333, 0.7667, 0.8, 0.8333, 0.8667, 0.9, 0.9333, 0.9667, 1.0, 1.0333, 1.0667, 1.1, 1.1333, 1.1667, 1.2, 1.2333, 1.2667, 1.3, 1.3333, 1.3667, 1.4, 1.4333, 1.4667, 1.5, 1.5333, 1.5667, 1.6, 1.6333, 1.6667, 1.7, 1.7333, 1.7667, 1.8, 1.8333],
            "transform": [
                [0.927542, -0.204578, -0.312752, -0.125006, -0.179698, -0.977914, 0.106738, -0.002831, -0.327681, -0.042803, -0.943819, -1.2e-05, 0.0, 0.0, 0.0, 1.0],
                [0.927542, -0.204578, -0.312752, -0.125006, -0.179698, -0.977914, 0.106738, -0.002831, -0.327681, -0.042803, -0.943819, -1.2e-05, 0.0, 0.0, 0.0, 1.0],
                [0.92915, -0.250281, -0.272102, -0.125006, -0.270778, -0.961812, -0.03995, -0.002831, -0.251712, 0.110799, -0.961439, -1.2e-05, 0.0, 0.0, 0.0, 1.0],
                [0.968853, -0.126597, -0.212832, -0.125006, -0.170154, -0.964759, -0.20072, -0.002831, -0.179921, 0.230682, -0.95625, -1.2e-05, 0.0, 0.0, 0.0, 1.0],
                [0.978598, 0.066221, -0.194836, -0.125006, 0.023527, -0.976602, -0.213761, -0.002831, -0.204433, 0.204602, -0.957259, -1.2e-05, 0.0, 0.0, 0.0, 1.0],
                [0.939003, 0.216721, -0.267029, -0.125006, 0.201825, -0.975951, -0.08237, -0.002831, -0.278459, 0.023452, -0.960162, -1.2e-05, 0.0, 0.0, 0.0, 1.0],
                [0.892939, 0.246458, -0.37672, -0.125006, 0.326709, -0.930495, 0.165649, -0.002831, -0.30971, -0.270993, -0.911396, -1.2e-05, 0.0, 0.0, 0.0, 1.0],
                [0.911635, 0.146132, -0.384145, -0.125006, 0.364266, -0.720142, 0.590513, -0.002831, -0.190346, -0.678263, -0.709738, -1.2e-05, 0.0, 0.0, 0.0, 1.0],
                [0.999543, -0.021312, -0.021422, -0.125006, 0.010999, -0.403702, 0.914824, -0.002831, -0.028145, -0.914642, -0.403283, -1.2e-05, 0.0, 0.0, 0.0, 1.0],
                [0.887335, -0.293531, 0.355636, -0.125006, -0.445886, -0.349524, 0.824026, -0.002831, -0.117574, -0.88976, -0.441026, -1.2e-05, 0.0, 0.0, 0.0, 1.0],
                [0.73998, -0.438425, 0.51011, -0.125006, -0.666319, -0.374173, 0.644991, -0.002831, -0.091911, -0.817176, -0.569012, -1.2e-05, 0.0, 0.0, 0.0, 1.0],
                [0.651343, -0.520588, 0.552033, -0.125006, -0.757074, -0.494669, 0.426779, -0.002831, 0.050898, -0.695909, -0.716324, -1.2e-05, 0.0, 0.0, 0.0, 1.0],
                [0.663781, -0.560678, 0.495011, -0.125006, -0.721582, -0.654185, 0.226631, -0.002831, 0.196761, -0.507624, -0.83881, -1.2e-05, 0.0, 0.0, 0.0, 1.0],
                [0.874213, -0.408312, 0.26274, -0.125006, -0.41665, -0.908699, -0.025852, -0.002831, 0.249307, -0.086871, -0.96452, -1.2e-05, 0.0, 0.0, 0.0, 1.0],
                [0.997085, -0.035601, 0.067479, -0.125006, -0.028585, -0.994349, -0.102237, -0.002831, 0.070738, 0.10001, -0.992469, -1.2e-05, 0.0, 0.0, 0.0, 1.0],
                [0.998165, 0.034709, -0.049618, -0.125006, 0.036013, -0.999022, 0.025642, -0.002831, -0.048679, -0.027381, -0.998439, -1.2e-05, 0.0, 0.0, 0.0, 1.0],
                [0.99134, -0.027383, -0.128432, -0.125006, 0.004088, -0.971108, 0.238604, -0.002831, -0.131255, -0.237063, -0.962587, -1.2e-05, 0.0, 0.0, 0.0, 1.0],
                [0.977213, -0.131186, -0.166867, -0.125006, -0.043927, -0.894114, 0.445679, -0.002831, -0.207665, -0.428193, -0.879503, -1.2e-05, 0.0, 0.0, 0.0, 1.0],
                [0.921188, -0.370714, 0.118255, -0.125006, -0.374317, -0.76121, 0.529571, -0.002831, -0.106303, -0.532099, -0.839982, -1.2e-05, 0.0, 0.0, 0.0, 1.0],
                [0.75062, -0.650003, 0.118598, -0.125006, -0.645587, -0.759714, -0.077789, -0.002831, 0.140664, -0.018175, -0.989891, -1.2e-05, 0.0, 0.0, 0.0, 1.0],
                [0.737275, -0.675563, -0.006376, -0.125006, -0.669689, -0.729554, -0.138806, -0.002831, 0.089121, 0.106608, -0.990299, -1.2e-05, 0.0, 0.0, 0.0, 1.0],
                [0.800921, -0.597581, -0.037707, -0.125006, -0.59832, -0.801172, -0.011689, -0.002831, -0.023224, 0.031923, -0.999221, -1.2e-05, 0.0, 0.0, 0.0, 1.0],
                [0.917614, -0.361616, -0.164981, -0.125006, -0.359957, -0.932071, 0.040921, -0.002831, -0.168571, 0.021836, -0.985447, -1.2e-05, 0.0, 0.0, 0.0, 1.0],
                [0.969307, -0.051589, -0.240379, -0.125006, -0.019656, -0.990868, 0.133392, -0.002831, -0.245065, -0.124573, -0.96147, -1.2e-05, 0.0, 0.0, 0.0, 1.0],
                [0.932241, 0.250541, -0.261064, -0.125006, 0.324275, -0.898594, 0.295589, -0.002831, -0.160533, -0.360217, -0.918952, -1.2e-05, 0.0, 0.0, 0.0, 1.0],
                [0.854842, 0.451045, -0.256522, -0.125006, 0.515402, -0.68087, 0.520362, -0.002831, 0.060049, -0.577039, -0.814506, -1.2e-05, 0.0, 0.0, 0.0, 1.0],
                [0.822616, 0.514702, -0.241629, -0.125006, 0.502601, -0.459495, 0.732296, -0.002831, 0.265887, -0.723841, -0.636678, -1.2e-05, 0.0, 0.0, 0.0, 1.0],
                [0.86096, 0.472149, -0.189269, -0.125006, 0.365798, -0.316124, 0.875362, -0.002831, 0.353469, -0.822885, -0.444881, -1.2e-05, 0.0, 0.0, 0.0, 1.0],
                [0.930545, 0.364325, -0.03678, -0.125006, 0.145255, -0.275058, 0.950391, -0.002831, 0.336135, -0.889724, -0.308874, -1.2e-05, 0.0, 0.0, 0.0, 1.0],
