{
  "animation": [
    {
      "name": "Root",
      "time": [
        0.0,
        0.0333,
        0.0667,
        0.1,
        0.1333,
        0.1667,
        0.2,
        0.2333,
        0.2667,
        0.3,
        0.3333,
        0.3667,
        0.4,
        0.4333,
        0.4667,
        0.5,
        0.5333,
        0.5667,
        0.6,
        0.6333,
        0.6667,
        0.7,
        0.7333,
        0.7667,
        0.8,
        0.8333,
        0.8667,
        0.9,
        0.9333,
        0.9667,
        1.0,
        1.0333,
        1.0667,
        1.1,
        1.1333,
        1.1667,
        1.2,
        1.2333,
        1.2667,
        1.3,
        1.3333,
        1.3667,
        1.4,
        1.4333,
        1.4667,
        1.5,
        1.5333,
        1.5667,
        1.6,
        1.6333,
        1.6667,
        1.7,
        1.7333,
        1.7667,
        1.8,
        1.8333,
        1.8667,
        1.9,
        1.9333,
        1.9667,
        2.0,
        2.0333,
        2.0667,
        2.1,
        2.1333,
        2.1667,
        2.2,
        2.2333,
        2.2667,
        2.3,
        2.3333,
        2.3667,
        2.4,
        2.4333,
        2.4667,
        2.5
      ],
      "transform": [
        [
          0.84479,
          0.003186,
          -0.535089,
          -0.008318,
          -0.534754,
          -0.030837,
          -0.844445,
          -0.002115,
          -0.019191,
          0.999519,
          -0.024347,
          0.760057,
          0.0,
          0.0,
          0.0,
          1.0
        ],
        [
          0.84479,
          0.003186,
          -0.535089,
          -0.008318,
          -0.534754,
          -0.030837,
          -0.844445,
          -0.002115,
          -0.019191,
          0.999519,
          -0.024347,
          0.760057,
          0.0,
          0.0,
          0.0,
          1.0
        ],
        [
          0.64652,
          0.057606,
          -0.760719,
          -0.051203,
          -0.757923,
          -0.065179,
          -0.64908,
          0.079478,
          -0.086974,
          0.996209,
          0.001521,
          0.72481,
          0.0,
          0.0,
          0.0,
          1.0
        ],
        [
          0.38472,
          0.108903,
          -0.916586,
          -0.098859,
          -0.910697,
          -0.117025,
          -0.396152,
          0.166823,
          -0.150405,
          0.98714,
          0.054156,
          0.689175,
          0.0,
          0.0,
          0.0,
          1.0
        ],
        [
          0.086943,
          0.137155,
          -0.986727,
          -0.142591,
          -0.97757,
          -0.178978,
          -0.111014,
          0.25198,
          -0.191828,
          0.974246,
          0.118517,
          0.654032,
          0.0,
          0.0,
          0.0,
          1.0
        ],
        [
          -0.213249,
          0.129506,
          -0.968377,
          -0.173809,
          -0.955401,
          -0.234895,
          0.178978,
          0.327099,
          -0.204288,
          0.963355,
          0.173821,
          0.620226,
          0.0,
          0.0,
          0.0,
          1.0
        ],
        [
          -0.484103,
          0.083412,
          -0.871026,
          -0.183972,
          -0.85353,
          -0.26423,
          0.449075,
          0.384434,
          -0.192693,
          0.960846,
          0.19911,
          0.588609,
          0.0,
          0.0,
          0.0,
          1.0
        ],
        [
          -0.708165,
          -0.003912,
          -0.706037,
          -0.163308,
          -0.682953,
          -0.249873,
          0.686396,
          0.417142,
          -0.179104,
          0.968271,
          0.174279,
          0.555453,
          0.0,
          0.0,
          0.0,
          1.0
        ],
        [
          -0.86993,
          -0.110277,
          -0.480689,
          -0.117438,
          -0.457731,
          -0.182294,
          0.870202,
          0.430133,
          -0.183591,
          0.97704,
          0.108106,
          0.520052,
          0.0,
          0.0,
          0.0,
          1.0
        ],
        [
          -0.956682,
          -0.194225,
          -0.216877,
          -0.061102,
          -0.206893,
          -0.070543,
          0.975817,
          0.433215,
          -0.204827,
          0.978417,
          0.027303,
          0.487849,
          0.0,
          0.0,
          0.0,
          1.0
        ],
        [
          -0.972752,
          -0.226006,
          0.051727,
          -0.009388,
          0.040176,
          0.055414,
          0.997655,
          0.4362,
          -0.228342,
          0.972548,
          -0.044824,
          0.464359,
          0.0,
          0.0,
          0.0,
          1.0
        ],
        [
          -0.936544,
          -0.195353,
          0.291072,
          0.022335,
          0.263474,
          0.15543,
          0.952062,
          0.449101,
          -0.231229,
          0.968338,
          -0.094097,
          0.455078,
          0.0,
          0.0,
          0.0,
          1.0
        ],
        [
          -0.865712,
          -0.111296,
          0.488013,
          0.031837,
          0.459316,
          0.210835,
          0.862889,
          0.473675,
          -0.198926,
          0.971165,
          -0.131402,
          0.461427,
          0.0,
          0.0,
          0.0,
          1.0
        ],
        [
          -0.76482,
          0.005095,
          0.644224,
          0.02973,
          0.628213,
          0.227585,
          0.744012,
          0.503125,
          -0.142825,
          0.973745,
          -0.177262,
          0.478582,
          0.0,
          0.0,
          0.0,
          1.0
        ],
        [
          -0.638069,
          0.132402,
          0.75851,
          0.019882,
          0.76604,
          0.20868,
          0.607977,
          0.534899,
          -0.077789,
          0.96898,
          -0.234578,
          0.502674,
          0.0,
          0.0,
          0.0,
          1.0
        ],
        [
          -0.491771,
          0.252136,
          0.83342,
          0.006265,
          0.870498,
          0.164217,
          0.463968,
          0.566491,
          -0.019879,
          0.953656,
          -0.300241,
          0.529984,
          0.0,
          0.0,
          0.0,
          1.0
        ],
        [
          -0.33486,
          0.350533,
          0.87464,
          -0.007037,
          0.942137,
          0.109103,
          0.316976,
          0.595396,
          0.015685,
          0.930174,
          -0.366785,
          0.556939,
          0.0,
          0.0,
          0.0,
          1.0
        ],
        [
          -0.177444,
          0.419826,
          0.89009,
          -0.015818,
          0.983995,
          0.060625,
          0.167569,
          0.619076,
          0.016389,
          0.905578,
          -0.423864,
          0.580077,
          0.0,
          0.0,
          0.0,
          1.0
        ],
        [
          -0.040319,
          0.465216,
          0.884279,
          -0.019431,
          0.999132,
          0.028085,
          0.03078,
          0.636099,
          -0.010515,
          0.884752,
          -0.465944,
          0.600579,
          0.0,
          0.0,
          0.0,
          1.0
        ],
        [
          0.069767,
          0.496913,
          0.864991,
          -0.02085,
          0.996266,
          0.009503,
          -0.085814,
          0.648333,
          -0.050862,
          0.867748,
          -0.494394,
          0.621475,
          0.0,
          0.0,
          0.0,
          1.0
        ],
        [
          0.16633,
          0.517674,
          0.839255,
          -0.021356,
          0.980445,
          0.003961,
          -0.196755,
          0.65811,
          -0.105179,
          0.855569,
          -0.506892,
          0.642135,
          0.0,
          0.0,
          0.0,
          1.0
        ],
        [
          0.263544,
          0.528869,
          0.806748,
          -0.022363,
          0.948757,
          0.009065,
          -0.315876,
          0.66775,
          -0.17437,
          0.848655,
          -0.499379,
          0.661945,
          0.0,
          0.0,
          0.0,
          1.0
        ],
        [
          0.374148,
          0.531222,
          0.760142,
          -0.025403,
          0.890808,
          0.022014,
          -0.453847,
          0.679619,
          -0.257827,
          0.846947,
          -0.46498,
          0.68033,
          0.0,
          0.0,
          0.0,
          1.0
        ],
        [
          0.491154,
          0.518592,
          0.699878,
          -0.026415,
          0.790633,
          0.071823,
          -0.608063,
          0.689461,
          -0.365604,
          0.852,
          -0.37474,
          0.69408,
          0.0,
          0.0,
          0.0,
          1.0
        ],
        [
          0.61728,
          0.495545,
          0.611065,
          -0.030065,
          0.625209,
          0.162505,
          -0.763352,
          0.701802,
          -0.477576,
          0.853245,
          -0.209508,
          0.704882,
          0.0,
          0.0,
          0.0,
          1.0
        ],
        [
          0.757375,
          0.476404,
          0.446568,
          -0.051274,
          0.369702,
          0.25087,
          -0.894642,
          0.732402,
          -0.538241,
          0.842677,
          0.013875,
          0.719514,
          0.0,
          0.0,
          0.0,
          1.0
        ],
        [
          0.89976,
          0.432486,
          -0.058206,
          -0.1651,
          -0.215291,
          0.323911,
          -0.921266,
          0.859337,
          -0.379581,
          0.84145,
          0.384552,
          0.754396,
          0.0,
          0.0,
          0.0,
          1.0
        ],
        [
          0.883012,
          -0.085932,
          -0.461416,
          -0.136464,
          -0.41428,
          0.319354,
          -0.852282,
          1.010921,
          0.220593,
          0.943731,
          0.246394,
          0.710051,
          0.0,
          0.0,
          0.0,
          1.0
        ],
        [
          0.834617,
          -0.041832,
          -0.549241,
          -0.100658,
          -0.507821,
          0.327832,
          -0.796645,
          1.123569,
          0.213384,
          0.943809,
          0.252371,
          0.612768,
          0.0,
          0.0,
          0.0,
          1.0
        ],
        [
          0.69163,
          -0.050271,
          -0.7205,
          -0.104953,
          -0.665246,
          0.344106,
          -0.6626,
          1.24032,
          0.281238,
          0.937584,
          0.204551,
          0.535738,
          0.0,
          0.0,
          0.0,
          1.0
        ],
        [
          0.47552,
          -0.048638,
          -0.878359,
          -0.116376,
          -0.808499,
          0.369358,
          -0.458153,
          1.352054,
          0.346712,
          0.928013,
          0.136314,
          0.46834,
          0.0,
          0.0,
          0.0,
          1.0
        ],
        [
          0.130236,
          0.015625,
          -0.99136,
          -0.125266,
          -0.91143,
          0.39549,
          -0.113502,
          1.460585,
          0.390299,
          0.918337,
          0.065748,
          0.408908,
          0.0,
          0.0,
          0.0,
          1.0
        ],
        [
          -0.153287,
          0.079388,
          -0.984988,
          -0.130817,
          -0.901242,
          0.397587,
          0.172299,
          1.535437,
          0.405296,
          0.914124,
          0.010603,
          0.368858,
          0.0,
          0.0,
          0.0,
          1.0
        ],
        [
          -0.241925,
          0.099568,
          -0.965173,
          -0.132902,
          -0.879669,
          0.397259,
          0.261475,
          1.561215,
          0.409458,
          0.912289,
          -0.00852,
          0.350976,
          0.0,
          0.0,
          0.0,
          1.0
        ],
        [
          -0.275078,
          0.109146,
          -0.955207,
          -0.134208,
          -0.868042,
          0.398934,
          0.29556,
          1.570946,
          0.413324,
          0.910461,
          -0.014995,
          0.340596,
          0.0,
          0.0,
          0.0,
          1.0
        ],
        [
          -0.272845,
          0.109849,
          -0.955766,
          -0.134978,
          -0.867112,
          0.402263,
          0.29377,
          1.571213,
          0.41674,
          0.90891,
          -0.014504,
          0.335867,
          0.0,
          0.0,
          0.0,
          1.0
        ],
        [
          -0.253901,
          0.103304,
          -0.961698,
          -0.135363,
          -0.872066,
          0.405623,
          0.273809,
          1.568555,
          0.418373,
          0.908184,
          -0.012901,
          0.33494,
          0.0,
          0.0,
          0.0,
          1.0
        ],
        [
          -0.232237,
          0.093586,
          -0.968147,
          -0.136432,
          -0.878349,
          0.407387,
          0.250077,
          1.565045,
          0.417814,
          0.908448,
          -0.012409,
          0.335877,
          0.0,
          0.0,
          0.0,
          1.0
        ],
        [
          -0.208624,
          0.083322,
          -0.97444,
          -0.138721,
          -0.885147,
          0.407647,
          0.224364,
          1.558932,
          0.415922,
          0.90933,
          -0.011293,
          0.337903,
          0.0,
          0.0,
          0.0,
          1.0
        ],
        [
          -0.181611,
          0.072035,
          -0.980729,
          -0.141567,
          -0.892353,
          0.406973,
          0.195138,
          1.551006,
          0.413187,
          0.910595,
          -0.00963,
          0.340909,
          0.0,
          0.0,
          0.0,
          1.0
        ],
        [
          -0.149726,
          0.059226,
          -0.986952,
          -0.144304,
          -0.89967,
          0.405863,
          0.16084,
          1.542059,
          0.410093,
          0.912013,
          -0.007484,
          0.344786,
          0.0,
          0.0,
          0.0,
          1.0
        ],
        [
          -0.111488,
          0.044367,
          -0.992775,
          -0.146262,
          -0.906546,
          0.404722,
          0.119891,
          1.532881,
          0.407117,
          0.913363,
          -0.0049,
          0.349426,
          0.0,
          0.0,
          0.0,
          1.0
        ],
        [
          -0.065429,
          0.026898,
          -0.997495,
          -0.146765,
          -0.912096,
          0.403832,
          0.070717,
          1.524259,
          0.404722,
          0.914438,
          -0.001889,
          0.354722,
          0.0,
          0.0,
          0.0,
          1.0
        ],
        [
          -0.010152,
          0.006219,
          -0.999929,
          -0.145131,
          -0.914989,
          0.403308,
          0.011798,
          1.516979,
          0.403352,
          0.915043,
          0.001596,
          0.360567,
          0.0,
          0.0,
          0.0,
          1.0
        ],
        [
          0.055586,
          -0.018312,
          -0.998286,
          -0.140669,
          -0.913324,
          0.403046,
          -0.058248,
          1.511827,
          0.403422,
          0.914997,
          0.005679,
          0.366857,
          0.0,
          0.0,
          0.0,
          1.0
        ],
        [
          0.132714,
          -0.047359,
          -0.990022,
          -0.132675,
          -0.904501,
          0.402659,
          -0.140512,
          1.509587,
          0.405296,
          0.914124,
          0.010603,
          0.373488,
          0.0,
          0.0,
          0.0,
          1.0
        ],
        [
          0.247449,
          -0.092662,
          -0.96446,
          -0.112264,
          -0.876424,
          0.402996,
          -0.263581,
          1.511948,
          0.413097,
          0.910499,
          0.01851,
          0.381597,
          0.0,
          0.0,
          0.0,
          1.0
        ],
        [
          0.401096,
          -0.156996,
          -0.902482,
          -0.077667,
          -0.810973,
          0.397269,
          -0.429535,
          1.519371,
          0.425963,
          0.904173,
          0.032024,
          0.391978,
          0.0,
          0.0,
          0.0,
          1.0
        ],
        [
          0.5562,
          -0.225651,
          -0.799827,
          -0.039006,
          -0.706902,
          0.377575,
          -0.598103,
          1.530886,
          0.436958,
          0.898064,
          0.050494,
          0.403995,
          0.0,
          0.0,
          0.0,
          1.0
        ],
        [
          0.682562,
          -0.283351,
          -0.673663,
          -0.006725,
          -0.58294,
          0.344866,
          -0.735696,
          1.545543,
          0.440784,
          0.894863,
          0.070216,
          0.416958,
          0.0,
          0.0,
          0.0,
          1.0
        ],
        [
          0.765751,
          -0.318155,
          -0.558931,
          0.008403,
          -0.473844,
          0.30852,
          -0.824795,
          1.562258,
          0.434854,
          0.896433,
          0.085493,
          0.430137,
          0.0,
          0.0,
          0.0,
          1.0
        ],
        [
          0.818337,
          -0.33548,
          -0.466666,
          0.003478,
          -0.387957,
          0.276634,
          -0.879183,
          1.581645,
          0.424044,
          0.900515,
          0.096228,
          0.442213,
          0.0,
          0.0,
          0.0,
          1.0
        ],
        [
          0.856898,
          -0.345688,
          -0.382394,
          -0.013753,
          -0.309623,
          0.247939,
          -0.917965,
          1.604239,
          0.41214,
          0.905001,
          0.105426,
          0.453312,
          0.0,
          0.0,
          0.0,
          1.0
        ],
        [
          0.885294,
          -0.347847,
          -0.308636,
          -0.038234,
          -0.242352,
          0.221323,
          -0.944607,
          1.628679,
          0.396887,
          0.911054,
          0.111634,
          0.464848,
          0.0,
          0.0,
          0.0,
          1.0
        ],
        [
          0.907138,
          -0.340634,
          -0.247121,
          -0.064891,
          -0.18873,
          0.19556,
          -0.96236,
          1.653608,
          0.37614,
          0.919633,
          0.113112,
          0.478225,
          0.0,
          0.0,
          0.0,
          1.0
        ],
        [
          0.925426,
          -0.322423,
          -0.199072,
          -0.088638,
          -0.150573,
          0.1692,
          -0.974012,
          1.677674,
          0.347727,
          0.931351,
          0.108034,
          0.494844,
          0.0,
          0.0,
          0.0,
          1.0
        ],
        [
          0.942179,
          -0.291374,
          -0.165531,
          -0.104384,
          -0.129042,
          0.140411,
          -0.981648,
          1.699528,
          0.309269,
          0.946248,
          0.094693,
          0.516098,
          0.0,
          0.0,
          0.0,
          1.0
        ],
        [
          0.958783,
          -0.23947,
          -0.152936,
          -0.112822,
          -0.131108,
          0.104664,
          -0.985828,
          1.720303,
          0.252083,
          0.965246,
          0.068953,
          0.5447,
          0.0,
          0.0,
          0.0,
          1.0
        ],
        [
          0.972168,
          -0.167232,
          -0.164082,
          -0.118211,
          -0.155956,
          0.060711,
          -0.985897,
          1.741263,
          0.174835,
          0.984047,
          0.03294,
          0.580039,
          0.0,
          0.0,
          0.0,
          1.0
        ],
        [
          0.977336,
          -0.086148,
          -0.193372,
          -0.120793,
          -0.193088,
          0.011698,
          -0.981112,
          1.761278,
          0.086783,
          0.996214,
          -0.005201,
          0.618552,
          0.0,
          0.0,
          0.0,
          1.0
        ],
        [
          0.972379,
          -0.007866,
          -0.233275,
          -0.120784,
          -0.233405,
          -0.037517,
          -0.971656,
          1.779225,
          -0.001109,
          0.999265,
          -0.038316,
          0.656715,
          0.0,
          0.0,
          0.0,
          1.0
        ],
        [
          0.959835,
          0.056957,
          -0.274723,
          -0.118359,
          -0.269893,
          -0.080049,
          -0.959557,
          1.79398,
          -0.076645,
          0.995162,
          -0.061462,
          0.691031,
          0.0,
          0.0,
          0.0,
          1.0
        ],
        [
          0.946139,
          0.099415,
          -0.30812,
          -0.113663,
          -0.297619,
          -0.107576,
          -0.948604,
          1.804413,
          -0.127452,
          0.989214,
          -0.072194,
          0.718014,
          0.0,
          0.0,
          0.0,
          1.0
        ],
        [
          0.935793,
          0.114154,
          -0.333557,
          -0.104282,
          -0.321642,
          -0.110953,
          -0.940338,
          1.807902,
          -0.144353,
          0.987248,
          -0.067112,
          0.735731,
          0.0,
          0.0,
          0.0,
          1.0
        ],
        [
          0.927686,
          0.107458,
          -0.357563,
          -0.08951,
          -0.348654,
          -0.093258,
          -0.9326,
          1.804693,
          -0.133561,
          0.989826,
          -0.049049,
          0.746288,
          0.0,
          0.0,
          0.0,
          1.0
        ],
        [
          0.920413,
          0.088517,
          -0.380793,
          -0.072056,
          -0.376229,
          -0.064186,
          -0.924301,
          1.797961,
          -0.106258,
          0.994004,
          -0.025775,
          0.752236,
          0.0,
          0.0,
          0.0,
          1.0
        ],
        [
          0.912523,
          0.066015,
          -0.403663,
          -0.054631,
          -0.402253,
          -0.034008,
          -0.914897,
          1.790861,
          -0.074125,
          0.997239,
          -0.004478,
          0.756139,
          0.0,
          0.0,
          0.0,
          1.0
        ],
        [
          0.903441,
          0.048206,
          -0.425993,
          -0.039942,
          -0.425855,
          -0.013604,
          -0.904689,
          1.786531,
          -0.049407,
          0.998745,
          0.008239,
          0.760595,
          0.0,
          0.0,
          0.0,
          1.0
        ],
        [
          0.894281,
          0.029307,
          -0.446546,
          -0.028974,
          -0.446505,
          -0.008275,
          -0.894743,
          1.786816,
          -0.029917,
          0.999536,
          0.005685,
          0.763735,
          0.0,
          0.0,
          0.0,
          1.0
        ],
        [
          0.88526,
          0.006126,
          -0.465055,
          -0.020607,
          -0.464976,
          -0.011054,
          -0.885254,
          1.788919,
          -0.010564,
          0.99992,
          -0.006937,
          0.763667,
          0.0,
          0.0,
          0.0,
          1.0
        ],
        [
          0.87565,
          -0.009281,
          -0.482857,
          -0.0144,
          -0.482945,
          -0.01509,
          -0.875521,
          1.788992,
          0.00084,
          0.999843,
          -0.017696,
          0.762996,
          0.0,
          0.0,
          0.0,
          1.0
        ],
        [
          0.865615,
          -0.01023,
          -0.500605,
          -0.01093,
          -0.50071,
          -0.019039,
          -0.865406,
          1.785067,
          -0.000678,
          0.999766,
          -0.021603,
          0.762407,
          0.0,
          0.0,
          0.0,
          1.0
        ],
        [
          0.855405,
          -0.003463,
          -0.517948,
          -0.009624,
          -0.517864,
          -0.024871,
          -0.855101,
          1.779102,
          -0.00992,
          0.999685,
          -0.023068,
          0.761231,
          0.0,
          0.0,
          0.0,
          1.0
        ],
        [
          0.844789,
          0.003186,
          -0.53509,
          -0.008318,
          -0.534755,
          -0.030837,
          -0.844444,
          1.773141,
          -0.019191,
          0.999519,
          -0.024347,
          0.760057,
          0.0,
          0.0,
          0.0,
          1.0
        ],
        [
          0.844789,
          0.003186,
          -0.53509,
          -0.008318,
          -0.534755,
          -0.030837,
          -0.844444,
          1.773141,
          -0.019191,
          0.999519,
          -0.024347,
          0.760057,
          0.0,
          0.0,
          0.0,
          1.0
        ],
        [
          0.844789,
          0.003186,
          -0.53509,
          -0.008318,
          -0.534755,
          -0.030837,
          -0.844444,
          1.773141,
          -0.019191,
          0.999519,
          -0.024347,
          0.760057,
          0.0,
          0.0,
          0.0,
          1.0
        ]
      ]
    },
    {
      "name": "Thigh_R",
      "time": [
        0.0,
        0.0333,
        0.0667,
        0.1,
        0.1333,
        0.1667,
        0.2,
        0.2333,
        0.2667,
        0.3,
        0.3333,
        0.3667,
        0.4,
        0.4333,
        0.4667,
        0.5,
        0.5333,
        0.5667,
        0.6,
        0.6333,
        0.6667,
        0.7,
        0.7333,
        0.7667,
        0.8,
        0.8333,
        0.8667,
        0.9,
        0.9333,
        0.9667,
        1.0,
        1.0333,
        1.0667,
        1.1,
        1.1333,
        1.1667,
        1.2,
        1.2333,
        1.2667,
        1.3,
        1.3333,
        1.3667,
        1.4,
        1.4333,
        1.4667,
        1.5,
        1.5333,
        1.5667,
        1.6,
        1.6333,
        1.6667,
        1.7,
        1.7333,
        1.7667,
        1.8,
        1.8333,
        1.8667,
        1.9,
        1.9333,
        1.9667,
        2.0,
        2.0333,
        2.0667,
        2.1,
        2.1333,
        2.1667,
        2.2,
        2.2333,
        2.2667,
        2.3,
        2.3333,
        2.3667,
        2.4,
        2.4333,
        2.4667,
        2.5
      ],
      "transform": [
        [
          0.90126,
          0.26793,
          0.340504,
          0.124994,
          0.245236,
          -0.963327,
          0.108906,
          -0.002831,
          0.357196,
          -0.014649,
          -0.933915,
          -1.2e-05,
          0.0,
          0.0,
          0.0,
          1.0
        ],
        [
          0.90126,
          0.26793,
          0.340504,
          0.124994,
          0.245236,
          -0.963327,
          0.108906,
          -0.002831,
          0.357196,
          -0.014649,
          -0.933915,
          -1.2e-05,
          0.0,
          0.0,
          0.0,
          1.0
        ],
        [
          0.879796,
          0.436138,
          0.189059,
          0.124994,
          0.352706,
          -0.865585,
          0.355472,
          -0.002831,
          0.318682,
          -0.24606,
          -0.915367,
          -1.2e-05,
          0.0,
          0.0,
          0.0,
          1.0
        ],
        [
          0.842497,
          0.538113,
          0.025147,
          0.124994,
          0.433492,
          -0.704932,
          0.561386,
          -0.002831,
          0.319817,
          -0.462065,
          -0.827172,
          -1.2e-05,
          0.0,
          0.0,
          0.0,
          1.0
        ],
        [
          0.828728,
          0.549037,
          -0.108481,
          0.124994,
          0.441766,
          -0.522754,
          0.729089,
          -0.002831,
          0.343588,
          -0.65214,
          -0.675767,
          -1.2e-05,
          0.0,
          0.0,
          0.0,
          1.0
        ],
        [
          0.890687,
          0.4013,
          -0.213624,
          0.124994,
          0.346557,
          -0.295218,
          0.890362,
          -0.002831,
          0.294237,
          -0.867066,
          -0.40202,
          -1.2e-05,
          0.0,
          0.0,
          0.0,
          1.0
        ],
        [
          0.951901,
          0.213076,
          -0.220187,
          0.124994,
          0.266251,
          -0.219574,
          0.938561,
          -0.002831,
          0.151637,
          -0.952043,
          -0.265745,
          -1.2e-05,
          0.0,
          0.0,
          0.0,
          1.0
        ],
        [
          0.95829,
          0.251853,
          -0.135093,
          0.124994,
          0.175717,
          -0.14642,
          0.973491,
          -0.002831,
          0.225397,
          -0.956625,
          -0.184568,
          -1.2e-05,
          0.0,
          0.0,
          0.0,
          1.0
        ],
        [
          0.891855,
          0.431498,
          -0.135663,
          0.124994,
          0.241765,
          -0.201259,
          0.949234,
          -0.002831,
          0.382289,
          -0.879377,
          -0.283814,
          -1.2e-05,
          0.0,
          0.0,
          0.0,
          1.0
        ],
        [
          0.764781,
          0.634138,
          -0.113928,
          0.124994,
          0.377659,
          -0.297957,
          0.876695,
          -0.002831,
          0.522,
          -0.713506,
          -0.46736,
          -1.2e-05,
          0.0,
          0.0,
          0.0,
          1.0
        ],
        [
          0.533012,
          0.836827,
          -0.124973,
          0.124994,
          0.592233,
          -0.263501,
          0.761463,
          -0.002831,
          0.604282,
          -0.479883,
          -0.636046,
          -1.2e-05,
          0.0,
          0.0,
          0.0,
          1.0
        ],
        [
          0.435195,
          0.886693,
          -0.156143,
          0.124994,
          0.670329,
          -0.203328,
          0.713664,
          -0.002831,
          0.601053,
          -0.41525,
          -0.682863,
          -1.2e-05,
          0.0,
          0.0,
          0.0,
          1.0
        ],
        [
          0.529748,
          0.838693,
          -0.126338,
          0.124994,
          0.626798,
          -0.286773,
          0.72449,
          -0.002831,
          0.571394,
          -0.462985,
          -0.677608,
          -1.2e-05,
          0.0,
          0.0,
          0.0,
          1.0
        ],
        [
          0.653328,
          0.757067,
          0.003434,
          0.124994,
          0.533102,
          -0.463263,
          0.707948,
          -0.002831,
          0.537555,
          -0.460691,
          -0.706256,
          -1.2e-05,
          0.0,
          0.0,
          0.0,
          1.0
        ],
        [
          0.746075,
          0.636836,
          0.194452,
          0.124994,
          0.427045,
          -0.681693,
          0.594077,
          -0.002831,
          0.510886,
          -0.360187,
          -0.780552,
          -1.2e-05,
          0.0,
          0.0,
          0.0,
          1.0
        ],
        [
          0.805715,
          0.475389,
          0.353309,
          0.124994,
          0.358037,
          -0.866089,
          0.348855,
          -0.002831,
          0.471839,
          -0.15458,
          -0.868028,
          -1.2e-05,
          0.0,
          0.0,
          0.0,
          1.0
        ],
        [
          0.860562,
          0.320673,
          0.395729,
          0.124994,
          0.330081,
          -0.942821,
          0.046201,
          -0.002831,
          0.387917,
          0.090864,
          -0.917205,
          -1.2e-05,
          0.0,
          0.0,
          0.0,
          1.0
        ],
        [
          0.910818,
          0.253228,
          0.326016,
          0.124994,
          0.322761,
          -0.929212,
          -0.179973,
          -0.002831,
          0.257363,
          0.269148,
          -0.928075,
          -1.2e-05,
          0.0,
          0.0,
          0.0,
          1.0
        ],
        [
          0.896134,
          0.285545,
          0.339718,
          0.124994,
          0.36415,
          -0.910669,
          -0.195131,
          -0.002831,
          0.253652,
          0.298572,
          -0.920063,
          -1.2e-05,
          0.0,
          0.0,
          0.0,
          1.0
        ],
        [
          0.878846,
          0.325131,
          0.34917,
          0.124994,
          0.408006,
          -0.891517,
          -0.196795,
          -0.002831,
          0.247307,
          0.315416,
          -0.916161,
          -1.2e-05,
          0.0,
          0.0,
          0.0,
          1.0
        ],
        [
          0.858429,
          0.373845,
          0.351198,
          0.124994,
          0.454327,
          -0.871985,
          -0.182289,
          -0.002831,
          0.238092,
          0.316041,
          -0.918385,
          -1.2e-05,
          0.0,
          0.0,
          0.0,
          1.0
        ],
        [
          0.834111,
          0.432542,
          0.342294,
          0.124994,
          0.50303,
          -0.8511,
          -0.150298,
          -0.002831,
          0.226317,
          0.297549,
          -0.927494,
          -1.2e-05,
          0.0,
          0.0,
          0.0,
          1.0
        ],
        [
          0.805082,
          0.500495,
          0.318351,
          0.124994,
          0.553228,
          -0.82717,
          -0.098633,
          -0.002831,
          0.213964,
          0.255528,
          -0.942828,
          -1.2e-05,
          0.0,
          0.0,
          0.0,
          1.0
        ],
        [
          0.7089,
          0.62965,
          0.317807,
          0.124994,
          0.636565,
          -0.765208,
          0.096133,
          -0.002831,
          0.303718,
          0.134156,
          -0.94327,
          -1.2e-05,
          0.0,
          0.0,
          0.0,
          1.0
        ],
        [
          0.61939,
          0.739194,
          0.264477,
          0.124994,
          0.643349,
          -0.670975,
          0.368638,
          -0.002831,
          0.449953,
          -0.05818,
          -0.891155,
          -1.2e-05,
          0.0,
          0.0,
          0.0,
          1.0
        ],
        [
          0.586699,
          0.785103,
          0.198488,
          0.124994,
          0.534685,
          -0.559642,
          0.633176,
          -0.002831,
          0.608191,
          -0.265355,
          -0.748124,
          -1.2e-05,
          0.0,
          0.0,
          0.0,
          1.0
        ],
        [
          0.781364,
          0.621562,
          0.055962,
          0.124994,
          0.426091,
          -0.59685,
          0.679865,
          -0.002831,
          0.455979,
          -0.507377,
          -0.731198,
          -1.2e-05,
          0.0,
          0.0,
          0.0,
          1.0
        ],
        [
          0.947403,
          0.129668,
          0.292598,
          0.124994,
          -0.042186,
          -0.855673,
          0.515794,
          -0.002831,
          0.31725,
          -0.501008,
          -0.805198,
          -1.2e-05,
          0.0,
          0.0,
          0.0,
          1.0
        ],
        [
          0.959595,
          0.162864,
          0.22946,
          0.124994,
          0.014076,
          -0.842233,
          0.538929,
          -0.002831,
          0.281031,
          -0.513924,
          -0.810496,
          -1.2e-05,
          0.0,
          0.0,
          0.0,
          1.0
        ],
        [
          0.893937,
          0.353166,
          0.275954,
          0.124994,
          0.1342,
          -0.79837,
          0.587023,
          -0.002831,
          0.42763,
          -0.487728,
          -0.761087,
          -1.2e-05,
          0.0,
          0.0,
          0.0,
          1.0
        ],
        [
          0.782307,
          0.55306,
          0.286567,
          0.124994,
          0.212029,
          -0.669022,
          0.712358,
          -0.002831,
          0.585696,
          -0.496522,
          -0.640645,
          -1.2e-05,
          0.0,
          0.0,
          0.0,
          1.0
        ],
        [
          0.787374,
          0.584372,
          0.196344,
          0.124994,
          0.172736,
          -0.514868,
          0.839686,
          -0.002831,
          0.591781,
          -0.627231,
          -0.506336,
          -1.2e-05,
          0.0,
          0.0,
          0.0,
          1.0
        ],
        [
          0.852808,
          0.485971,
          0.191182,
          0.124994,
          0.061133,
          -0.456476,
          0.887633,
          -0.002831,
          0.518634,
          -0.745292,
          -0.418996,
          -1.2e-05,
          0.0,
          0.0,
          0.0,
          1.0
        ],
        [
          0.867759,
          0.455509,
          0.198762,
          0.124994,
          0.027414,
          -0.443197,
          0.896005,
          -0.002831,
          0.496229,
          -0.772067,
          -0.397075,
          -1.2e-05,
          0.0,
          0.0,
          0.0,
          1.0
        ],
        [
          0.874662,
          0.441941,
          0.199133,
          0.124994,
          0.0134,
          -0.432697,
          0.90144,
          -0.002831,
          0.484548,
          -0.785787,
          -0.384386,
          -1.2e-05,
          0.0,
          0.0,
          0.0,
          1.0
        ],
        [
          0.874661,
          0.443873,
          0.194795,
          0.124994,
          0.01404,
          -0.424887,
          0.905137,
          -0.002831,
          0.484531,
          -0.788953,
          -0.377864,
          -1.2e-05,
          0.0,
          0.0,
          0.0,
          1.0
        ],
        [
          0.870141,
          0.454744,
          0.189902,
          0.124994,
          0.024099,
          -0.424155,
          0.905269,
          -0.002831,
          0.492213,
          -0.783135,
          -0.380033,
          -1.2e-05,
          0.0,
          0.0,
          0.0,
          1.0
        ],
        [
          0.864634,
          0.466661,
          0.186106,
          0.124994,
          0.036085,
          -0.42716,
          0.903456,
          -0.002831,
          0.501105,
          -0.774443,
          -0.386176,
          -1.2e-05,
          0.0,
          0.0,
          0.0,
          1.0
        ],
        [
          0.859488,
          0.477557,
          0.182263,
          0.124994,
          0.046813,
          -0.428611,
          0.902276,
          -0.002831,
          0.509008,
          -0.766963,
          -0.390742,
          -1.2e-05,
          0.0,
          0.0,
          0.0,
          1.0
        ],
        [
          0.853973,
          0.488734,
          0.178514,
          0.124994,
          0.057886,
          -0.430197,
          0.900877,
          -0.002831,
          0.517086,
          -0.758991,
          -0.395668,
          -1.2e-05,
          0.0,
          0.0,
          0.0,
          1.0
        ],
