{
  "animation": [
    {
      "name": "Root",
      "time": [
        0.0,
        0.0333,
        0.0667,
        0.1,
        0.1333,
        0.1667,
        0.2,
        0.2333,
        0.2667,
        0.3,
        0.3333,
        0.3667,
        0.4,
        0.4333,
        0.4667,
        0.5,
        0.5333,
        0.5667,
        0.6,
        0.6333,
        0.6667,
        0.7,
        0.7333,
        0.7667,
        0.8,
        0.8333,
        0.8667,
        0.9,
        0.9333,
        0.9667,
        1.0,
        1.0333,
        1.0667,
        1.1,
        1.1333,
        1.1667,
        1.2,
        1.2333,
        1.2667,
        1.3,
        1.3333,
        1.3667,
        1.4,
        1.4333,
        1.4667,
        1.5,
        1.5333,
        1.5667,
        1.6,
        1.6333,
        1.6667
      ],
      "transform": [
        [
          0.844789,
          0.003186,
          -0.535091,
          -0.008318,
          -0.534756,
          -0.030837,
          -0.844444,
          -0.711996,
          -0.019191,
          0.999519,
          -0.024347,
          0.760057,
          0.0,
          0.0,
          0.0,
          1.0
        ],
        [
          0.844789,
          0.003186,
          -0.535091,
          -0.008318,
          -0.534756,
          -0.030837,
          -0.844444,
          -0.711996,
          -0.019191,
          0.999519,
          -0.024347,
          0.760057,
          0.0,
          0.0,
          0.0,
          1.0
        ],
        [
          0.970271,
          -0.000218,
          -0.242023,
          -0.002302,
          -0.239157,
          0.152557,
          -0.958921,
          -0.523188,
          0.037132,
          0.988295,
          0.147969,
          0.659847,
          0.0,
          0.0,
          0.0,
          1.0
        ],
        [
          0.995686,
          -0.061032,
          0.069891,
          0.003202,
          0.085867,
          0.320606,
          -0.943313,
          -0.332564,
          0.035165,
          0.945244,
          0.324463,
          0.559255,
          0.0,
          0.0,
          0.0,
          1.0
        ],
        [
          0.960009,
          -0.138741,
          0.243173,
          0.008667,
          0.279302,
          0.414711,
          -0.866028,
          -0.1829,
          0.019307,
          0.899314,
          0.436877,
          0.489763,
          0.0,
          0.0,
          0.0,
          1.0
        ],
        [
          0.962312,
          -0.195,
          0.189553,
          0.019732,
          0.256902,
          0.42323,
          -0.868837,
          -0.115695,
          0.089198,
          0.884789,
          0.457376,
          0.467241,
          0.0,
          0.0,
          0.0,
          1.0
        ],
        [
          0.974718,
          -0.222887,
          0.015706,
          0.03168,
          0.105934,
          0.399084,
          -0.910774,
          -0.090445,
          0.196731,
          0.889412,
          0.412606,
          0.476108,
          0.0,
          0.0,
          0.0,
          1.0
        ],
        [
          0.976616,
          -0.189971,
          -0.100661,
          0.030668,
          -0.016486,
          0.400656,
          -0.91608,
          -0.028673,
          0.214359,
          0.896318,
          0.388155,
          0.502135,
          0.0,
          0.0,
          0.0,
          1.0
        ],
        [
          0.984004,
          -0.006881,
          0.17801,
          -0.018843,
          0.154823,
          0.527311,
          -0.835448,
          0.142302,
          -0.088118,
          0.849644,
          0.519942,
          0.567893,
          0.0,
          0.0,
          0.0,
          1.0
        ],
        [
          0.960253,
          0.237013,
          0.147441,
          -0.051076,
          -0.01161,
          0.561669,
          -0.82728,
          0.345362,
          -0.27889,
          0.792687,
          0.542096,
          0.637936,
          0.0,
          0.0,
          0.0,
          1.0
        ],
        [
          -0.477999,
          -0.372475,
          -0.795474,
          0.106676,
          -0.868926,
          0.068145,
          0.490228,
          0.511053,
          -0.12839,
          0.925537,
          -0.356227,
          0.616583,
          0.0,
          0.0,
          0.0,
          1.0
        ],
        [
          -0.613076,
          -0.345729,
          -0.710359,
          0.125793,
          -0.776945,
          0.100918,
          0.621427,
          0.455523,
          -0.143157,
          0.932892,
          -0.330483,
          0.631485,
          0.0,
          0.0,
          0.0,
          1.0
        ],
        [
          -0.631864,
          -0.349695,
          -0.691709,
          0.128516,
          -0.760363,
          0.106587,
          0.640693,
          0.444117,
          -0.15032,
          0.930781,
          -0.333243,
          0.63274,
          0.0,
          0.0,
          0.0,
          1.0
        ],
        [
          -0.629752,
          -0.359437,
          -0.688635,
          0.128012,
          -0.760968,
          0.107409,
          0.639838,
          0.441477,
          -0.156016,
          0.926967,
          -0.341161,
          0.63138,
          0.0,
          0.0,
          0.0,
          1.0
        ],
        [
          -0.616176,
          -0.360974,
          -0.700017,
          0.12574,
          -0.772509,
          0.103792,
          0.626464,
          0.446204,
          -0.153481,
          0.926782,
          -0.34281,
          0.629237,
          0.0,
          0.0,
          0.0,
          1.0
        ],
        [
          -0.593768,
          -0.349496,
          -0.72477,
          0.122211,
          -0.792218,
          0.096285,
          0.602595,
          0.45777,
          -0.14082,
          0.931977,
          -0.334048,
          0.62693,
          0.0,
          0.0,
          0.0,
          1.0
        ],
        [
          -0.561727,
          -0.331641,
          -0.757942,
          0.117474,
          -0.818131,
          0.086487,
          0.568492,
          0.474505,
          -0.122983,
          0.939433,
          -0.319907,
          0.624084,
          0.0,
          0.0,
          0.0,
          1.0
        ],
        [
          -0.524449,
          -0.310703,
          -0.792728,
          0.112289,
          -0.845105,
          0.076571,
          0.529089,
          0.493301,
          -0.103689,
          0.947418,
          -0.302734,
          0.621029,
          0.0,
          0.0,
          0.0,
          1.0
        ],
        [
          -0.48737,
          -0.290392,
          -0.823494,
          0.107391,
          -0.868926,
          0.068145,
          0.490228,
          0.511053,
          -0.086241,
          0.954478,
          -0.285542,
          0.618093,
          0.0,
          0.0,
          0.0,
          1.0
        ],
        [
          -0.351992,
          -0.232114,
          -0.906766,
          0.089143,
          -0.935554,
          0.057234,
          0.348516,
          0.463697,
          -0.028997,
          0.971003,
          -0.237301,
          0.620498,
          0.0,
          0.0,
          0.0,
          1.0
        ],
        [
          -0.057832,
          -0.125199,
          -0.990445,
          0.055485,
          -0.996665,
          0.064454,
          0.050048,
          0.331541,
          0.057573,
          0.990036,
          -0.128509,
          0.630719,
          0.0,
          0.0,
          0.0,
          1.0
        ],
        [
          0.275959,
          -0.026366,
          -0.960808,
          0.023497,
          -0.955284,
          0.102931,
          -0.277197,
          0.17844,
          0.106206,
          0.994339,
          0.003218,
          0.644605,
          0.0,
          0.0,
          0.0,
          1.0
        ],
        [
          0.49978,
          0.01814,
          -0.865963,
          0.007882,
          -0.85938,
          0.135164,
          -0.493149,
          0.067727,
          0.108101,
          0.990657,
          0.083142,
          0.657759,
          0.0,
          0.0,
          0.0,
          1.0
        ],
        [
          0.612308,
          0.014525,
          -0.790486,
          0.011103,
          -0.784692,
          0.133359,
          -0.60537,
          0.003924,
          0.096625,
          0.990961,
          0.093054,
          0.670157,
          0.0,
          0.0,
          0.0,
          1.0
        ],
        [
          0.691119,
          -0.00789,
          -0.722698,
          0.023516,
          -0.717608,
          0.111472,
          -0.687468,
          -0.050292,
          0.085985,
          0.993736,
          0.071378,
          0.683878,
          0.0,
          0.0,
          0.0,
          1.0
        ],
        [
          0.746246,
          -0.038288,
          -0.664568,
          0.040444,
          -0.660966,
          0.075853,
          -0.746572,
          -0.095373,
          0.078995,
          0.996384,
          0.031298,
          0.697887,
          0.0,
          0.0,
          0.0,
          1.0
        ],
        [
          0.785832,
          -0.067826,
          -0.614709,
          0.057234,
          -0.613865,
          0.035127,
          -0.788629,
          -0.13172,
          0.075083,
          0.997079,
          -0.014032,
          0.711157,
          0.0,
          0.0,
          0.0,
          1.0
        ],
        [
          0.816349,
          -0.088694,
          -0.570708,
          0.069235,
          -0.57304,
          -0.001012,
          -0.819527,
          -0.159718,
          0.07211,
          0.996058,
          -0.051651,
          0.72269,
          0.0,
          0.0,
          0.0,
          1.0
        ],
        [
          0.842972,
          -0.093653,
          -0.529742,
          0.071797,
          -0.533736,
          -0.022486,
          -0.845352,
          -0.17975,
          0.067258,
          0.995351,
          -0.068941,
          0.731505,
          0.0,
          0.0,
          0.0,
          1.0
        ],
        [
          0.866101,
          -0.084685,
          -0.492643,
          0.065507,
          -0.496368,
          -0.029272,
          -0.867619,
          -0.19214,
          0.059053,
          0.995978,
          -0.067387,
          0.737777,
          0.0,
          0.0,
          0.0,
          1.0
        ],
        [
          0.884061,
          -0.069773,
          -0.462135,
          0.054739,
          -0.464871,
          -0.029109,
          -0.8849,
          -0.197788,
          0.048289,
          0.997138,
          -0.058169,
          0.742546,
          0.0,
          0.0,
          0.0,
          1.0
        ],
        [
          0.897838,
          -0.050829,
          -0.437383,
          0.040528,
          -0.438905,
          -0.023549,
          -0.898225,
          -0.197935,
          0.035356,
          0.99843,
          -0.043452,
          0.746131,
          0.0,
          0.0,
          0.0,
          1.0
        ],
        [
          0.908236,
          -0.029567,
          -0.417413,
          0.023914,
          -0.417938,
          -0.014312,
          -0.908363,
          -0.19382,
          0.020883,
          0.99946,
          -0.025356,
          0.748853,
          0.0,
          0.0,
          0.0,
          1.0
        ],
        [
          0.915941,
          -0.007577,
          -0.40124,
          0.00594,
          -0.401272,
          -0.003209,
          -0.915953,
          -0.18668,
          0.005652,
          0.999966,
          -0.00598,
          0.751035,
          0.0,
          0.0,
          0.0,
          1.0
        ],
        [
          0.921585,
          0.01364,
          -0.387937,
          -0.012354,
          -0.38806,
          0.007908,
          -0.9216,
          -0.177752,
          -0.009503,
          0.999876,
          0.01258,
          0.753002,
          0.0,
          0.0,
          0.0,
          1.0
        ],
        [
          0.925769,
          0.032584,
          -0.376683,
          -0.029927,
          -0.377347,
          0.017195,
          -0.925912,
          -0.168275,
          -0.023693,
          0.999321,
          0.028214,
          0.755082,
          0.0,
          0.0,
          0.0,
          1.0
        ],
        [
          0.929106,
          0.047791,
          -0.366714,
          -0.045737,
          -0.368053,
          0.022823,
          -0.929525,
          -0.159486,
          -0.036053,
          0.998597,
          0.038795,
          0.757605,
          0.0,
          0.0,
          0.0,
          1.0
        ],
        [
          0.929586,
          0.059688,
          -0.363742,
          -0.063079,
          -0.365619,
          0.023923,
          -0.930457,
          -0.147148,
          -0.046835,
          0.99793,
          0.044062,
          0.760575,
          0.0,
          0.0,
          0.0,
          1.0
        ],
        [
          0.925878,
          0.069268,
          -0.371419,
          -0.08315,
          -0.373613,
          0.021504,
          -0.927335,
          -0.128766,
          -0.056248,
          0.997366,
          0.04579,
          0.763544,
          0.0,
          0.0,
          0.0,
          1.0
        ],
        [
          0.919433,
          0.075863,
          -0.385859,
          -0.101772,
          -0.388093,
          0.016715,
          -0.921469,
          -0.108182,
          -0.063456,
          0.996978,
          0.04481,
          0.766162,
          0.0,
          0.0,
          0.0,
          1.0
        ],
        [
          0.911736,
          0.07882,
          -0.403143,
          -0.114765,
          -0.405162,
          0.010849,
          -0.914181,
          -0.089238,
          -0.067682,
          0.99683,
          0.041826,
          0.768077,
          0.0,
          0.0,
          0.0,
          1.0
        ],
        [
          0.90448,
          0.077557,
          -0.419405,
          -0.117949,
          -0.421039,
          0.005288,
          -0.907027,
          -0.075776,
          -0.068128,
          0.996974,
          0.037437,
          0.768936,
          0.0,
          0.0,
          0.0,
          1.0
        ],
        [
          0.89773,
          0.072189,
          -0.434592,
          -0.111508,
          -0.435739,
          0.000151,
          -0.900073,
          -0.067718,
          -0.064909,
          0.997391,
          0.031591,
          0.768759,
          0.0,
          0.0,
          0.0,
          1.0
        ],
        [
          0.890302,
          0.063709,
          -0.450891,
          -0.099435,
          -0.451504,
          -0.005243,
          -0.892254,
          -0.061997,
          -0.059209,
          0.997955,
          0.024097,
          0.76792,
          0.0,
          0.0,
          0.0,
          1.0
        ],
        [
          0.882209,
          0.052919,
          -0.467875,
          -0.083266,
          -0.468003,
          -0.010713,
          -0.883662,
          -0.05797,
          -0.051775,
          0.998541,
          0.015315,
          0.766598,
          0.0,
          0.0,
          0.0,
          1.0
        ],
        [
          0.873492,
          0.04064,
          -0.485139,
          -0.064534,
          -0.484905,
          -0.016104,
          -0.874419,
          -0.054999,
          -0.043349,
          0.999044,
          0.00564,
          0.76497,
          0.0,
          0.0,
          0.0,
          1.0
        ],
        [
          0.864243,
          0.027701,
          -0.502311,
          -0.044775,
          -0.501879,
          -0.0213,
          -0.864676,
          -0.052443,
          -0.034651,
          0.999389,
          -0.004506,
          0.763217,
          0.0,
          0.0,
          0.0,
          1.0
        ],
        [
          0.854608,
          0.014933,
          -0.519059,
          -0.025524,
          -0.518604,
          -0.026221,
          -0.854612,
          -0.049665,
          -0.026372,
          0.999545,
          -0.014664,
          0.761518,
          0.0,
          0.0,
          0.0,
          1.0
        ],
        [
          0.844789,
          0.003185,
          -0.53509,
          -0.008318,
          -0.534755,
          -0.030835,
          -0.844444,
          -0.046028,
          -0.01919,
          0.999519,
          -0.024346,
          0.760057,
          0.0,
          0.0,
          0.0,
          1.0
        ],
        [
          0.844789,
          0.003185,
          -0.53509,
          -0.008318,
          -0.534755,
          -0.030835,
          -0.844444,
          -0.046028,
          -0.01919,
          0.999519,
          -0.024346,
          0.760057,
          0.0,
          0.0,
          0.0,
          1.0
        ],
        [
          0.844789,
          0.003185,
          -0.53509,
          -0.008318,
          -0.534755,
          -0.030835,
          -0.844444,
          -0.046028,
          -0.01919,
          0.999519,
          -0.024346,
          0.760057,
          0.0,
          0.0,
          0.0,
          1.0
        ]
      ]
    },
    {
      "name": "Thigh_R",
      "time": [
        0.0,
        0.0333,
        0.0667,
        0.1,
        0.1333,
        0.1667,
        0.2,
        0.2333,
        0.2667,
        0.3,
        0.3333,
        0.3667,
        0.4,
        0.4333,
        0.4667,
        0.5,
        0.5333,
        0.5667,
        0.6,
        0.6333,
        0.6667,
        0.7,
        0.7333,
        0.7667,
        0.8,
        0.8333,
        0.8667,
        0.9,
        0.9333,
        0.9667,
        1.0,
        1.0333,
        1.0667,
        1.1,
        1.1333,
        1.1667,
        1.2,
        1.2333,
        1.2667,
        1.3,
        1.3333,
        1.3667,
        1.4,
        1.4333,
        1.4667,
        1.5,
        1.5333,
        1.5667,
        1.6,
        1.6333,
        1.6667
      ],
      "transform": [
        [
          0.90126,
          0.267927,
          0.340506,
          0.124994,
          0.245236,
          -0.963328,
          0.108897,
          -0.002831,
          0.357196,
          -0.01464,
          -0.933915,
          -1.2e-05,
          0.0,
          0.0,
          0.0,
          1.0
        ],
        [
          0.90126,
          0.267927,
          0.340507,
          0.124994,
          0.245236,
          -0.963328,
          0.108897,
          -0.002831,
          0.357196,
          -0.01464,
          -0.933915,
          -1.2e-05,
          0.0,
          0.0,
          0.0,
          1.0
        ],
        [
          0.917025,
          0.305572,
          0.256303,
          0.124994,
          0.305494,
          -0.951304,
          0.041146,
          -0.002831,
          0.256396,
          0.040567,
          -0.96572,
          -1.2e-05,
          0.0,
          0.0,
          0.0,
          1.0
        ],
        [
          0.965681,
          0.149722,
          0.212236,
          0.124994,
          0.189483,
          -0.96498,
          -0.181409,
          -0.002831,
          0.177643,
          0.215398,
          -0.960233,
          -1.2e-05,
          0.0,
          0.0,
          0.0,
          1.0
        ],
        [
          0.984386,
          -0.007471,
          0.175864,
          0.124994,
          0.017364,
          -0.990104,
          -0.139255,
          -0.002831,
          0.175164,
          0.140135,
          -0.974515,
          -1.2e-05,
          0.0,
          0.0,
          0.0,
          1.0
        ],
        [
          0.992042,
          -0.069425,
          0.105033,
          0.124994,
          -0.076612,
          -0.994873,
          0.066011,
          -0.002831,
          0.099912,
          -0.073532,
          -0.992275,
          -1.2e-05,
          0.0,
          0.0,
          0.0,
          1.0
        ],
        [
          0.993595,
          -0.104621,
          0.042704,
          0.124994,
          -0.112995,
          -0.916351,
          0.3841,
          -0.002831,
          -0.001053,
          -0.386465,
          -0.922303,
          -1.2e-05,
          0.0,
          0.0,
          0.0,
          1.0
        ],
        [
          0.996002,
          -0.081954,
          0.035555,
          0.124994,
          -0.088003,
          -0.831625,
          0.54832,
          -0.002831,
          -0.015369,
          -0.549257,
          -0.835512,
          -1.2e-05,
          0.0,
          0.0,
          0.0,
          1.0
        ],
        [
          0.96874,
          0.224555,
          0.105445,
          0.124994,
          0.183121,
          -0.93402,
          0.306714,
          -0.002831,
          0.167362,
          -0.277817,
          -0.945943,
          -1.2e-05,
          0.0,
          0.0,
          0.0,
          1.0
        ],
        [
          0.85212,
          0.413049,
          0.321376,
          0.124994,
          0.433042,
          -0.901316,
          0.010219,
          -0.002831,
          0.293883,
          0.130461,
          -0.946897,
          -1.2e-05,
          0.0,
          0.0,
          0.0,
          1.0
        ],
        [
          0.695212,
          0.714636,
          0.077303,
          0.124994,
          0.676581,
          -0.686895,
          0.265356,
          -0.002831,
          0.242732,
          -0.132177,
          -0.961046,
          -1.2e-05,
          0.0,
          0.0,
          0.0,
          1.0
        ],
        [
          0.754113,
          0.656387,
          0.021671,
          0.124994,
          0.605083,
          -0.707241,
          0.365631,
          -0.002831,
          0.255322,
          -0.262614,
          -0.930508,
          -1.2e-05,
          0.0,
          0.0,
          0.0,
          1.0
        ],
        [
          0.760443,
          0.649352,
          0.008192,
          0.124994,
          0.597593,
          -0.704655,
          0.38255,
          -0.002831,
          0.254182,
          -0.286012,
          -0.923899,
          -1.2e-05,
          0.0,
          0.0,
          0.0,
          1.0
        ],
        [
          0.757033,
          0.653376,
          0.0001,
          0.124994,
          0.602777,
          -0.698465,
          0.385755,
          -0.002831,
          0.252113,
          -0.291969,
          -0.922601,
          -1.2e-05,
          0.0,
          0.0,
          0.0,
          1.0
        ],
        [
          0.752316,
          0.658802,
          0.000748,
          0.124994,
          0.609496,
          -0.696441,
          0.378793,
          -0.002831,
          0.250071,
          -0.284516,
          -0.925481,
          -1.2e-05,
          0.0,
          0.0,
          0.0,
          1.0
        ],
        [
          0.749403,
          0.662026,
          0.010788,
          0.124994,
          0.613804,
          -0.700741,
          0.363603,
          -0.002831,
          0.248274,
          -0.265864,
          -0.931491,
          -1.2e-05,
          0.0,
          0.0,
          0.0,
          1.0
        ],
        [
          0.745874,
          0.665534,
          0.027126,
          0.124994,
          0.618904,
          -0.707519,
          0.341137,
          -0.002831,
          0.24623,
          -0.237657,
          -0.939622,
          -1.2e-05,
          0.0,
          0.0,
          0.0,
          1.0
        ],
        [
          0.742098,
          0.66856,
          0.048147,
          0.124994,
          0.624436,
          -0.715655,
          0.312919,
          -0.002831,
          0.243661,
          -0.202152,
          -0.948559,
          -1.2e-05,
          0.0,
          0.0,
          0.0,
          1.0
        ],
        [
          0.7381,
          0.670313,
          0.076734,
          0.124994,
          0.630591,
          -0.725823,
          0.274836,
          -0.002831,
          0.239922,
          -0.154469,
          -0.958424,
          -1.2e-05,
          0.0,
          0.0,
          0.0,
          1.0
        ],
        [
          0.734053,
          0.663354,
          0.14535,
          0.124994,
          0.592614,
          -0.730252,
          0.339912,
          -0.002831,
          0.331624,
          -0.163377,
          -0.929157,
          -1.2e-05,
          0.0,
          0.0,
          0.0,
          1.0
        ],
        [
          0.718704,
          0.610278,
          0.333204,
          0.124994,
          0.463549,
          -0.777723,
          0.424581,
          -0.002831,
          0.518253,
          -0.150692,
          -0.841846,
          -1.2e-05,
          0.0,
          0.0,
          0.0,
          1.0
        ],
        [
          0.671125,
          0.503475,
          0.544154,
          0.124994,
          0.280389,
          -0.851872,
          0.442375,
          -0.002831,
          0.686275,
          -0.144314,
          -0.712882,
          -1.2e-05,
          0.0,
          0.0,
          0.0,
          1.0
        ],
        [
          0.627033,
          0.423504,
          0.653815,
          0.124994,
          0.149777,
          -0.889191,
          0.432326,
          -0.002831,
          0.764458,
          -0.173156,
          -0.620984,
          -1.2e-05,
          0.0,
          0.0,
          0.0,
          1.0
        ],
        [
          0.630518,
          0.361966,
          0.686605,
          0.124994,
          0.111866,
          -0.917744,
          0.381092,
          -0.002831,
          0.768071,
          -0.163478,
          -0.619147,
          -1.2e-05,
          0.0,
          0.0,
          0.0,
          1.0
        ],
        [
          0.658459,
          0.290763,
          0.694181,
          0.124994,
          0.099353,
          -0.947867,
          0.302781,
          -0.002831,
          0.746029,
          -0.130401,
          -0.65302,
          -1.2e-05,
          0.0,
          0.0,
          0.0,
          1.0
        ],
        [
          0.702287,
          0.214702,
          0.678745,
          0.124994,
          0.097958,
          -0.973511,
          0.206588,
          -0.002831,
          0.705122,
          -0.078596,
          -0.704717,
          -1.2e-05,
          0.0,
          0.0,
          0.0,
          1.0
        ],
        [
          0.75171,
          0.14334,
          0.643728,
          0.124994,
          0.098158,
          -0.989539,
          0.105719,
          -0.002831,
          0.652148,
          -0.016283,
          -0.757917,
          -1.2e-05,
          0.0,
          0.0,
          0.0,
          1.0
        ],
        [
          0.797472,
          0.089449,
          0.596689,
          0.124994,
          0.096854,
          -0.995103,
          0.01973,
          -0.002831,
          0.595532,
          0.042057,
          -0.80223,
          -1.2e-05,
          0.0,
          0.0,
          0.0,
          1.0
        ],
        [
          0.832407,
          0.066053,
          0.550214,
          0.124994,
          0.097451,
          -0.994846,
          -0.028001,
          -0.002831,
          0.545529,
          0.076927,
          -0.834554,
          -1.2e-05,
          0.0,
          0.0,
          0.0,
          1.0
        ],
        [
          0.830274,
          0.061908,
          0.553907,
          0.124994,
          0.087813,
          -0.99593,
          -0.020316,
          -0.002831,
          0.550395,
          0.065508,
          -0.83233,
          -1.2e-05,
          0.0,
          0.0,
          0.0,
          1.0
        ],
        [
          0.828803,
          0.072975,
          0.554761,
          0.124994,
          0.087634,
          -0.996152,
          0.000114,
          -0.002831,
          0.552635,
          0.048521,
          -0.83201,
          -1.2e-05,
          0.0,
          0.0,
          0.0,
          1.0
        ],
        [
          0.827825,
          0.095652,
          0.552771,
          0.124994,
          0.095501,
          -0.995002,
          0.029155,
          -0.002831,
          0.552797,
          0.028654,
          -0.832823,
          -1.2e-05,
          0.0,
          0.0,
          0.0,
          1.0
        ],
        [
          0.82685,
          0.126238,
          0.548073,
          0.124994,
          0.109918,
          -0.991964,
          0.062652,
          -0.002831,
          0.551578,
          0.008439,
          -0.834081,
          -1.2e-05,
          0.0,
          0.0,
          0.0,
          1.0
        ],
        [
          0.825346,
          0.161183,
          0.541132,
          0.124994,
          0.129259,
          -0.986874,
          0.096804,
          -0.002831,
          0.549632,
          -0.009951,
          -0.835347,
          -1.2e-05,
          0.0,
          0.0,
          0.0,
          1.0
        ],
        [
          0.822959,
          0.197108,
          0.53281,
          0.124994,
          0.151777,
          -0.980073,
          0.128139,
          -0.002831,
          0.54745,
          -0.024584,
          -0.836477,
          -1.2e-05,
          0.0,
          0.0,
          0.0,
          1.0
        ],
        [
          0.819628,
          0.23088,
          0.524313,
          0.124994,
          0.175644,
          -0.972394,
          0.153617,
          -0.002831,
          0.545306,
          -0.033817,
          -0.837555,
          -1.2e-05,
          0.0,
          0.0,
          0.0,
          1.0
        ],
        [
          0.815634,
          0.259545,
          0.517086,
          0.124994,
          0.199033,
          -0.965055,
          0.170451,
          -0.002831,
          0.543256,
          -0.036109,
          -0.83879,
          -1.2e-05,
          0.0,
          0.0,
          0.0,
          1.0
        ],
        [
          0.815864,
          0.304666,
          0.491472,
          0.124994,
          0.208103,
          -0.947691,
          0.242021,
          -0.002831,
          0.539499,
          -0.095179,
          -0.836589,
          -1.2e-05,
          0.0,
          0.0,
          0.0,
          1.0
        ],
        [
          0.813176,
          0.357526,
          0.45926,
          0.124994,
          0.224202,
          -0.92061,
          0.319703,
          -0.002831,
          0.537102,
          -0.157008,
          -0.828776,
          -1.2e-05,
          0.0,
          0.0,
          0.0,
          1.0
        ],
        [
          0.809623,
          0.407315,
          0.422616,
          0.124994,
          0.241292,
          -0.887335,
          0.392956,
          -0.002831,
          0.535059,
          -0.216172,
          -0.816689,
          -1.2e-05,
          0.0,
          0.0,
          0.0,
          1.0
        ],
        [
          0.808457,
          0.442826,
          0.387688,
          0.124994,
          0.254114,
          -0.85678,
          0.448723,
          -0.002831,
          0.53087,
          -0.264256,
          -0.805199,
          -1.2e-05,
          0.0,
          0.0,
          0.0,
          1.0
        ],
        [
          0.812834,
          0.453925,
          0.365037,
          0.124994,
          0.261193,
          -0.844174,
          0.468132,
          -0.002831,
          0.520652,
          -0.285168,
          -0.804736,
          -1.2e-05,
          0.0,
          0.0,
          0.0,
          1.0
        ],
        [
          0.822235,
          0.443098,
          0.357203,
          0.124994,
          0.265349,
          -0.85367,
          0.448149,
          -0.002831,
          0.503507,
          -0.2737,
          -0.819493,
          -1.2e-05,
          0.0,
          0.0,
          0.0,
          1.0
        ],
        [
          0.834293,
          0.420711,
          0.35631,
          0.124994,
          0.267372,
          -0.873948,
          0.405865,
          -0.002831,
          0.482149,
          -0.243343,
          -0.841616,
          -1.2e-05,
          0.0,
          0.0,
          0.0,
          1.0
        ],
        [
          0.848136,
          0.390782,
          0.357708,
          0.124994,
          0.266286,
          -0.898166,
          0.349841,
          -0.002831,
          0.457993,
          -0.20146,
          -0.865827,
          -1.2e-05,
          0.0,
          0.0,
          0.0,
          1.0
        ],
        [
          0.862674,
          0.35715,
          0.358102,
          0.124994,
          0.262419,
          -0.921365,
          0.286745,
          -0.002831,
          0.432354,
          -0.153395,
          -0.888561,
          -1.2e-05,
          0.0,
          0.0,
          0.0,
          1.0
        ],
        [
          0.876882,
          0.32345,
          0.355608,
          0.124994,
          0.256795,
          -0.940557,
          0.222281,
          -0.002831,
          0.406367,
          -0.103596,
          -0.907818,
          -1.2e-05,
          0.0,
          0.0,
          0.0,
          1.0
        ],
        [
          0.889721,
          0.296776,
          0.346873,
          0.124994,
          0.250259,
          -0.95258,
          0.173095,
          -0.002831,
          0.381794,
          -0.067199,
          -0.921801,
          -1.2e-05,
          0.0,
          0.0,
          0.0,
          1.0
        ],
        [
          0.90139,
          0.267892,
          0.340191,
          0.124994,
          0.245221,
          -0.963337,
          0.10885,
          -0.002831,
          0.356878,
          -0.014695,
          -0.934035,
          -1.2e-05,
          0.0,
          0.0,
          0.0,
          1.0
        ],
        [
          0.90139,
          0.267892,
          0.340191,
          0.124994,
          0.245221,
          -0.963337,
          0.10885,
          -0.002831,
          0.356878,
          -0.014695,
          -0.934035,
          -1.2e-05,
          0.0,
          0.0,
          0.0,
          1.0
        ],
        [
          0.90139,
          0.267892,
          0.340191,
          0.124994,
          0.245221,
          -0.963337,
          0.10885,
          -0.002831,
          0.356878,
          -0.014695,
          -0.934035,
          -1.2e-05,
          0.0,
          0.0,
          0.0,
          1.0
        ]
      ]
    },
    {
      "name": "Leg_R",
      "time": [
        0.0,
        0.0333,
        0.0667,
        0.1,
        0.1333,
        0.1667,
        0.2,
        0.2333,
        0.2667,
        0.3,
        0.3333,
        0.3667,
        0.4,
        0.4333,
        0.4667,
        0.5,
        0.5333,
        0.5667,
        0.6,
        0.6333,
        0.6667,
        0.7,
        0.7333,
        0.7667,
        0.8,
        0.8333,
        0.8667,
        0.9,
        0.9333,
        0.9667,
        1.0,
        1.0333,
        1.0667,
        1.1,
        1.1333,
        1.1667,
        1.2,
        1.2333,
        1.2667,
        1.3,
        1.3333,
        1.3667,
        1.4,
        1.4333,
        1.4667,
        1.5,
        1.5333,
        1.5667,
        1.6,
        1.6333,
        1.6667
      ],
      "transform": [
        [
          0.999875,
          -0.001225,
          0.015747,
          -0.0,
          -0.001255,
          0.987672,
          0.156535,
          0.37472,
          -0.015744,
          -0.156535,
          0.987547,
          0.0,
          0.0,
          0.0,
          0.0,
          1.0
        ],
        [
          0.999875,
          -0.001225,
          0.015747,
          0.0,
          -0.001255,
          0.987672,
          0.156535,
          0.37472,
          -0.015744,
          -0.156535,
          0.987547,
          0.0,
          0.0,
          0.0,
          0.0,
          1.0
        ],
        [
          0.998962,
          -0.010277,
          0.044375,
          0.0,
          -0.010361,
          0.897416,
          0.441065,
          0.37472,
          -0.044356,
          -0.441066,
          0.896377,
          0.0,
          0.0,
          0.0,
          0.0,
          1.0
        ],
        [
          0.999046,
          -0.009448,
          0.042642,
          -0.0,
          -0.009527,
          0.905674,
          0.423868,
          0.37472,
          -0.042625,
          -0.423869,
          0.904719,
          0.0,
          0.0,
          0.0,
          0.0,
          1.0
        ],
        [
          0.998167,
          -0.018173,
          0.057728,
          0.0,
          -0.018278,
          0.818791,
          0.573801,
          0.37472,
          -0.057695,
          -0.573804,
          0.816958,
          0.0,
          0.0,
          0.0,
          0.0,
          1.0
        ],
        [
          0.996018,
          -0.039522,
          0.079914,
          0.0,
          -0.039663,
          0.606342,
          0.794215,
          0.37472,
          -0.079844,
          -0.794222,
          0.60236,
          0.0,
          0.0,
          0.0,
          0.0,
          1.0
        ],
        [
          0.992822,
          -0.071282,
          0.096036,
          -0.0,
          -0.071443,
          0.290498,
          0.954205,
          0.37472,
          -0.095916,
          -0.954217,
          0.28332,
          0.0,
          0.0,
          0.0,
          0.0,
          1.0
        ],
        [
          0.991949,
          -0.079959,
          0.0982,
          -0.0,
          -0.08013,
          0.204161,
          0.975653,
          0.37472,
          -0.098061,
          -0.975666,
          0.19611,
          -0.0,
          0.0,
          0.0,
          0.0,
          1.0
        ],
        [
          0.9967,
          -0.032738,
          0.074276,
          0.0,
          -0.032875,
          0.673843,
          0.738143,
          0.37472,
          -0.074216,
          -0.738149,
          0.670543,
          -0.0,
          0.0,
          0.0,
          0.0,
          1.0
        ],
        [
          0.999951,
          -0.000477,
          0.009881,
          -0.0,
          -0.000496,
          0.995164,
          0.098223,
          0.37472,
          -0.00988,
          -0.098223,
          0.995115,
          0.0,
          0.0,
          0.0,
          0.0,
          1.0
        ],
        [
          0.999945,
          -0.000532,
          0.010425,
          0.0,
          -0.000551,
          0.994617,
          0.103617,
          0.37472,
          -0.010424,
          -0.103617,
          0.994562,
          -0.0,
          0.0,
          0.0,
          0.0,
          1.0
        ],
        [
          0.999565,
          -0.00429,
          0.029156,
          -0.0,
          -0.004345,
          0.957084,
          0.289778,
          0.37472,
          -0.029148,
          -0.289779,
          0.95665,
          0.0,
          0.0,
          0.0,
          0.0,
          1.0
        ],
        [
          0.999406,
          -0.005873,
          0.03396,
          -0.0,
          -0.005937,
          0.9413,
          0.337519,
          0.37472,
          -0.033949,
          -0.33752,
          0.940706,
          -0.0,
          0.0,
          0.0,
          0.0,
          1.0
        ],
        [
          0.999306,
          -0.006865,
          0.036614,
          0.0,
          -0.006934,
          0.931412,
          0.3639,
          0.37472,
          -0.036601,
          -0.363902,
          0.930718,
          -0.0,
          0.0,
          0.0,
          0.0,
          1.0
        ],
        [
          0.999328,
