{
  "animation": [
    {
      "name": "Root",
      "time": [
        0.0,
        0.0333,
        0.0667,
        0.1,
        0.1333,
        0.1667,
        0.2,
        0.2333,
        0.2667,
        0.3,
        0.3333,
        0.3667,
        0.4,
        0.4333,
        0.4667,
        0.5,
        0.5333,
        0.5667,
        0.6,
        0.6333,
        0.6667,
        0.7,
        0.7333,
        0.7667,
        0.8,
        0.8333,
        0.8667,
        0.9,
        0.9333,
        0.9667,
        1.0,
        1.0333,
        1.0667,
        1.1,
        1.1333,
        1.1667,
        1.2,
        1.2333,
        1.2667,
        1.3,
        1.3333,
        1.3667,
        1.4,
        1.4333,
        1.4667,
        1.5,
        1.5333,
        1.5667,
        1.6,
        1.6333,
        1.6667,
        1.7,
        1.7333,
        1.7667,
        1.8,
        1.8333,
        1.8667,
        1.9,
        1.9333,
        1.9667,
        2.0,
        2.0333,
        2.0667,
        2.1,
        2.1333,
        2.1667,
        2.2,
        2.2333,
        2.2667,
        2.3,
        2.3333,
        2.3667,
        2.4,
        2.4333,
        2.4667,
        2.5
      ],
      "transform": [
        [
          0.844792,
          0.003185,
          -0.535086,
          -0.008318,
          -0.534751,
          -0.030833,
          -0.844447,
          -0.002115,
          -0.019188,
          0.999519,
          -0.024344,
          0.760057,
          0.0,
          0.0,
          0.0,
          1.0
        ],
        [
          0.844792,
          0.003185,
          -0.535086,
          -0.008318,
          -0.534751,
          -0.030833,
          -0.844447,
          -0.002115,
          -0.019188,
          0.999519,
          -0.024344,
          0.760057,
          0.0,
          0.0,
          0.0,
          1.0
        ],
        [
          0.484809,
          -0.072963,
          -0.871571,
          -0.02646,
          -0.872616,
          0.02707,
          -0.487656,
          0.204851,
          0.059175,
          0.996967,
          -0.050545,
          0.607614,
          0.0,
          0.0,
          0.0,
          1.0
        ],
        [
          0.002948,
          -0.111695,
          -0.993738,
          -0.04073,
          -0.993343,
          0.11411,
          -0.015772,
          0.414024,
          0.115157,
          0.987169,
          -0.110615,
          0.454541,
          0.0,
          0.0,
          0.0,
          1.0
        ],
        [
          -0.343576,
          -0.096963,
          -0.934106,
          -0.056586,
          -0.926574,
          0.19707,
          0.32035,
          0.555954,
          0.153022,
          0.975583,
          -0.157552,
          0.343901,
          0.0,
          0.0,
          0.0,
          1.0
        ],
        [
          -0.456788,
          -0.040923,
          -0.888634,
          -0.081707,
          -0.86286,
          0.263357,
          0.431412,
          0.590289,
          0.216374,
          0.96383,
          -0.155609,
          0.303174,
          0.0,
          0.0,
          0.0,
          1.0
        ],
        [
          -0.427881,
          0.019593,
          -0.903623,
          -0.112887,
          -0.854151,
          0.318142,
          0.411353,
          0.557349,
          0.29554,
          0.94784,
          -0.119392,
          0.305177,
          0.0,
          0.0,
          0.0,
          1.0
        ],
        [
          -0.337993,
          0.038698,
          -0.940353,
          -0.142003,
          -0.876695,
          0.350447,
          0.329534,
          0.509331,
          0.342296,
          0.935783,
          -0.084522,
          0.311023,
          0.0,
          0.0,
          0.0,
          1.0
        ],
        [
          -0.173731,
          -0.015427,
          -0.984672,
          -0.168876,
          -0.928509,
          0.335752,
          0.158562,
          0.446259,
          0.32816,
          0.941824,
          -0.072655,
          0.30886,
          0.0,
          0.0,
          0.0,
          1.0
        ],
        [
          0.061156,
          -0.096821,
          -0.993421,
          -0.192591,
          -0.957239,
          0.276266,
          -0.085854,
          0.367613,
          0.282761,
          0.956192,
          -0.075786,
          0.310389,
          0.0,
          0.0,
          0.0,
          1.0
        ],
        [
          0.233547,
          -0.140687,
          -0.962114,
          -0.205223,
          -0.938629,
          0.225686,
          -0.260848,
          0.325253,
          0.253833,
          0.963988,
          -0.079345,
          0.312329,
          0.0,
          0.0,
          0.0,
          1.0
        ],
        [
          0.312482,
          -0.153792,
          -0.937392,
          -0.210344,
          -0.917839,
          0.205424,
          -0.339666,
          0.312284,
          0.244801,
          0.966514,
          -0.076965,
          0.313181,
          0.0,
          0.0,
          0.0,
          1.0
        ],
        [
          0.363996,
          -0.165664,
          -0.916549,
          -0.215251,
          -0.901763,
          0.183583,
          -0.391306,
          0.292033,
          0.233089,
          0.968944,
          -0.082566,
          0.313553,
          0.0,
          0.0,
          0.0,
          1.0
        ],
        [
          0.399533,
          -0.175226,
          -0.899816,
          -0.219248,
          -0.889472,
          0.163435,
          -0.426766,
          0.271944,
          0.221842,
          0.970868,
          -0.090561,
          0.313783,
          0.0,
          0.0,
          0.0,
          1.0
        ],
        [
          0.429619,
          -0.181188,
          -0.884646,
          -0.221596,
          -0.877357,
          0.148097,
          -0.456412,
          0.259469,
          0.21371,
          0.972233,
          -0.095342,
          0.314211,
          0.0,
          0.0,
          0.0,
          1.0
        ],
        [
          0.464074,
          -0.182051,
          -0.866887,
          -0.221523,
          -0.860275,
          0.140596,
          -0.490061,
          0.262068,
          0.211097,
          0.973186,
          -0.091367,
          0.315183,
          0.0,
          0.0,
          0.0,
          1.0
        ],
        [
          0.511935,
          -0.17643,
          -0.840711,
          -0.218236,
          -0.831481,
          0.144068,
          -0.536548,
          0.287217,
          0.215782,
          0.973713,
          -0.072944,
          0.31704,
          0.0,
          0.0,
          0.0,
          1.0
        ],
        [
          0.580709,
          -0.163722,
          -0.797478,
          -0.210909,
          -0.781563,
          0.162095,
          -0.602398,
          0.342436,
          0.227894,
          0.973098,
          -0.033829,
          0.320126,
          0.0,
          0.0,
          0.0,
          1.0
        ],
        [
          0.674385,
          -0.145215,
          -0.72396,
          -0.198669,
          -0.69686,
          0.19898,
          -0.689052,
          0.435332,
          0.244115,
          0.969185,
          0.032994,
          0.324774,
          0.0,
          0.0,
          0.0,
          1.0
        ],
        [
          0.853975,
          -0.114158,
          -0.507636,
          -0.162498,
          -0.447526,
          0.336528,
          -0.828535,
          0.690565,
          0.265418,
          0.934728,
          0.236297,
          0.338186,
          0.0,
          0.0,
          0.0,
          1.0
        ],
        [
          0.983948,
          -0.14293,
          -0.106855,
          -0.101394,
          -0.010956,
          0.549264,
          -0.835577,
          1.127555,
          0.178121,
          0.823335,
          0.538881,
          0.357412,
          0.0,
          0.0,
          0.0,
          1.0
        ],
        [
          0.942207,
          -0.234716,
          0.239069,
          -0.042152,
          0.334905,
          0.679436,
          -0.652844,
          1.591862,
          -0.009199,
          0.69518,
          0.718777,
          0.368685,
          0.0,
          0.0,
          0.0,
          1.0
        ],
        [
          0.956363,
          -0.178024,
          0.231682,
          0.00538,
          0.28958,
          0.683057,
          -0.670504,
          2.127778,
          -0.038886,
          0.708336,
          0.704803,
          0.346191,
          0.0,
          0.0,
          0.0,
          1.0
        ],
        [
          0.990966,
          -0.076728,
          0.109993,
          0.043155,
          0.133519,
          0.641418,
          -0.755484,
          2.60373,
          -0.012584,
          0.763345,
          0.645868,
          0.406438,
          0.0,
          0.0,
          0.0,
          1.0
        ],
        [
          0.990966,
          -0.076728,
          0.109993,
          0.043155,
          0.134002,
          0.533606,
          -0.83505,
          2.525332,
          0.005379,
          0.842246,
          0.539067,
          0.458662,
          0.0,
          0.0,
          0.0,
          1.0
        ],
        [
          0.991446,
          -0.076532,
          0.105722,
          0.044215,
          0.130339,
          0.53852,
          -0.832471,
          2.522315,
          0.006777,
          0.83913,
          0.543889,
          0.467339,
          0.0,
          0.0,
          0.0,
          1.0
        ],
        [
          0.991997,
          -0.076155,
          0.100711,
          0.045463,
          0.126158,
          0.565273,
          -0.815199,
          2.533477,
          0.005152,
          0.821381,
          0.570357,
          0.46756,
          0.0,
          0.0,
          0.0,
          1.0
        ],
        [
          0.992439,
          -0.075744,
          0.096575,
          0.046496,
          0.122699,
          0.59312,
          -0.795709,
          2.545427,
          0.00299,
          0.801543,
          0.59793,
          0.462749,
          0.0,
          0.0,
          0.0,
          1.0
        ],
        [
          0.992793,
          -0.075411,
          0.093137,
          0.047351,
          0.119835,
          0.618899,
          -0.776275,
          2.554118,
          0.000898,
          0.781842,
          0.623476,
          0.453062,
          0.0,
          0.0,
          0.0,
          1.0
        ],
        [
          0.993126,
          -0.075019,
          0.089852,
          0.048171,
          0.117041,
          0.647304,
          -0.753192,
          2.56365,
          -0.001658,
          0.758531,
          0.651635,
          0.43913,
          0.0,
          0.0,
          0.0,
          1.0
        ],
        [
          0.99334,
          -0.074681,
          0.087742,
          0.048701,
          0.115145,
          0.671079,
          -0.73239,
          2.572834,
          -0.004187,
          0.737615,
          0.675208,
          0.42516,
          0.0,
          0.0,
          0.0,
          1.0
        ],
        [
          0.993339,
          -0.074602,
          0.087813,
          0.048686,
          0.115053,
          0.683708,
          -0.720629,
          2.580479,
          -0.006278,
          0.725932,
          0.687737,
          0.415382,
          0.0,
          0.0,
          0.0,
          1.0
        ],
        [
          0.993442,
          -0.074366,
          0.086847,
          0.048934,
          0.114025,
          0.700393,
          -0.704591,
          2.585236,
          -0.008429,
          0.709873,
          0.704279,
          0.409852,
          0.0,
          0.0,
          0.0,
          1.0
        ],
        [
          0.993729,
          -0.073779,
          0.084023,
          0.049656,
          0.11129,
          0.72548,
          -0.679185,
          2.587907,
          -0.010848,
          0.684277,
          0.729142,
          0.405939,
          0.0,
          0.0,
          0.0,
          1.0
        ],
        [
          0.99375,
          -0.073641,
          0.083894,
          0.049699,
          0.110879,
          0.738137,
          -0.665477,
          2.590523,
          -0.012919,
          0.670619,
          0.741689,
          0.403901,
          0.0,
          0.0,
          0.0,
          1.0
        ],
        [
          0.993038,
          -0.074813,
          0.090987,
          0.047909,
          0.116948,
          0.718604,
          -0.685515,
          2.595117,
          -0.014098,
          0.691383,
          0.722351,
          0.404028,
          0.0,
          0.0,
          0.0,
          1.0
        ],
        [
          0.990966,
          -0.076728,
          0.109993,
          0.043155,
          0.133519,
          0.641418,
          -0.755484,
          2.60373,
          -0.012584,
          0.763345,
          0.645868,
          0.406438,
          0.0,
          0.0,
          0.0,
          1.0
        ],
        [
          0.98301,
          -0.072311,
          0.168708,
          0.030866,
          0.183264,
          0.335289,
          -0.924119,
          2.632078,
          0.010258,
          0.939336,
          0.342845,
          0.410055,
          0.0,
          0.0,
          0.0,
          1.0
        ],
        [
          0.970381,
          -0.029769,
          0.23974,
          0.01283,
          0.231515,
          -0.16889,
          -0.958059,
          2.670418,
          0.06901,
          0.985185,
          -0.156995,
          0.415083,
          0.0,
          0.0,
          0.0,
          1.0
        ],
        [
          0.964844,
          0.017003,
          0.262271,
          -0.003286,
          0.240858,
          -0.456558,
          -0.856471,
          2.678188,
          0.105179,
          0.889531,
          -0.444603,
          0.431326,
          0.0,
          0.0,
          0.0,
          1.0
        ],
        [
          0.966621,
          0.035702,
          0.253711,
          -0.016591,
          0.2377,
          -0.494521,
          -0.836031,
          2.645507,
          0.095617,
          0.868432,
          -0.486501,
          0.462032,
          0.0,
          0.0,
          0.0,
          1.0
        ],
        [
          0.969643,
          0.048649,
          0.239639,
          -0.030768,
          0.233323,
          -0.477325,
          -0.847184,
          2.598436,
          0.073171,
          0.877379,
          -0.474186,
          0.499203,
          0.0,
          0.0,
          0.0,
          1.0
        ],
        [
          0.973231,
          0.057903,
          0.222413,
          -0.044862,
          0.225824,
          -0.420768,
          -0.878612,
          2.543011,
          0.04271,
          0.905319,
          -0.42258,
          0.539915,
          0.0,
          0.0,
          0.0,
          1.0
        ],
        [
          0.976894,
          0.065399,
          0.203475,
          -0.057934,
          0.21353,
          -0.339509,
          -0.916045,
          2.485332,
          0.009173,
          0.938326,
          -0.345629,
          0.58122,
          0.0,
          0.0,
          0.0,
          1.0
        ],
        [
          0.980268,
          0.072404,
          0.183936,
          -0.069057,
          0.196377,
          -0.250282,
          -0.948048,
          2.431425,
          -0.022607,
          0.965462,
          -0.259561,
          0.620176,
          0.0,
          0.0,
          0.0,
          1.0
        ],
        [
          0.98314,
          0.079314,
          0.164756,
          -0.077322,
          0.176306,
          -0.172237,
          -0.969149,
          2.387187,
          -0.04849,
          0.981857,
          -0.183317,
          0.653883,
          0.0,
          0.0,
          0.0,
          1.0
        ],
        [
          0.985462,
          0.085674,
          0.146713,
          -0.081834,
          0.156757,
          -0.125516,
          -0.979629,
          2.358414,
          -0.065514,
          0.988385,
          -0.137121,
          0.679504,
          0.0,
          0.0,
          0.0,
          1.0
        ],
        [
          0.987144,
          0.09251,
          0.130338,
          -0.082153,
          0.140316,
          -0.111115,
          -0.983852,
          2.345103,
          -0.076533,
          0.989492,
          -0.122668,
          0.69633,
          0.0,
          0.0,
          0.0,
          1.0
        ],
        [
          0.988342,
          0.099947,
          0.114851,
          -0.078945,
          0.125908,
          -0.112439,
          -0.985649,
          2.342049,
          -0.085599,
          0.988619,
          -0.123712,
          0.706668,
          0.0,
          0.0,
          0.0,
          1.0
        ],
        [
          0.989448,
          0.105832,
          0.098958,
          -0.072971,
          0.111776,
          -0.122967,
          -0.986096,
          2.347218,
          -0.092192,
          0.986752,
          -0.133499,
          0.712228,
          0.0,
          0.0,
          0.0,
          1.0
        ],
        [
          0.990783,
          0.108209,
          0.081491,
          -0.064987,
          0.095967,
          -0.136127,
          -0.986032,
          2.358582,
          -0.095604,
          0.984764,
          -0.145257,
          0.714715,
          0.0,
          0.0,
          0.0,
          1.0
        ],
        [
          0.992543,
          0.105314,
          0.061384,
          -0.055746,
          0.076424,
          -0.145314,
          -0.98643,
          2.374112,
          -0.094965,
          0.983765,
          -0.152278,
          0.715839,
          0.0,
          0.0,
          0.0,
          1.0
        ],
        [
          0.994708,
          0.095647,
          0.037507,
          -0.045999,
          0.051095,
          -0.143828,
          -0.988283,
          2.391776,
          -0.089132,
          0.98497,
          -0.147954,
          0.717309,
          0.0,
          0.0,
          0.0,
          1.0
        ],
        [
          0.996909,
          0.078117,
          0.008421,
          -0.036493,
          0.018152,
          -0.124711,
          -0.992027,
          2.409559,
          -0.076444,
          0.989113,
          -0.125743,
          0.720828,
          0.0,
          0.0,
          0.0,
          1.0
        ],
        [
          0.998461,
          0.047547,
          -0.028557,
          -0.026132,
          -0.024759,
          -0.078654,
          -0.996594,
          2.428728,
          -0.049632,
          0.995767,
          -0.077356,
          0.725849,
          0.0,
          0.0,
          0.0,
          1.0
        ],
        [
          0.997181,
          0.005066,
          -0.074861,
          -0.013885,
          -0.074823,
          -0.007287,
          -0.99717,
          2.451581,
          -0.005598,
          0.999961,
          -0.006887,
          0.730606,
          0.0,
          0.0,
          0.0,
          1.0
        ],
        [
          0.990739,
          -0.040767,
          -0.129514,
          -0.000593,
          -0.126011,
          0.079173,
          -0.988864,
          2.477635,
          0.050567,
          0.996027,
          0.073302,
          0.734963,
          0.0,
          0.0,
          0.0,
          1.0
        ],
        [
          0.978399,
          -0.082381,
          -0.189603,
          0.012921,
          -0.173776,
          0.169028,
          -0.970171,
          2.50633,
          0.111971,
          0.982162,
          0.151061,
          0.738843,
          0.0,
          0.0,
          0.0,
          1.0
        ],
        [
          0.961398,
          -0.114116,
          -0.250382,
          0.025835,
          -0.216134,
          0.249971,
          -0.943822,
          2.537038,
          0.170294,
          0.961505,
          0.215657,
          0.74226,
          0.0,
          0.0,
          0.0,
          1.0
        ],
        [
          0.94271,
          -0.132697,
          -0.306086,
          0.03731,
          -0.253818,
          0.310138,
          -0.916183,
          2.569071,
          0.216504,
          0.941385,
          0.25869,
          0.745326,
          0.0,
          0.0,
          0.0,
          1.0
        ],
        [
          0.926315,
          -0.136871,
          -0.351007,
          0.046476,
          -0.289285,
          0.338462,
          -0.895409,
          2.601732,
          0.241358,
          0.930973,
          0.273928,
          0.748208,
          0.0,
          0.0,
          0.0,
          1.0
        ],
        [
          0.914909,
          -0.125996,
          -0.383494,
          0.053619,
          -0.327732,
          0.322775,
          -0.887923,
          2.63783,
          0.235657,
          0.938052,
          0.254017,
          0.750916,
          0.0,
          0.0,
          0.0,
          1.0
        ],
        [
          0.907199,
          -0.103995,
          -0.407645,
          0.059383,
          -0.369321,
          0.267169,
          -0.890069,
          2.678736,
          0.201474,
          0.958022,
          0.203968,
          0.753329,
          0.0,
          0.0,
          0.0,
          1.0
        ],
        [
          0.900993,
          -0.076073,
          -0.427112,
          0.063427,
          -0.408074,
          0.185583,
          -0.893887,
          2.721619,
          0.147266,
          0.979679,
          0.136166,
          0.755393,
          0.0,
          0.0,
          0.0,
          1.0
        ],
        [
          0.894416,
          -0.046726,
          -0.444788,
          0.065432,
          -0.439382,
          0.093751,
          -0.893395,
          2.763633,
          0.083444,
          0.994498,
          0.063322,
          0.757101,
          0.0,
          0.0,
          0.0,
          1.0
        ],
        [
          0.886499,
          -0.02019,
          -0.462289,
          0.065105,
          -0.462202,
          0.00906,
          -0.886728,
          2.8019,
          0.022091,
          0.999755,
          -0.0013,
          0.758532,
          0.0,
          0.0,
          0.0,
          1.0
        ],
        [
          0.877247,
          -0.000321,
          -0.48004,
          0.062175,
          -0.479435,
          -0.050754,
          -0.876108,
          2.833477,
          -0.024082,
          0.998711,
          -0.044678,
          0.759848,
          0.0,
          0.0,
          0.0,
          1.0
        ],
        [
          0.869215,
          0.015328,
          -0.494196,
          0.052296,
          -0.491807,
          -0.076097,
          -0.867373,
          2.854095,
          -0.050902,
          0.996983,
          -0.058606,
          0.760986,
          0.0,
          0.0,
          0.0,
          1.0
        ],
        [
          0.863955,
          0.030093,
          -0.502668,
          0.035302,
          -0.499362,
          -0.077546,
          -0.862916,
          2.864524,
          -0.064948,
          0.996534,
          -0.051969,
          0.761777,
          0.0,
          0.0,
          0.0,
          1.0
        ],
        [
          0.860256,
          0.041307,
          -0.508185,
          0.01719,
          -0.50502,
          -0.067997,
          -0.860425,
          2.869363,
          -0.070097,
          0.99683,
          -0.037634,
          0.762245,
          0.0,
          0.0,
          0.0,
          1.0
        ],
        [
          0.856657,
          0.045978,
          -0.513833,
          0.003949,
          -0.511053,
          -0.060391,
          -0.857425,
          2.873218,
          -0.070454,
          0.997115,
          -0.028238,
          0.762414,
          0.0,
          0.0,
          0.0,
          1.0
        ],
        [
          0.853169,
          0.041486,
          -0.519983,
          -0.002349,
          -0.517633,
          -0.05591,
          -0.853774,
          2.875908,
          -0.064492,
          0.997574,
          -0.026226,
          0.762175,
          0.0,
          0.0,
          0.0,
          1.0
        ],
        [
          0.85044,
          0.030067,
          -0.525212,
          -0.005057,
          -0.523601,
          -0.048263,
          -0.850595,
          2.87545,
          -0.050923,
          0.998382,
          -0.025302,
          0.761551,
          0.0,
          0.0,
          0.0,
          1.0
        ],
        [
          0.847808,
          0.015908,
          -0.530064,
          -0.006329,
          -0.529192,
          -0.039281,
          -0.847592,
          2.873736,
          -0.034305,
          0.999102,
          -0.024884,
          0.760768,
          0.0,
          0.0,
          0.0,
          1.0
        ],
        [
          0.844791,
          0.003186,
          -0.535088,
          -0.008318,
          -0.534753,
          -0.030837,
          -0.844446,
          2.872652,
          -0.019191,
          0.999519,
          -0.024347,
          0.760057,
          0.0,
          0.0,
          0.0,
          1.0
        ],
        [
          0.844791,
          0.003186,
          -0.535088,
          -0.008318,
          -0.534753,
          -0.030837,
          -0.844446,
          2.872652,
          -0.019191,
          0.999519,
          -0.024347,
          0.760057,
          0.0,
          0.0,
          0.0,
          1.0
        ]
      ]
    },
    {
      "name": "Thigh_R",
      "time": [
        0.0,
        0.0333,
        0.0667,
        0.1,
        0.1333,
        0.1667,
        0.2,
        0.2333,
        0.2667,
        0.3,
        0.3333,
        0.3667,
        0.4,
        0.4333,
        0.4667,
        0.5,
        0.5333,
        0.5667,
        0.6,
        0.6333,
        0.6667,
        0.7,
        0.7333,
        0.7667,
        0.8,
        0.8333,
        0.8667,
        0.9,
        0.9333,
        0.9667,
        1.0,
        1.0333,
        1.0667,
        1.1,
        1.1333,
        1.1667,
        1.2,
        1.2333,
        1.2667,
        1.3,
        1.3333,
        1.3667,
        1.4,
        1.4333,
        1.4667,
        1.5,
        1.5333,
        1.5667,
        1.6,
        1.6333,
        1.6667,
        1.7,
        1.7333,
        1.7667,
        1.8,
        1.8333,
        1.8667,
        1.9,
        1.9333,
        1.9667,
        2.0,
        2.0333,
        2.0667,
        2.1,
        2.1333,
        2.1667,
        2.2,
        2.2333,
        2.2667,
        2.3,
        2.3333,
        2.3667,
        2.4,
        2.4333,
        2.4667,
        2.5
      ],
      "transform": [
        [
          0.901261,
          0.267935,
          0.3405,
          0.124994,
          0.245237,
          -0.963325,
          0.108917,
          -0.002831,
          0.357195,
          -0.014659,
          -0.933915,
          -1.2e-05,
          0.0,
          0.0,
          0.0,
          1.0
        ],
        [
          0.90126,
          0.267935,
          0.3405,
          0.124994,
          0.245237,
          -0.963325,
          0.108917,
          -0.002831,
          0.357195,
          -0.014659,
          -0.933915,
          -1.2e-05,
          0.0,
          0.0,
          0.0,
          1.0
        ],
        [
          0.862106,
          0.477386,
          0.169927,
          0.124994,
          0.348959,
          -0.802468,
          0.484017,
          -0.002831,
          0.367424,
          -0.357976,
          -0.858401,
          -1.2e-05,
          0.0,
          0.0,
          0.0,
          1.0
        ],
        [
          0.815138,
          0.577824,
          -0.040867,
          0.124994,
          0.390702,
          -0.496334,
          0.775245,
          -0.002831,
          0.427671,
          -0.647898,
          -0.630337,
          -1.2e-05,
          0.0,
          0.0,
          0.0,
          1.0
        ],
        [
          0.886406,
          0.457632,
          -0.06969,
          0.124994,
          0.219329,
          -0.282621,
          0.93382,
          -0.002831,
          0.40765,
          -0.843029,
          -0.350889,
          -1.2e-05,
          0.0,
          0.0,
          0.0,
          1.0
        ],
        [
          0.925074,
          0.379785,
          0.001402,
          0.124994,
          0.101109,
          -0.249834,
          0.962995,
          -0.002831,
          0.366081,
          -0.8907,
          -0.269514,
          -1.2e-05,
          0.0,
          0.0,
          0.0,
          1.0
        ],
        [
          0.944407,
          0.317921,
          0.083794,
          0.124994,
          0.000194,
          -0.255403,
          0.966835,
          -0.002831,
          0.328779,
          -0.913069,
          -0.241266,
          -1.2e-05,
          0.0,
          0.0,
          0.0,
          1.0
        ],
        [
          0.943797,
          0.303197,
          0.131602,
          0.124994,
          -0.053733,
          -0.252118,
          0.966204,
          -0.002831,
          0.326129,
          -0.918971,
          -0.221656,
          -1.2e-05,
          0.0,
          0.0,
          0.0,
          1.0
        ],
        [
          0.94186,
          0.33582,
          0.011154,
          0.124994,
          0.071902,
          -0.233866,
          0.969606,
          -0.002831,
          0.328222,
          -0.912432,
          -0.244415,
          -1.2e-05,
          0.0,
          0.0,
          0.0,
          1.0
        ],
        [
          0.911179,
          0.394167,
          -0.119932,
          0.124994,
          0.229974,
          -0.245051,
          0.94184,
          -0.002831,
          0.341853,
          -0.885766,
          -0.313934,
          -1.2e-05,
          0.0,
          0.0,
          0.0,
          1.0
        ],
        [
          0.867392,
          0.446241,
          -0.220227,
          0.124994,
          0.369326,
          -0.280681,
          0.885899,
          -0.002831,
          0.333511,
          -0.849757,
          -0.408269,
          -1.2e-05,
          0.0,
          0.0,
          0.0,
          1.0
        ],
        [
          0.853201,
          0.451645,
          -0.260892,
          0.124994,
          0.413367,
          -0.280478,
          0.866291,
          -0.002831,
          0.318081,
          -0.846965,
          -0.425999,
          -1.2e-05,
          0.0,
          0.0,
          0.0,
          1.0
        ],
        [
          0.850167,
          0.43573,
          -0.29556,
          0.124994,
          0.436854,
          -0.270424,
          0.857922,
          -0.002831,
          0.293896,
          -0.858493,
          -0.420256,
          -1.2e-05,
          0.0,
          0.0,
          0.0,
          1.0
        ],
        [
          0.851508,
          0.409083,
          -0.328001,
          0.124994,
          0.4527,
          -0.25793,
          0.853543,
          -0.002831,
          0.264568,
          -0.875284,
          -0.404821,
          -1.2e-05,
          0.0,
          0.0,
          0.0,
          1.0
        ],
        [
          0.849431,
          0.384656,
          -0.361256,
          0.124994,
          0.472967,
          -0.251353,
          0.844467,
          -0.002831,
          0.234026,
          -0.888179,
          -0.395437,
          -1.2e-05,
          0.0,
          0.0,
          0.0,
          1.0
        ],
        [
          0.836052,
          0.378312,
          -0.397362,
          0.124994,
          0.507888,
          -0.259709,
          0.821341,
          -0.002831,
          0.207525,
          -0.888499,
          -0.40927,
          -1.2e-05,
          0.0,
          0.0,
          0.0,
          1.0
        ],
        [
          0.804707,
          0.407343,
          -0.431878,
          0.124994,
          0.563242,
          -0.293925,
          0.772247,
          -0.002831,
          0.18763,
          -0.864684,
          -0.465957,
          -1.2e-05,
          0.0,
          0.0,
          0.0,
          1.0
        ],
        [
          0.753902,
          0.485471,
          -0.442663,
          0.124994,
          0.63546,
          -0.367764,
          0.678926,
          -0.002831,
          0.166803,
          -0.793138,
          -0.585755,
          -1.2e-05,
          0.0,
          0.0,
          0.0,
          1.0
        ],
        [
          0.699232,
          0.608291,
          -0.375575,
          0.124994,
          0.703419,
          -0.491656,
          0.513299,
          -0.002831,
          0.127581,
          -0.623101,
          -0.771665,
          -1.2e-05,
          0.0,
          0.0,
          0.0,
          1.0
        ],
        [
          0.81459,
          0.538084,
          -0.216587,
          0.124994,
          0.379224,
          -0.211508,
          0.900807,
          -0.002831,
          0.4389,
          -0.815923,
          -0.376347,
          -1.2e-05,
          0.0,
          0.0,
          0.0,
          1.0
        ],
        [
          0.766107,
          0.640064,
          0.058295,
          0.124994,
          0.074493,
          -0.178518,
          0.981113,
          -0.002831,
          0.638382,
          -0.747295,
          -0.184444,
          -1.2e-05,
          0.0,
          0.0,
          0.0,
          1.0
        ],
        [
          0.733456,
          0.66206,
          0.154012,
          0.124994,
          -0.207045,
          0.001788,
          0.97833,
          -0.002831,
          0.647437,
          -0.749449,
          0.138388,
          -1.2e-05,
          0.0,
          0.0,
          0.0,
          1.0
        ],
        [
          0.840004,
          0.528906,
          0.12104,
          0.124994,
          -0.255736,
          0.189196,
          0.948053,
          -0.002831,
          0.478531,
          -0.827323,
          0.294186,
          -1.2e-05,
          0.0,
          0.0,
          0.0,
          1.0
        ],
        [
          0.958799,
          0.270221,
          0.08767,
          0.124994,
          -0.152482,
          0.229129,
          0.961379,
          -0.002831,
          0.239696,
          -0.935137,
          0.260893,
          -1.2e-05,
          0.0,
          0.0,
          0.0,
          1.0
        ],
        [
          0.960709,
          0.255959,
          0.107344,
          0.124994,
          -0.14146,
          0.11879,
          0.982791,
          -0.002831,
          0.238803,
          -0.959361,
          0.150331,
          -1.2e-05,
          0.0,
          0.0,
          0.0,
          1.0
        ],
        [
          0.96176,
          0.249974,
          0.111937,
          0.124994,
          -0.143519,
          0.111862,
          0.983305,
          -0.002831,
          0.233279,
          -0.961769,
          0.14346,
          -1.2e-05,
          0.0,
          0.0,
          0.0,
          1.0
        ],
        [
          0.962678,
          0.24601,
          0.112824,
          0.124994,
          -0.148213,
          0.13039,
          0.980322,
          -0.002831,
          0.226458,
          -0.960457,
          0.161985,
          -1.1e-05,
          0.0,
          0.0,
          0.0,
          1.0
        ],
        [
          0.96322,
          0.244286,
          0.111941,
          0.124994,
          -0.153601,
          0.158729,
          0.975301,
          -0.002831,
          0.220484,
          -0.956624,
          0.190413,
          -1.2e-05,
          0.0,
          0.0,
          0.0,
          1.0
        ],
        [
          0.963429,
          0.244518,
          0.109612,
          0.124994,
          -0.160161,
          0.197507,
          0.967129,
          -0.002831,
          0.214831,
          -0.949316,
          0.229446,
          -1.2e-05,
          0.0,
          0.0,
          0.0,
          1.0
        ],
        [
          0.963503,
          0.245809,
          0.106022,
          0.124994,
          -0.167738,
          0.245693,
          0.954724,
          -0.002831,
          0.208631,
          -0.937663,
          0.277957,
          -1.2e-05,
          0.0,
          0.0,
          0.0,
          1.0
        ],
        [
          0.963437,
          0.247692,
          0.102168,
          0.124994,
          -0.173833,
          0.287669,
          0.941822,
          -0.002831,
          0.203891,
          -0.925146,
          0.320208,
          -1.2e-05,
          0.0,
          0.0,
          0.0,
          1.0
        ],
        [
          0.963164,
          0.250073,
          0.098885,
          0.124994,
          -0.176248,
          0.309305,
          0.934488,
          -0.002831,
          0.203105,
          -0.917493,
          0.341986,
          -1.2e-05,
          0.0,
          0.0,
          0.0,
          1.0
        ],
        [
          0.963013,
          0.25142,
          0.096918,
          0.124994,
          -0.180197,
          0.333493,
          0.925371,
          -0.002831,
          0.200336,
          -0.908608,
          0.366464,
          -1.2e-05,
          0.0,
          0.0,
          0.0,
          1.0
        ],
        [
          0.96322,
          0.251191,
          0.095446,
          0.124994,
          -0.186703,
          0.370149,
          0.910018,
          -0.002831,
          0.193259,
          -0.894367,
          0.403433,
          -1.2e-05,
          0.0,
          0.0,
          0.0,
          1.0
        ],
        [
          0.963228,
          0.251951,
          0.093337,
          0.124994,
          -0.188709,
          0.387105,
          0.902518,
          -0.00283,
          0.191259,
          -0.886944,
          0.420416,
          -1.2e-05,
          0.0,
          0.0,
          0.0,
          1.0
        ],
        [
          0.962002,
          0.257625,
          0.09045,
          0.124994,
          -0.180671,
          0.352234,
          0.918308,
          -0.002831,
          0.20472,
          -0.899755,
          0.385396,
          -1.2e-05,
          0.0,
          0.0,
          0.0,
          1.0
        ],
        [
          0.958798,
          0.270221,
          0.08767,
          0.124994,
          -0.152482,
          0.229128,
          0.961379,
          -0.002831,
          0.239697,
          -0.935137,
          0.260892,
          -1.2e-05,
          0.0,
          0.0,
          0.0,
          1.0
        ],
        [
          0.937131,
          0.318417,
          0.142813,
          0.124994,
          -0.079401,
          -0.203952,
          0.975756,
          -0.002831,
          0.339825,
          -0.92575,
          -0.165847,
          -1.3e-05,
          0.0,
          0.0,
          0.0,
          1.0
        ],
        [
          0.915108,
          0.333171,
          0.227098,
          0.124994,
          0.097273,
          -0.729013,
          0.677553,
          -0.002831,
          0.391299,
          -0.597944,
          -0.699534,
          -1.2e-05,
          0.0,
          0.0,
          0.0,
          1.0
        ],
        [
          0.897543,
          0.340237,
          0.280454,
          0.124994,
          0.220399,
          -0.897085,
          0.382965,
          -0.002831,
          0.38189,
          -0.281916,
          -0.880161,
          -1.2e-05,
          0.0,
          0.0,
          0.0,
          1.0
        ],
        [
