{
  "animation": [
    {
      "name": "Root",
      "time": [
        0.0,
        0.0333,
        0.0667,
        0.1,
        0.1333,
        0.1667,
        0.2,
        0.2333,
        0.2667,
        0.3,
        0.3333,
        0.3667,
        0.4,
        0.4333,
        0.4667,
        0.5,
        0.5333,
        0.5667,
        0.6,
        0.6333,
        0.6667,
        0.7,
        0.7333,
        0.7667,
        0.8,
        0.8333,
        0.8667,
        0.9,
        0.9333,
        0.9667,
        1.0,
        1.0333,
        1.0667,
        1.1,
        1.1333,
        1.1667,
        1.2,
        1.2333,
        1.2667,
        1.3,
        1.3333,
        1.3667,
        1.4,
        1.4333,
        1.4667,
        1.5,
        1.5333,
        1.5667,
        1.6,
        1.6333,
        1.6667,
        1.7,
        1.7333,
        1.7667,
        1.8,
        1.8333
      ],
      "transform": [
        [
          0.84479,
          0.003186,
          -0.535089,
          -0.008318,
          -0.534754,
          -0.030837,
          -0.844445,
          -0.587653,
          -0.019191,
          0.999519,
          -0.024347,
          0.760057,
          0.0,
          0.0,
          0.0,
          1.0
        ],
        [
          0.84479,
          0.003186,
          -0.535089,
          -0.008318,
          -0.534754,
          -0.030837,
          -0.844445,
          -0.587653,
          -0.019191,
          0.999519,
          -0.024347,
          0.760057,
          0.0,
          0.0,
          0.0,
          1.0
        ],
        [
          0.601623,
          -0.053288,
          -0.797001,
          -0.079332,
          -0.791683,
          0.092933,
          -0.603822,
          -0.446038,
          0.106244,
          0.994245,
          0.013723,
          0.67513,
          0.0,
          0.0,
          0.0,
          1.0
        ],
        [
          0.24477,
          -0.063476,
          -0.967501,
          -0.153907,
          -0.938323,
          0.235822,
          -0.25286,
          -0.29495,
          0.244208,
          0.969721,
          -0.001839,
          0.583386,
          0.0,
          0.0,
          0.0,
          1.0
        ],
        [
          -0.079503,
          -0.021744,
          -0.996597,
          -0.214267,
          -0.933529,
          0.352225,
          0.066787,
          -0.159686,
          0.349575,
          0.935663,
          -0.048302,
          0.502445,
          0.0,
          0.0,
          0.0,
          1.0
        ],
        [
          -0.229276,
          0.031776,
          -0.972843,
          -0.245441,
          -0.882966,
          0.413836,
          0.221611,
          -0.065179,
          0.40964,
          0.909797,
          -0.066826,
          0.45061,
          0.0,
          0.0,
          0.0,
          1.0
        ],
        [
          -0.149812,
          0.063028,
          -0.986703,
          -0.235805,
          -0.891706,
          0.422487,
          0.162376,
          -0.027632,
          0.427103,
          0.904175,
          -0.007091,
          0.440956,
          0.0,
          0.0,
          0.0,
          1.0
        ],
        [
          0.094465,
          0.078,
          -0.992468,
          -0.196583,
          -0.914405,
          0.400976,
          -0.055521,
          -0.030731,
          0.393625,
          0.912762,
          0.109202,
          0.461407,
          0.0,
          0.0,
          0.0,
          1.0
        ],
        [
          0.401659,
          0.089321,
          -0.911423,
          -0.147764,
          -0.862815,
          0.370492,
          -0.343929,
          -0.049358,
          0.306955,
          0.924531,
          0.225878,
          0.492393,
          0.0,
          0.0,
          0.0,
          1.0
        ],
        [
          0.656516,
          0.097719,
          -0.747956,
          -0.110802,
          -0.725749,
          0.352112,
          -0.591021,
          -0.058028,
          0.205611,
          0.930843,
          0.302086,
          0.51462,
          0.0,
          0.0,
          0.0,
          1.0
        ],
        [
          0.841585,
          0.077952,
          -0.53447,
          -0.104321,
          -0.524521,
          0.354081,
          -0.774277,
          -0.047685,
          0.128889,
          0.93196,
          0.338877,
          0.520281,
          0.0,
          0.0,
          0.0,
          1.0
        ],
        [
          0.980396,
          0.031599,
          -0.194485,
          -0.109638,
          -0.194103,
          0.324545,
          -0.92574,
          -0.037359,
          0.033867,
          0.945342,
          0.324316,
          0.521683,
          0.0,
          0.0,
          0.0,
          1.0
        ],
        [
          0.890414,
          0.01991,
          0.454715,
          -0.111685,
          0.446447,
          0.156238,
          -0.881065,
          -0.042244,
          -0.088586,
          0.987519,
          0.130228,
          0.523187,
          0.0,
          0.0,
          0.0,
          1.0
        ],
        [
          0.829865,
          -0.061648,
          0.554547,
          -0.121062,
          0.547948,
          0.27751,
          -0.789139,
          -0.046002,
          -0.105244,
          0.958743,
          0.264076,
          0.514214,
          0.0,
          0.0,
          0.0,
          1.0
        ],
        [
          0.84029,
          -0.131787,
          0.525875,
          -0.128191,
          0.531483,
          0.391602,
          -0.751115,
          -0.048994,
          -0.106947,
          0.910648,
          0.399102,
          0.506271,
          0.0,
          0.0,
          0.0,
          1.0
        ],
        [
          0.84859,
          -0.146128,
          0.50847,
          -0.129375,
          0.519718,
          0.409977,
          -0.749541,
          -0.050572,
          -0.098932,
          0.900314,
          0.423848,
          0.503466,
          0.0,
          0.0,
          0.0,
          1.0
        ],
        [
          0.856022,
          -0.159936,
          0.491576,
          -0.130064,
          0.509123,
          0.425579,
          -0.748115,
          -0.052431,
          -0.089554,
          0.890676,
          0.445731,
          0.500308,
          0.0,
          0.0,
          0.0,
          1.0
        ],
        [
          0.863407,
          -0.172237,
          0.474197,
          -0.13035,
          0.498297,
          0.438167,
          -0.748137,
          -0.054418,
          -0.078921,
          0.882238,
          0.464142,
          0.497053,
          0.0,
          0.0,
          0.0,
          1.0
        ],
        [
          0.871511,
          -0.182048,
          0.455333,
          -0.130324,
          0.485766,
          0.447535,
          -0.750829,
          -0.056376,
          -0.06709,
          0.875541,
          0.478464,
          0.493961,
          0.0,
          0.0,
          0.0,
          1.0
        ],
        [
          0.88102,
          -0.188396,
          0.433947,
          -0.130078,
          0.469974,
          0.453464,
          -0.757295,
          -0.058149,
          -0.054108,
          0.871136,
          0.488052,
          0.49129,
          0.0,
          0.0,
          0.0,
          1.0
        ],
        [
          0.892501,
          -0.190344,
          0.408914,
          -0.129705,
          0.449263,
          0.455672,
          -0.768457,
          -0.059577,
          -0.04006,
          0.869559,
          0.492202,
          0.489296,
          0.0,
          0.0,
          0.0,
          1.0
        ],
        [
          0.906319,
          -0.187024,
          0.378956,
          -0.129304,
          0.421845,
          0.453737,
          -0.784965,
          -0.060498,
          -0.025139,
          0.871289,
          0.490125,
          0.488235,
          0.0,
          0.0,
          0.0,
          1.0
        ],
        [
          0.922537,
          -0.177673,
          0.342574,
          -0.128976,
          0.385785,
          0.446999,
          -0.80707,
          -0.060749,
          -0.009736,
          0.876712,
          0.480917,
          0.488359,
          0.0,
          0.0,
          0.0,
          1.0
        ],
        [
          0.940771,
          -0.161694,
          0.298001,
          -0.12883,
          0.338998,
          0.434466,
          -0.834458,
          -0.06016,
          0.005456,
          0.886056,
          0.463547,
          0.489914,
          0.0,
          0.0,
          0.0,
          1.0
        ],
        [
          0.960009,
          -0.138742,
          0.243174,
          -0.128984,
          0.279302,
          0.414712,
          -0.866028,
          -0.058558,
          0.019307,
          0.899314,
          0.436878,
          0.493144,
          0.0,
          0.0,
          0.0,
          1.0
        ],
        [
          0.983449,
          -0.09525,
          0.154129,
          -0.131114,
          0.178763,
          0.371444,
          -0.911084,
          -0.05456,
          0.02953,
          0.923557,
          0.382323,
          0.499382,
          0.0,
          0.0,
          0.0,
          1.0
        ],
        [
          0.999292,
          -0.033011,
          0.018045,
          -0.135644,
          0.026851,
          0.289855,
          -0.956694,
          -0.047515,
          0.026351,
          0.956501,
          0.290536,
          0.50923,
          0.0,
          0.0,
          0.0,
          1.0
        ],
        [
          0.989155,
          0.025451,
          -0.144655,
          -0.14072,
          -0.146875,
          0.176294,
          -0.973318,
          -0.038338,
          0.00073,
          0.984009,
          0.17812,
          0.521895,
          0.0,
          0.0,
          0.0,
          1.0
        ],
        [
          0.949953,
          0.06395,
          -0.305778,
          -0.144278,
          -0.308978,
          0.047982,
          -0.949858,
          -0.028077,
          -0.046071,
          0.996799,
          0.06534,
          0.536705,
          0.0,
          0.0,
          0.0,
          1.0
        ],
        [
          0.896335,
          0.078178,
          -0.43643,
          -0.144075,
          -0.43169,
          -0.070631,
          -0.899252,
          -0.018059,
          -0.101127,
          0.994434,
          -0.02956,
          0.553084,
          0.0,
          0.0,
          0.0,
          1.0
        ],
        [
          0.854233,
          0.07545,
          -0.514386,
          -0.137811,
          -0.499493,
          -0.15531,
          -0.852282,
          -0.009889,
          -0.144194,
          0.98498,
          -0.094984,
          0.570471,
          0.0,
          0.0,
          0.0,
          1.0
        ],
        [
          0.842584,
          0.068095,
          -0.534242,
          -0.123054,
          -0.512202,
          -0.205236,
          -0.833983,
          -0.003644,
          -0.166436,
          0.976341,
          -0.138051,
          0.591065,
          0.0,
          0.0,
          0.0,
          1.0
        ],
        [
          0.85592,
          0.062242,
          -0.513349,
          -0.101036,
          -0.487058,
          -0.236451,
          -0.840753,
          0.001738,
          -0.173712,
          0.969648,
          -0.172068,
          0.615798,
          0.0,
          0.0,
          0.0,
          1.0
        ],
        [
          0.882189,
          0.057979,
          -0.467313,
          -0.074979,
          -0.439833,
          -0.253011,
          -0.861703,
          0.006303,
          -0.168196,
          0.965725,
          -0.197702,
          0.642204,
          0.0,
          0.0,
          0.0,
          1.0
        ],
        [
          0.909644,
          0.053375,
          -0.411944,
          -0.048132,
          -0.38584,
          -0.258773,
          -0.88553,
          0.010103,
          -0.153865,
          0.964462,
          -0.214798,
          0.667814,
          0.0,
          0.0,
          0.0,
          1.0
        ],
        [
          0.929908,
          0.046122,
          -0.364888,
          -0.023781,
          -0.341854,
          -0.257571,
          -0.903766,
          0.013149,
          -0.135668,
          0.965158,
          -0.22375,
          0.690146,
          0.0,
          0.0,
          0.0,
          1.0
        ],
        [
          0.937909,
          0.034434,
          -0.345169,
          -0.005225,
          -0.325933,
          -0.253085,
          -0.910887,
          0.015405,
          -0.118723,
          0.966831,
          -0.226147,
          0.706691,
          0.0,
          0.0,
          0.0,
          1.0
        ],
        [
          0.93589,
          0.016624,
          -0.351899,
          0.008997,
          -0.337576,
          -0.243363,
          -0.909295,
          0.017096,
          -0.100755,
          0.969793,
          -0.222149,
          0.717961,
          0.0,
          0.0,
          0.0,
          1.0
        ],
        [
          0.929229,
          -0.00641,
          -0.36945,
          0.022332,
          -0.361297,
          -0.225338,
          -0.904813,
          0.018446,
          -0.077451,
          0.97426,
          -0.211706,
          0.726485,
          0.0,
          0.0,
          0.0,
          1.0
        ],
        [
          0.918218,
          -0.03194,
          -0.394784,
          0.034468,
          -0.392832,
          -0.200722,
          -0.897438,
          0.019415,
          -0.050578,
          0.979127,
          -0.196853,
          0.732779,
          0.0,
          0.0,
          0.0,
          1.0
        ],
        [
          0.903485,
          -0.05731,
          -0.424771,
          0.04509,
          -0.428055,
          -0.171513,
          -0.887329,
          0.019958,
          -0.022001,
          0.983514,
          -0.179491,
          0.737361,
          0.0,
          0.0,
          0.0,
          1.0
        ],
        [
          0.886245,
          -0.08012,
          -0.456235,
          0.053881,
          -0.463175,
          -0.140105,
          -0.875123,
          0.020015,
          0.006194,
          0.98689,
          -0.161277,
          0.740758,
          0.0,
          0.0,
          0.0,
          1.0
        ],
        [
          0.868384,
          -0.09836,
          -0.48604,
          0.06052,
          -0.49488,
          -0.109277,
          -0.862063,
          0.019512,
          0.03168,
          0.989133,
          -0.143571,
          0.743508,
          0.0,
          0.0,
          0.0,
          1.0
        ],
        [
          0.852358,
          -0.110452,
          -0.511162,
          0.064676,
          -0.520374,
          -0.082076,
          -0.849985,
          0.018364,
          0.051928,
          0.990487,
          -0.127434,
          0.746161,
          0.0,
          0.0,
          0.0,
          1.0
        ],
        [
          0.840959,
          -0.115166,
          -0.528701,
          0.066011,
          -0.537268,
          -0.061657,
          -0.841155,
          0.016474,
          0.064274,
          0.991431,
          -0.113726,
          0.749268,
          0.0,
          0.0,
          0.0,
          1.0
        ],
        [
          0.835265,
          -0.111116,
          -0.538503,
          0.063054,
          -0.545788,
          -0.048764,
          -0.836503,
          0.01342,
          0.066689,
          0.99261,
          -0.101376,
          0.752266,
          0.0,
          0.0,
          0.0,
          1.0
        ],
        [
          0.833754,
          -0.099182,
          -0.543155,
          0.05541,
          -0.548817,
          -0.041153,
          -0.834929,
          0.009075,
          0.060458,
          0.994218,
          -0.088744,
          0.754381,
          0.0,
          0.0,
          0.0,
          1.0
        ],
        [
          0.83515,
          -0.081569,
          -0.54394,
          0.04436,
          -0.547937,
          -0.037352,
          -0.835685,
          0.003789,
          0.047849,
          0.995968,
          -0.075889,
          0.75585,
          0.0,
          0.0,
          0.0,
          1.0
        ],
        [
          0.838108,
          -0.060404,
          -0.542149,
          0.031184,
          -0.544612,
          -0.035849,
          -0.837922,
          -0.002083,
          0.031178,
          0.99753,
          -0.062942,
          0.756913,
          0.0,
          0.0,
          0.0,
          1.0
        ],
        [
          0.841378,
          -0.037801,
          -0.539123,
          0.01716,
          -0.540294,
          -0.035171,
          -0.840741,
          -0.008189,
          0.01282,
          0.998666,
          -0.050016,
          0.757806,
          0.0,
          0.0,
          0.0,
          1.0
        ],
        [
          0.843893,
          -0.015891,
          -0.536275,
          0.003567,
          -0.536489,
          -0.033931,
          -0.843225,
          -0.014175,
          -0.004796,
          0.999298,
          -0.037159,
          0.758772,
          0.0,
          0.0,
          0.0,
          1.0
        ],
        [
          0.844789,
          0.003186,
          -0.53509,
          -0.008318,
          -0.534755,
          -0.030834,
          -0.844444,
          -0.019691,
          -0.019189,
          0.999519,
          -0.024345,
          0.760057,
          0.0,
          0.0,
          0.0,
          1.0
        ],
        [
          0.844789,
          0.003186,
          -0.53509,
          -0.008318,
          -0.534755,
          -0.030834,
          -0.844444,
          -0.019691,
          -0.019189,
          0.999519,
          -0.024345,
          0.760057,
          0.0,
          0.0,
          0.0,
          1.0
        ],
        [
          0.844789,
          0.003186,
          -0.53509,
          -0.008318,
          -0.534755,
          -0.030834,
          -0.844444,
          -0.019691,
          -0.019189,
          0.999519,
          -0.024345,
          0.760057,
          0.0,
          0.0,
          0.0,
          1.0
        ],
        [
          0.844789,
          0.003186,
          -0.53509,
          -0.008318,
          -0.534755,
          -0.030834,
          -0.844444,
          -0.019691,
          -0.019189,
          0.999519,
          -0.024345,
          0.760057,
          0.0,
          0.0,
          0.0,
          1.0
        ],
        [
          0.844789,
          0.003186,
          -0.53509,
          -0.008318,
          -0.534755,
          -0.030834,
          -0.844444,
          -0.019691,
          -0.019189,
          0.999519,
          -0.024345,
          0.760057,
          0.0,
          0.0,
          0.0,
          1.0
        ]
      ]
    },
    {
      "name": "Thigh_R",
      "time": [
        0.0,
        0.0333,
        0.0667,
        0.1,
        0.1333,
        0.1667,
        0.2,
        0.2333,
        0.2667,
        0.3,
        0.3333,
        0.3667,
        0.4,
        0.4333,
        0.4667,
        0.5,
        0.5333,
        0.5667,
        0.6,
        0.6333,
        0.6667,
        0.7,
        0.7333,
        0.7667,
        0.8,
        0.8333,
        0.8667,
        0.9,
        0.9333,
        0.9667,
        1.0,
        1.0333,
        1.0667,
        1.1,
        1.1333,
        1.1667,
        1.2,
        1.2333,
        1.2667,
        1.3,
        1.3333,
        1.3667,
        1.4,
        1.4333,
        1.4667,
        1.5,
        1.5333,
        1.5667,
        1.6,
        1.6333,
        1.6667,
        1.7,
        1.7333,
        1.7667,
        1.8,
        1.8333
      ],
      "transform": [
        [
          0.90126,
          0.267927,
          0.340507,
          0.124994,
          0.245236,
          -0.963328,
          0.108897,
          -0.002831,
          0.357196,
          -0.01464,
          -0.933914,
          -1.2e-05,
          0.0,
          0.0,
          0.0,
          1.0
        ],
        [
          0.90126,
          0.267927,
          0.340507,
          0.124994,
          0.245236,
          -0.963328,
          0.108897,
          -0.002831,
          0.357196,
          -0.01464,
          -0.933914,
          -1.2e-05,
          0.0,
          0.0,
          0.0,
          1.0
        ],
        [
          0.921668,
          0.326165,
          0.210106,
          0.124994,
          0.239253,
          -0.904119,
          0.354015,
          -0.002831,
          0.305428,
          -0.276015,
          -0.911334,
          -1.2e-05,
          0.0,
          0.0,
          0.0,
          1.0
        ],
        [
          0.941995,
          0.324837,
          0.084423,
          0.124994,
          0.228819,
          -0.805588,
          0.546507,
          -0.002831,
          0.245536,
          -0.495489,
          -0.833188,
          -1.2e-05,
          0.0,
          0.0,
          0.0,
          1.0
        ],
        [
          0.963338,
          0.268285,
          -0.001813,
          0.124994,
          0.195939,
          -0.698916,
          0.68784,
          -0.002831,
          0.18327,
          -0.662977,
          -0.72586,
          -1.2e-05,
          0.0,
          0.0,
          0.0,
          1.0
        ],
        [
          0.970736,
          0.232742,
          -0.059187,
          0.124994,
          0.200123,
          -0.64775,
          0.735099,
          -0.002831,
          0.13275,
          -0.725431,
          -0.675371,
          -1.2e-05,
          0.0,
          0.0,
          0.0,
          1.0
        ],
        [
          0.945881,
          0.300134,
          -0.1234,
          0.124994,
          0.297122,
          -0.648082,
          0.701219,
          -0.002831,
          0.130487,
          -0.699935,
          -0.702185,
          -1.2e-05,
          0.0,
          0.0,
          0.0,
          1.0
        ],
        [
          0.889983,
          0.424155,
          -0.167397,
          0.124994,
          0.437448,
          -0.690551,
          0.576002,
          -0.002831,
          0.128718,
          -0.585859,
          -0.800125,
          -1.2e-05,
          0.0,
          0.0,
          0.0,
          1.0
        ],
        [
          0.842452,
          0.526329,
          -0.115116,
          0.124994,
          0.531811,
          -0.778132,
          0.334195,
          -0.002831,
          0.086321,
          -0.342763,
          -0.935447,
          -1.2e-05,
          0.0,
          0.0,
          0.0,
          1.0
        ],
        [
          0.843402,
          0.53719,
          -0.010017,
          0.124994,
          0.534975,
          -0.837907,
          0.108227,
          -0.002831,
          0.049745,
          -0.096637,
          -0.994076,
          -1.2e-05,
          0.0,
          0.0,
          0.0,
          1.0
        ],
        [
          0.877537,
          0.462137,
          0.1279,
          0.124994,
          0.475043,
          -0.874187,
          -0.100652,
          -0.002831,
          0.065294,
          0.149084,
          -0.986666,
          -1.2e-05,
          0.0,
          0.0,
          0.0,
          1.0
        ],
        [
          0.920438,
          0.280415,
          0.272324,
          0.124994,
          0.363225,
          -0.870998,
          -0.330801,
          -0.002831,
          0.144432,
          0.403397,
          -0.903554,
          -1.2e-05,
          0.0,
          0.0,
          0.0,
          1.0
        ],
        [
          0.925694,
          -0.102024,
          0.364255,
          0.124994,
          0.131584,
          -0.815956,
          -0.56294,
          -0.002831,
          0.35465,
          0.56904,
          -0.741901,
          -1.2e-05,
          0.0,
          0.0,
          0.0,
          1.0
        ],
        [
          0.898602,
          -0.144828,
          0.414172,
          0.124994,
          0.052465,
          -0.901712,
          -0.429142,
          -0.002831,
          0.435616,
          0.407357,
          -0.802682,
          -1.2e-05,
          0.0,
          0.0,
          0.0,
          1.0
        ],
        [
          0.895043,
          -0.112591,
          0.431533,
          0.124994,
          0.01909,
          -0.957049,
          -0.289297,
          -0.002831,
          0.44557,
          0.267171,
          -0.854451,
          -1.2e-05,
          0.0,
          0.0,
          0.0,
          1.0
        ],
        [
          0.903027,
          -0.104181,
          0.416759,
          0.124994,
          0.006278,
          -0.966843,
          -0.255294,
          -0.002831,
          0.429537,
          0.233154,
          -0.872432,
          -1.2e-05,
          0.0,
          0.0,
          0.0,
          1.0
        ],
        [
          0.91096,
          -0.099588,
          0.400292,
          0.124994,
          -0.007551,
          -0.974281,
          -0.225207,
          -0.002831,
          0.412425,
          0.202132,
          -0.888284,
          -1.2e-05,
          0.0,
          0.0,
          0.0,
          1.0
        ],
        [
          0.919046,
          -0.097301,
          0.381952,
          0.124994,
          -0.020984,
          -0.979755,
          -0.199096,
          -0.002831,
          0.393591,
          0.174964,
          -0.902482,
          -1.2e-05,
          0.0,
          0.0,
          0.0,
          1.0
        ],
        [
          0.927441,
          -0.095813,
          0.361488,
          0.124994,
          -0.032611,
          -0.983661,
          -0.177053,
          -0.002831,
          0.372545,
          0.152418,
          -0.915412,
          -1.2e-05,
          0.0,
          0.0,
          0.0,
          1.0
        ],
        [
          0.936252,
          -0.093588,
          0.338635,
          0.124994,
          -0.04102,
          -0.986394,
          -0.159199,
          -0.002831,
          0.348926,
          0.13516,
          -0.927352,
          -1.2e-05,
          0.0,
          0.0,
          0.0,
          1.0
        ],
        [
          0.94553,
          -0.089047,
          0.31312,
          0.124994,
          -0.044811,
          -0.988307,
          -0.145744,
          -0.002831,
          0.322437,
          0.123774,
          -0.938464,
          -1.2e-05,
          0.0,
          0.0,
          0.0,
          1.0
        ],
        [
          0.95524,
          -0.080502,
          0.284668,
          0.124994,
          -0.042601,
          -0.989666,
          -0.136919,
          -0.002831,
          0.292748,
          0.118664,
          -0.948798,
          -1.2e-05,
          0.0,
          0.0,
          0.0,
          1.0
        ],
        [
          0.965213,
          -0.066152,
          0.252958,
          0.124994,
          -0.03304,
          -0.990568,
          -0.132979,
          -0.002831,
          0.259369,
          0.119995,
          -0.958295,
          -1.2e-05,
          0.0,
          0.0,
          0.0,
          1.0
        ],
        [
          0.975051,
          -0.044063,
          0.217565,
          0.124994,
          -0.014843,
          -0.990849,
          -0.134153,
          -0.002831,
          0.221485,
          0.127577,
          -0.966783,
          -1.2e-05,
          0.0,
          0.0,
          0.0,
          1.0
        ],
        [
          0.983978,
          -0.012191,
          0.177874,
          0.124994,
          0.013137,
          -0.98999,
          -0.140526,
          -0.002831,
          0.177807,
          0.140611,
          -0.973968,
          -1.2e-05,
          0.0,
          0.0,
          0.0,
          1.0
        ],
        [
          0.985414,
          0.055279,
          0.160944,
          0.124994,
          0.083818,
          -0.980754,
          -0.176336,
          -0.002831,
          0.148099,
          0.187254,
          -0.971083,
          -1.2e-05,
          0.0,
          0.0,
          0.0,
          1.0
        ],
        [
          0.976778,
          0.168083,
          0.132862,
          0.124994,
          0.195173,
          -0.953862,
          -0.228153,
          -0.002831,
          0.088383,
          0.248786,
          -0.964518,
          -1.2e-05,
          0.0,
          0.0,
          0.0,
          1.0
        ],
        [
          0.946515,
          0.305985,
          0.102387,
          0.124994,
          0.322583,
          -0.904335,
          -0.279495,
          -0.002831,
          0.007071,
          0.297574,
          -0.954672,
          -1.2e-05,
          0.0,
          0.0,
          0.0,
          1.0
        ],
        [
          0.894485,
          0.440879,
          0.074313,
          0.124994,
          0.440193,
          -0.839322,
          -0.319013,
          -0.002831,
          -0.078273,
          0.318064,
          -0.944833,
          -1.2e-05,
          0.0,
          0.0,
          0.0,
          1.0
        ],
        [
          0.8371,
          0.544495,
          0.052808,
          0.124994,
          0.527433,
          -0.777692,
          -0.342066,
          -0.002831,
          -0.145185,
          0.314196,
          -0.938191,
          -1.2e-05,
          0.0,
          0.0,
          0.0,
          1.0
        ],
        [
          0.802035,
          0.595628,
          0.044351,
          0.124994,
          0.57112,
          -0.74306,
          -0.348832,
          -0.002831,
          -0.174818,
          0.305105,
          -0.936135,
          -1.2e-05,
          0.0,
          0.0,
          0.0,
          1.0
        ],
        [
          0.782746,
          0.620017,
          0.05373,
          0.124994,
          0.614184,
          -0.75567,
          -0.227464,
          -0.002831,
          -0.100429,
          0.211047,
          -0.972303,
          -1.2e-05,
          0.0,
          0.0,
          0.0,
          1.0
        ],
        [
          0.789374,
          0.609283,
          0.075246,
          0.124994,
          0.613839,
          -0.785221,
          -0.081416,
          -0.002831,
          0.009479,
          0.110457,
          -0.993836,
          -1.2e-05,
          0.0,
          0.0,
          0.0,
          1.0
        ],
        [
          0.807949,
          0.578705,
          0.110993,
          0.124994,
          0.575275,
          -0.815447,
          0.064065,
          -0.002831,
          0.127584,
          0.01209,
          -0.991754,
          -1.2e-05,
          0.0,
          0.0,
          0.0,
          1.0
        ],
        [
          0.825365,
          0.541489,
          0.15988,
          0.124994,
          0.517321,
          -0.83873,
          0.170033,
          -0.002831,
          0.226167,
          -0.05763,
          -0.972382,
          -1.2e-05,
          0.0,
          0.0,
          0.0,
          1.0
        ],
        [
          0.843363,
          0.486232,
          0.228728,
          0.124994,
          0.470408,
          -0.873821,
          0.123097,
          -0.002831,
          0.259721,
          0.00378,
          -0.965676,
          -1.2e-05,
          0.0,
          0.0,
          0.0,
          1.0
        ],
        [
          0.859647,
          0.428477,
          0.278233,
          0.124994,
          0.434957,
          -0.899501,
          0.041355,
          -0.002831,
          0.267991,
          0.085469,
          -0.959623,
          -1.2e-05,
          0.0,
          0.0,
          0.0,
          1.0
        ],
        [
          0.871179,
          0.38614,
          0.303222,
          0.124994,
          0.405672,
          -0.914017,
          -0.001566,
          -0.002831,
          0.276546,
          0.124373,
          -0.952919,
          -1.2e-05,
          0.0,
          0.0,
          0.0,
          1.0
        ],
        [
          0.882184,
          0.342099,
          0.323603,
          0.124994,
          0.372006,
          -0.927626,
          -0.033492,
          -0.002831,
          0.288725,
          0.149928,
          -0.9456,
          -1.2e-05,
          0.0,
          0.0,
          0.0,
          1.0
        ],
        [
          0.89169,
          0.2981,
          0.340625,
          0.124994,
          0.336048,
          -0.940121,
          -0.056955,
          -0.002831,
          0.303251,
          0.165253,
          -0.938472,
          -1.2e-05,
          0.0,
          0.0,
          0.0,
          1.0
        ],
        [
          0.899107,
          0.255657,
          0.355311,
          0.124994,
          0.299784,
          -0.951114,
          -0.07424,
          -0.002831,
          0.318961,
          0.173266,
          -0.931795,
          -1.2e-05,
          0.0,
          0.0,
          0.0,
          1.0
        ],
        [
          0.905408,
          0.215843,
          0.36558,
          0.124994,
          0.26437,
          -0.960426,
          -0.087698,
          -0.002831,
          0.332183,
          0.176051,
          -0.926639,
          -1.2e-05,
          0.0,
          0.0,
          0.0,
          1.0
        ],
        [
          0.910008,
          0.180607,
          0.373185,
          0.124994,
          0.232397,
          -0.96763,
          -0.098401,
          -0.002831,
          0.343334,
          0.176273,
          -0.922524,
          -1.2e-05,
          0.0,
          0.0,
          0.0,
          1.0
        ],
        [
          0.913108,
          0.15165,
          0.378464,
          0.124994,
          0.206157,
          -0.972576,
          -0.107678,
          -0.002831,
          0.351756,
          0.176345,
          -0.919332,
          -1.2e-05,
          0.0,
          0.0,
          0.0,
          1.0
        ],
        [
          0.915004,
          0.13054,
          0.381743,
          0.124994,
          0.188097,
          -0.975108,
          -0.117406,
          -0.002831,
          0.356915,
          0.179231,
          -0.916781,
          -1.2e-05,
          0.0,
          0.0,
          0.0,
          1.0
        ],
        [
          0.915629,
          0.123295,
          0.38265,
          0.124994,
          0.180408,
          -0.976606,
          -0.117015,
          -0.002831,
          0.359272,
          0.176176,
          -0.916453,
          -1.2e-05,
          0.0,
          0.0,
          0.0,
          1.0
        ],
        [
          0.914758,
          0.133191,
          0.381415,
          0.124994,
          0.182097,
          -0.978683,
          -0.094968,
          -0.002831,
          0.360635,
          0.156327,
          -0.919513,
          -1.2e-05,
          0.0,
          0.0,
          0.0,
          1.0
        ],
        [
          0.912336,
          0.155795,
          0.378643,
          0.124994,
          0.190948,
          -0.97995,
          -0.056881,
          -0.002831,
          0.36219,
          0.124195,
          -0.923793,
          -1.2e-05,
          0.0,
          0.0,
          0.0,
          1.0
        ],
        [
          0.91015,
          0.18527,
          0.370542,
          0.124994,
          0.203929,
          -0.978919,
          -0.011446,
          -0.002831,
          0.36061,
          0.085981,
          -0.928745,
          -1.2e-05,
          0.0,
          0.0,
          0.0,
          1.0
        ],
        [
          0.907198,
          0.216708,
          0.360596,
          0.124994,
          0.219185,
          -0.975071,
          0.034558,
          -0.002831,
          0.359096,
          0.047686,
          -0.932082,
          -1.2e-05,
          0.0,
          0.0,
          0.0,
          1.0
        ],
        [
          0.903963,
          0.245632,
          0.350021,
          0.124994,
          0.233956,
          -0.969273,
          0.075988,
          -0.002831,
          0.357931,
          0.013199,
          -0.933655,
          -1.2e-05,
          0.0,
          0.0,
          0.0,
          1.0
        ],
        [
          0.901261,
          0.267933,
          0.340501,
          0.124994,
          0.245236,
          -0.963326,
          0.108913,
          -0.002831,
          0.357195,
          -0.014656,
          -0.933915,
          -1.2e-05,
          0.0,
          0.0,
          0.0,
          1.0
        ],
        [
          0.901261,
          0.267933,
          0.340501,
          0.124994,
          0.245236,
          -0.963326,
          0.108913,
          -0.002831,
          0.357195,
          -0.014656,
          -0.933915,
          -1.2e-05,
          0.0,
          0.0,
          0.0,
          1.0
        ],
        [
          0.901261,
          0.267933,
          0.340501,
          0.124994,
          0.245236,
          -0.963326,
          0.108913,
          -0.002831,
          0.357195,
          -0.014656,
          -0.933915,
          -1.2e-05,
          0.0,
          0.0,
          0.0,
          1.0
        ],
        [
          0.901261,
          0.267933,
          0.340501,
          0.124994,
          0.245236,
          -0.963326,
          0.108913,
          -0.002831,
          0.357195,
          -0.014656,
          -0.933915,
          -1.2e-05,
          0.0,
          0.0,
          0.0,
          1.0
        ],
        [
          0.901261,
          0.267933,
          0.340501,
          0.124994,
          0.245236,
          -0.963326,
          0.108913,
          -0.002831,
          0.357195,
          -0.014656,
          -0.933915,
          -1.2e-05,
          0.0,
          0.0,
          0.0,
          1.0
        ]
      ]
    },
    {
      "name": "Leg_R",
      "time": [
        0.0,
        0.0333,
        0.0667,
        0.1,
        0.1333,
        0.1667,
        0.2,
        0.2333,
        0.2667,
        0.3,
        0.3333,
        0.3667,
        0.4,
        0.4333,
        0.4667,
        0.5,
        0.5333,
        0.5667,
        0.6,
        0.6333,
        0.6667,
        0.7,
        0.7333,
        0.7667,
        0.8,
        0.8333,
        0.8667,
        0.9,
        0.9333,
        0.9667,
        1.0,
        1.0333,
        1.0667,
        1.1,
        1.1333,
        1.1667,
        1.2,
        1.2333,
        1.2667,
        1.3,
        1.3333,
        1.3667,
        1.4,
        1.4333,
        1.4667,
        1.5,
        1.5333,
        1.5667,
        1.6,
        1.6333,
        1.6667,
        1.7,
        1.7333,
        1.7667,
        1.8,
        1.8333
      ],
      "transform": [
        [
          0.999875,
          -0.001225,
          0.015747,
          -0.0,
          -0.001255,
          0.987673,
          0.156529,
          0.37472,
          -0.015744,
          -0.156529,
          0.987548,
          0.0,
          0.0,
          0.0,
          0.0,
          1.0
        ],
        [
          0.999875,
          -0.001225,
          0.015747,
          -0.0,
          -0.001255,
          0.987673,
          0.156529,
          0.37472,
          -0.015744,
          -0.156529,
          0.987548,
          0.0,
          0.0,
          0.0,
          0.0,
          1.0
        ],
        [
          0.998203,
          -0.017807,
          0.057211,
          0.0,
          -0.017917,
          0.822427,
          0.568589,
          0.37472,
          -0.057177,
          -0.568592,
          0.82063,
          0.0,
          0.0,
          0.0,
