{
    "animation": [
        {
            "name": "Root",
            "time": [0.0, 2.6667, 8.0],
            "transform": [
                [0.854689, 0.0, -0.51914, -5e-06, -0.517901, -0.06904, -0.85265, 0.000946, -0.035841, 0.997614, -0.059007, 0.755725, 0.0, 0.0, 0.0, 1.0],
                [0.854689, 0.0, -0.51914, -5e-06, -0.517901, -0.06904, -0.85265, 0.000946, -0.035841, 0.997614, -0.059007, 0.755725, 0.0, 0.0, 0.0, 1.0],
                [0.854689, 0.0, -0.51914, -5e-06, -0.517901, -0.06904, -0.85265, 0.000946, -0.035841, 0.997614, -0.059007, 0.755725, 0.0, 0.0, 0.0, 1.0]
            ]
        },
        {
            "name": "Thigh_R",
            "time": [0.0, 2.6667, 8.0],
            "transform": [
                [0.987449, 0.137209, -0.078216, 0.124994, 0.142057, -0.988025, 0.060184, -0.002831, -0.069022, -0.07054, -0.995118, -1.2e-05, 0.0, 0.0, 0.0, 1.0],
                [0.987449, 0.137209, -0.078216, 0.124994, 0.142057, -0.988025, 0.060184, -0.002831, -0.069022, -0.07054, -0.995118, -1.2e-05, 0.0, 0.0, 0.0, 1.0],
                [0.987449, 0.137209, -0.078216, 0.124994, 0.142057, -0.988025, 0.060184, -0.002831, -0.069022, -0.07054, -0.995118, -1.2e-05, 0.0, 0.0, 0.0, 1.0]
            ]
        },
        {
            "name": "Leg_R",
            "time": [0.0, 2.6667, 8.0],
            "transform": [
                [0.998329, -0.057357, 0.00704, -0.0, 0.055598, 0.986565, 0.153624, 0.37472, -0.015757, -0.152976, 0.988104, -0.0, 0.0, 0.0, 0.0, 1.0],
                [0.998329, -0.057357, 0.00704, -0.0, 0.055598, 0.986565, 0.153624, 0.37472, -0.015757, -0.152976, 0.988104, -0.0, 0.0, 0.0, 0.0, 1.0],
                [0.998329, -0.057357, 0.00704, -0.0, 0.055598, 0.986565, 0.153624, 0.37472, -0.015757, -0.152976, 0.988104, -0.0, 0.0, 0.0, 0.0, 1.0]
            ]
        },
        {
            "name": "Knee_R",
            "time": [0.0, 2.6667, 8.0],
            "transform": [
                [1.0, 0.0, -0.0, -0.0, -0.0, 1e-06, -1.0, 0.37472, -0.0, 1.0, 1e-06, -0.0, 0.0, 0.0, 0.0, 1.0],
                [1.0, 0.0, -0.0, -0.0, -0.0, 1e-06, -1.0, 0.37472, -0.0, 1.0, 1e-06, -0.0, 0.0, 0.0, 0.0, 1.0],
                [1.0, 0.0, -0.0, -0.0, -0.0, 1e-06, -1.0, 0.37472, -0.0, 1.0, 1e-06, -0.0, 0.0, 0.0, 0.0, 1.0]
            ]
        },
        {
            "name": "Thigh_L",
            "time": [0.0, 2.6667, 8.0],
            "transform": [
                [0.848965, -0.13658, -0.510494, -0.125006, -0.224431, -0.967761, -0.114316, -0.002831, -0.478423, 0.211622, -0.852248, -1.2e-05, 0.0, 0.0, 0.0, 1.0],
                [0.848965, -0.13658, -0.510494, -0.125006, -0.224431, -0.967761, -0.114316, -0.002831, -0.478423, 0.211622, -0.852248, -1.2e-05, 0.0, 0.0, 0.0, 1.0],
                [0.848965, -0.13658, -0.510494, -0.125006, -0.224431, -0.967761, -0.114316, -0.002831, -0.478423, 0.211622, -0.852248, -1.2e-05, 0.0, 0.0, 0.0, 1.0]
            ]
        },
        {
            "name": "Leg_L",
            "time": [0.0, 2.6667, 8.0],
            "transform": [
                [0.998918, 0.002158, -0.046452, 0.0, -0.003396, 0.99964, -0.026591, 0.37472, 0.046378, 0.02672, 0.998567, -0.0, 0.0, 0.0, 0.0, 1.0],
                [0.998918, 0.002158, -0.046452, 0.0, -0.003396, 0.99964, -0.026591, 0.37472, 0.046378, 0.02672, 0.998567, -0.0, 0.0, 0.0, 0.0, 1.0],
                [0.998918, 0.002158, -0.046452, 0.0, -0.003396, 0.99964, -0.026591, 0.37472, 0.046378, 0.02672, 0.998567, -0.0, 0.0, 0.0, 0.0, 1.0]
            ]
        },
        {
            "name": "Knee_L",
            "time": [0.0, 2.6667, 8.0],
            "transform": [
                [1.0, 0.0, -0.0, 0.0, -0.0, 1e-06, -1.0, 0.37472, -0.0, 1.0, 1e-06, -0.0, 0.0, 0.0, 0.0, 1.0],
                [1.0, 0.0, -0.0, 0.0, -0.0, 1e-06, -1.0, 0.37472, -0.0, 1.0, 1e-06, -0.0, 0.0, 0.0, 0.0, 1.0],
                [1.0, 0.0, -0.0, 0.0, -0.0, 1e-06, -1.0, 0.37472, -0.0, 1.0, 1e-06, -0.0, 0.0, 0.0, 0.0, 1.0]
            ]
        },
        {
            "name": "Torso",
            "time": [0.0, 2.6667, 8.0],
            "transform": [
                [0.999864, 0.016493, -0.000648, -0.0, -0.016506, 0.998946, -0.042842, 0.05, -6e-05, 0.042847, 0.999082, 0.0, 0.0, 0.0, 0.0, 1.0],
                [0.999864, 0.016493, -0.000648, -0.0, -0.016506, 0.998946, -0.042842, 0.05, -6e-05, 0.042847, 0.999082, 0.0, 0.0, 0.0, 0.0, 1.0],
                [0.999864, 0.016493, -0.000648, -0.0, -0.016506, 0.998946, -0.042842, 0.05, -6e-05, 0.042847, 0.999082, 0.0, 0.0, 0.0, 0.0, 1.0]
            ]
        },
        {
            "name": "Chest",
            "time": [0.0, 2.6667, 8.0],
            "transform": [
                [0.913961, -0.033187, 0.404443, -0.0, 0.030831, 0.999448, 0.01234, 0.3, -0.404629, 0.001191, 0.91448, -0.0, 0.0, 0.0, 0.0, 1.0],
                [0.913961, -0.033187, 0.404443, -0.0, 0.030831, 0.999448, 0.01234, 0.3, -0.404629, 0.001191, 0.91448, -0.0, 0.0, 0.0, 0.0, 1.0],
                [0.913961, -0.033187, 0.404443, -0.0, 0.030831, 0.999448, 0.01234, 0.3, -0.404629, 0.001191, 0.91448, -0.0, 0.0, 0.0, 0.0, 1.0]
            ]
        },
        {
            "name": "Head",
            "time": [0.0, 2.6667, 8.0],
            "transform": [
                [0.988674, 0.006566, 0.149934, 0.0, -0.029926, 0.987604, 0.154083, 0.4, -0.147063, -0.156825, 0.976616, 0.0, 0.0, 0.0, 0.0, 1.0],
                [0.988674, 0.006566, 0.149934, 0.0, -0.029926, 0.987604, 0.154083, 0.4, -0.147063, -0.156825, 0.976616, 0.0, 0.0, 0.0, 0.0, 1.0],
                [0.988674, 0.006566, 0.149934, 0.0, -0.029926, 0.987604, 0.154083, 0.4, -0.147063, -0.156825, 0.976616, 0.0, 0.0, 0.0, 0.0, 1.0]
            ]
        },
        {
            "name": "Shoulder_R",
            "time": [0.0, 2.6667, 8.0],
            "transform": [
                [-0.231826, 0.900538, 0.367815, 0.0, -0.035997, -0.385799, 0.92188, 0.4, 0.972091, 0.200476, 0.121855, 0.0, 0.0, 0.0, 0.0, 1.0],
                [-0.231826, 0.900538, 0.367815, 0.0, -0.035997, -0.385799, 0.92188, 0.4, 0.972091, 0.200476, 0.121855, 0.0, 0.0, 0.0, 0.0, 1.0],
                [-0.231826, 0.900538, 0.367815, 0.0, -0.035997, -0.385799, 0.92188, 0.4, 0.972091, 0.200476, 0.121855, 0.0, 0.0, 0.0, 0.0, 1.0]
            ]
        },
        {
            "name": "Arm_R",
            "time": [0.0, 1.2667, 2.6667, 8.0],
            "transform": [
                [-0.018334, -0.869183, -0.494151, 0.0, 0.767376, 0.304593, -0.564231, 0.39386, 0.640935, -0.389545, 0.661406, 0.0, 0.0, 0.0, 0.0, 1.0],
                [-0.081052, -0.779009, -0.621753, 0.0, 0.727905, 0.379869, -0.570836, 0.39386, 0.680871, -0.498844, 0.536255, 0.0, 0.0, 0.0, 0.0, 1.0],
                [-0.018334, -0.869183, -0.494151, 0.0, 0.767376, 0.304593, -0.564231, 0.39386, 0.640935, -0.389545, 0.661406, 0.0, 0.0, 0.0, 0.0, 1.0],
                [-0.018334, -0.869183, -0.494151, 0.0, 0.767376, 0.304593, -0.564231, 0.39386, 0.640935, -0.389545, 0.661406, 0.0, 0.0, 0.0, 0.0, 1.0]
            ]
        },
        {
            "name": "Hand_R",
            "time": [0.0, 1.2667, 2.6667, 8.0],
            "transform": [
                [0.984203, 0.158542, 0.078792, -0.0, 0.082122, -0.01455, -0.996516, 0.3, -0.156843, 0.987245, -0.02734, 0.0, 0.0, 0.0, 0.0, 1.0],
                [0.978223, 0.196677, 0.066314, -0.0, 0.085684, -0.091664, -0.992097, 0.3, -0.189044, 0.976174, -0.10652, -0.0, 0.0, 0.0, 0.0, 1.0],
                [0.984203, 0.158542, 0.078792, -0.0, 0.082122, -0.01455, -0.996516, 0.3, -0.156843, 0.987245, -0.02734, 0.0, 0.0, 0.0, 0.0, 1.0],
                [0.984203, 0.158542, 0.078792, -0.0, 0.082122, -0.01455, -0.996516, 0.3, -0.156843, 0.987245, -0.02734, 0.0, 0.0, 0.0, 0.0, 1.0]
            ]
        },
        {
            "name": "Tool_R",
            "time": [0.0, 2.6667, 8.0],
            "transform": [
                [0.981575, -0.174559, -0.07772, 0.0, -0.17905, -0.982295, -0.055107, 0.272858, -0.066687, 0.067956, -0.994862, 0.0, 0.0, 0.0, 0.0, 1.0],
                [0.981575, -0.174559, -0.07772, 0.0, -0.17905, -0.982295, -0.055107, 0.272858, -0.066687, 0.067956, -0.994862, 0.0, 0.0, 0.0, 0.0, 1.0],
                [0.981575, -0.174559, -0.07772, 0.0, -0.17905, -0.982295, -0.055107, 0.272858, -0.066687, 0.067956, -0.994862, 0.0, 0.0, 0.0, 0.0, 1.0]
            ]
        },
        {
            "name": "Elbow_R",
            "time": [0.0, 2.6667, 8.0],
            "transform": [
                [-1.0, 0.0, 0.0, -0.0, -0.0, -0.0, -1.0, 0.3, -0.0, -1.0, 0.0, 0.0, 0.0, 0.0, 0.0, 1.0],
                [-1.0, 0.0, 0.0, -0.0, -0.0, -0.0, -1.0, 0.3, -0.0, -1.0, 0.0, 0.0, 0.0, 0.0, 0.0, 1.0],
                [-1.0, 0.0, 0.0, -0.0, -0.0, -0.0, -1.0, 0.3, -0.0, -1.0, 0.0, 0.0, 0.0, 0.0, 0.0, 1.0]
            ]
        },
        {
            "name": "Shoulder_L",
            "time": [0.0, 2.6667, 8.0],
            "transform": [
                [0.0906, -0.918964, -0.383793, 0.0, 0.015758, -0.384007, 0.923196, 0.4, -0.995763, -0.089689, -0.02031, 0.0, 0.0, 0.0, 0.0, 1.0],
                [0.0906, -0.918964, -0.383793, 0.0, 0.015758, -0.384007, 0.923196, 0.4, -0.995763, -0.089689, -0.02031, 0.0, 0.0, 0.0, 0.0, 1.0],
                [0.0906, -0.918964, -0.383793, 0.0, 0.015758, -0.384007, 0.923196, 0.4, -0.995763, -0.089689, -0.02031, 0.0, 0.0, 0.0, 0.0, 1.0]
            ]
        },
        {
            "name": "Arm_L",
            "time": [0.0, 1.2667, 2.6667, 8.0],
            "transform": [
                [0.123739, -0.407359, 0.904846, -0.0, -0.768464, 0.537572, 0.347102, 0.39386, -0.627815, -0.738292, -0.246522, -0.0, 0.0, 0.0, 0.0, 1.0],
                [0.191185, -0.159195, 0.968558, -0.0, -0.748538, 0.614653, 0.248781, 0.39386, -0.634932, -0.772566, -0.001651, -0.0, 0.0, 0.0, 0.0, 1.0],
                [0.123739, -0.407359, 0.904846, -0.0, -0.768464, 0.537572, 0.347102, 0.39386, -0.627815, -0.738292, -0.246522, -0.0, 0.0, 0.0, 0.0, 1.0],
                [0.123739, -0.407359, 0.904846, -0.0, -0.768464, 0.537572, 0.347102, 0.39386, -0.627815, -0.738292, -0.246522, -0.0, 0.0, 0.0, 0.0, 1.0]
            ]
        },
        {
            "name": "Hand_L",
            "time": [0.0, 1.2667, 2.6667, 8.0],
            "transform": [
                [0.995005, -0.026471, -0.096254, 0.0, -0.037185, 0.796531, -0.603453, 0.3, 0.092643, 0.604018, 0.791568, 0.0, 0.0, 0.0, 0.0, 1.0],
                [0.999856, 0.016906, 0.001423, 0.0, -0.016032, 0.968936, -0.246793, 0.3, -0.005551, 0.246735, 0.969067, -0.0, 0.0, 0.0, 0.0, 1.0],
                [0.995005, -0.026471, -0.096254, 0.0, -0.037185, 0.796531, -0.603453, 0.3, 0.092643, 0.604018, 0.791568, 0.0, 0.0, 0.0, 0.0, 1.0],
                [0.995005, -0.026471, -0.096254, 0.0, -0.037185, 0.796531, -0.603453, 0.3, 0.092643, 0.604018, 0.791568, 0.0, 0.0, 0.0, 0.0, 1.0]
            ]
        },
        {
            "name": "Tool_L",
            "time": [0.0, 2.6667, 8.0],
            "transform": [
                [0.911759, 0.235632, -0.336412, -0.0, 0.10091, -0.922475, -0.372636, 0.272858, -0.397901, 0.305617, -0.864348, -0.0, 0.0, 0.0, 0.0, 1.0],
                [0.911759, 0.235632, -0.336412, -0.0, 0.10091, -0.922475, -0.372636, 0.272858, -0.397901, 0.305617, -0.864348, -0.0, 0.0, 0.0, 0.0, 1.0],
                [0.911759, 0.235632, -0.336412, -0.0, 0.10091, -0.922475, -0.372636, 0.272858, -0.397901, 0.305617, -0.864348, -0.0, 0.0, 0.0, 0.0, 1.0]
            ]
        },
        {
            "name": "Elbow_L",
            "time": [0.0, 2.6667, 8.0],
            "transform": [
                [-1.0, 0.0, -0.0, -0.008123, 0.0, -0.0, -1.0, 0.463316, -0.0, -1.0, -0.0, -9.4e-05, 0.0, 0.0, 0.0, 1.0],
                [-1.0, 0.0, -0.0, -0.008123, 0.0, -0.0, -1.0, 0.463316, -0.0, -1.0, -0.0, -9.4e-05, 0.0, 0.0, 0.0, 1.0],
                [-1.0, 0.0, -0.0, -0.008123, 0.0, -0.0, -1.0, 0.463316, -0.0, -1.0, -0.0, -9.4e-05, 0.0, 0.0, 0.0, 1.0]
            ]
        }
    ]
}