{
  "constructor": {
    "invocation_command": "(0.15#F,true#Z,epicfight:biped/hold_maul#java.lang.String,epicfight:entity/biped#yesman.epicfight.api.model.Armature)#yesman.epicfight.api.animation.types.StaticAnimation"
  },
  "animation": [
    {
      "name": "Root",
      "time": [
        0.0,
        1.0
      ],
      "transform": [
        [
          1.0,
          0.0,
          0.0,
          0.000296,
          0.0,
          0.0,
          -1.0,
          0.002737,
          0.0,
          1.0,
          0.0,
          0.731717,
          0.0,
          0.0,
          0.0,
          1.0
        ],
        [
          1.0,
          0.0,
          0.0,
          0.000296,
          0.0,
          0.0,
          -1.0,
          0.002737,
          0.0,
          1.0,
          0.0,
          0.731717,
          0.0,
          0.0,
          0.0,
          1.0
        ]
      ]
    },
    {
      "name": "Thigh_R",
      "time": [
        0.0,
        1.0
      ],
      "transform": [
        [
          0.961964,
          0.242167,
          0.126412,
          0.124994,
          0.251545,
          -0.965716,
          -0.064169,
          -0.002831,
          0.106539,
          0.093527,
          -0.9899,
          -1.2e-05,
          0.0,
          0.0,
          0.0,
          1.0
        ],
        [
          0.961964,
          0.242167,
          0.126412,
          0.124994,
          0.251545,
          -0.965716,
          -0.064169,
          -0.002831,
          0.106539,
          0.093527,
          -0.9899,
          -1.2e-05,
          0.0,
          0.0,
          0.0,
          1.0
        ]
      ]
    },
    {
      "name": "Leg_R",
      "time": [
        0.0,
        1.0
      ],
      "transform": [
        [
          1.0,
          3e-06,
          1e-06,
          0.0,
          -3e-06,
          0.99211,
          0.125373,
          0.374726,
          -1e-06,
          -0.125373,
          0.99211,
          -0.0,
          0.0,
          0.0,
          0.0,
          1.0
        ],
        [
          1.0,
          3e-06,
          1e-06,
          0.0,
          -3e-06,
          0.99211,
          0.125373,
          0.374726,
          -1e-06,
          -0.125373,
          0.99211,
          -0.0,
          0.0,
          0.0,
          0.0,
          1.0
        ]
      ]
    },
    {
      "name": "Knee_R",
      "time": [
        0.0,
        1.0
      ],
      "transform": [
        [
          1.0,
          0.0,
          -0.0,
          -0.0,
          -0.0,
          0.00567,
          -0.999984,
          0.374726,
          -0.0,
          0.999984,
          0.00567,
          -0.0,
          0.0,
          0.0,
          0.0,
          1.0
        ],
        [
          1.0,
          0.0,
          -0.0,
          -0.0,
          -0.0,
          0.00567,
          -0.999984,
          0.374726,
          -0.0,
          0.999984,
          0.00567,
          -0.0,
          0.0,
          0.0,
          0.0,
          1.0
        ]
      ]
    },
    {
      "name": "Thigh_L",
      "time": [
        0.0,
        1.0
      ],
      "transform": [
        [
          0.897554,
          -0.23847,
          -0.370847,
          -0.125006,
          -0.089829,
          -0.922373,
          0.375712,
          -0.002831,
          -0.431656,
          -0.303909,
          -0.849301,
          -1.2e-05,
          0.0,
          0.0,
          0.0,
          1.0
        ],
        [
          0.897554,
          -0.23847,
          -0.370847,
          -0.125006,
          -0.089829,
          -0.922373,
          0.375712,
          -0.002831,
          -0.431656,
          -0.303909,
          -0.849301,
          -1.2e-05,
          0.0,
          0.0,
          0.0,
          1.0
        ]
      ]
    },
    {
      "name": "Leg_L",
      "time": [
        0.0,
        1.0
      ],
      "transform": [
        [
          1.0,
          6e-06,
          2e-06,
          0.0,
          -6e-06,
          0.957509,
          0.288405,
          0.374726,
          0.0,
          -0.288405,
          0.957509,
          -0.0,
          0.0,
          0.0,
          0.0,
          1.0
        ],
        [
          1.0,
          6e-06,
          2e-06,
          0.0,
          -6e-06,
          0.957509,
          0.288405,
          0.374726,
          0.0,
          -0.288405,
          0.957509,
          -0.0,
          0.0,
          0.0,
          0.0,
          1.0
        ]
      ]
    },
    {
      "name": "Knee_L",
      "time": [
        0.0,
        1.0
      ],
      "transform": [
        [
          1.0,
          0.0,
          -0.0,
          0.0,
          -0.0,
          0.00567,
          -0.999984,
          0.374726,
          -0.0,
          0.999984,
          0.00567,
          0.0,
          0.0,
          0.0,
          0.0,
          1.0
        ],
        [
          1.0,
          0.0,
          -0.0,
          0.0,
          -0.0,
          0.00567,
          -0.999984,
          0.374726,
          -0.0,
          0.999984,
          0.00567,
          0.0,
          0.0,
          0.0,
          0.0,
          1.0
        ]
      ]
    },
    {
      "name": "Torso",
      "time": [
        0.0,
        1.0
      ],
      "transform": [
        [
          1.0,
          0.0,
          0.0,
          0.0,
          0.0,
          1.0,
          0.0,
          0.05,
          0.0,
          0.0,
          1.0,
          0.0,
          0.0,
          0.0,
          0.0,
          1.0
        ],
        [
          1.0,
          0.0,
          0.0,
          0.0,
          0.0,
          1.0,
          0.0,
          0.05,
          0.0,
          0.0,
          1.0,
          0.0,
          0.0,
          0.0,
          0.0,
          1.0
        ]
      ]
    },
    {
      "name": "Chest",
      "time": [
        0.0,
        1.0
      ],
      "transform": [
        [
          1.0,
          0.0,
          0.0,
          0.0,
          0.0,
          1.0,
          0.0,
          0.3,
          0.0,
          0.0,
          1.0,
          0.0,
          0.0,
          0.0,
          0.0,
          1.0
        ],
        [
          1.0,
          0.0,
          0.0,
          0.0,
          0.0,
          1.0,
          0.0,
          0.3,
          0.0,
          0.0,
          1.0,
          0.0,
          0.0,
          0.0,
          0.0,
          1.0
        ]
      ]
    },
    {
      "name": "Head",
      "time": [
        0.0,
        1.0
      ],
      "transform": [
        [
          1.0,
          0.0,
          0.0,
          0.0,
          0.0,
          1.0,
          0.0,
          0.4,
          0.0,
          0.0,
          1.0,
          0.0,
          0.0,
          0.0,
          0.0,
          1.0
        ],
        [
          1.0,
          0.0,
          0.0,
          0.0,
          0.0,
          1.0,
          0.0,
          0.4,
          0.0,
          0.0,
          1.0,
          0.0,
          0.0,
          0.0,
          0.0,
          1.0
        ]
      ]
    },
    {
      "name": "Shoulder_R",
      "time": [
        0.0,
        1.0
      ],
      "transform": [
        [
          0.0,
          0.952114,
          0.305743,
          0.0,
          0.0,
          -0.305743,
          0.952114,
          0.4,
          1.0,
          0.0,
          -0.0,
          0.0,
          0.0,
          0.0,
          0.0,
          1.0
        ],
        [
          0.0,
          0.952114,
          0.305743,
          0.0,
          0.0,
          -0.305743,
          0.952114,
          0.4,
          1.0,
          0.0,
          -0.0,
          0.0,
          0.0,
          0.0,
          0.0,
          1.0
        ]
      ]
    },
    {
      "name": "Arm_R",
      "time": [
        0.0,
        1.0
      ],
      "transform": [
        [
          -0.738535,
          -0.512214,
          -0.43841,
          -0.0,
          0.051778,
          0.605243,
          -0.794355,
          0.393861,
          0.672224,
          -0.609359,
          -0.420472,
          -0.0,
          0.0,
          0.0,
          0.0,
          1.0
        ],
        [
          -0.738535,
          -0.512214,
          -0.43841,
          -0.0,
          0.051778,
          0.605243,
          -0.794355,
          0.393861,
          0.672224,
          -0.609359,
          -0.420472,
          -0.0,
          0.0,
          0.0,
          0.0,
          1.0
        ]
      ]
    },
    {
      "name": "Hand_R",
      "time": [
        0.0,
        1.0
      ],
      "transform": [
        [
          1.0,
          -2e-06,
          1e-06,
          0.0,
          2e-06,
          0.762173,
          -0.647374,
          0.300003,
          1e-06,
          0.647374,
          0.762173,
          0.0,
          0.0,
          0.0,
          0.0,
          1.0
        ],
        [
          1.0,
          -2e-06,
          1e-06,
          0.0,
          2e-06,
          0.762173,
          -0.647374,
          0.300003,
          1e-06,
          0.647374,
          0.762173,
          0.0,
          0.0,
          0.0,
          0.0,
          1.0
        ]
      ]
    },
    {
      "name": "Tool_R",
      "time": [
        0.0,
        1.0
      ],
      "transform": [
        [
          0.998611,
          -0.021571,
          0.048081,
          0.020169,
          -0.021087,
          -0.999722,
          -0.010559,
          0.310989,
          0.048295,
          0.00953,
          -0.998788,
          0.116722,
          0.0,
          0.0,
          0.0,
          1.0
        ],
        [
          0.998611,
          -0.021571,
          0.048081,
          0.020169,
          -0.021087,
          -0.999722,
          -0.010559,
          0.310989,
          0.048295,
          0.00953,
          -0.998788,
          0.116722,
          0.0,
          0.0,
          0.0,
          1.0
        ]
      ]
    },
    {
      "name": "Elbow_R",
      "time": [
        0.0,
        1.0
      ],
      "transform": [
        [
          -1.0,
          0.0,
          0.0,
          0.0,
          0.0,
          0.003946,
          -0.999992,
          0.365183,
          -0.0,
          -0.999992,
          -0.003946,
          -0.000995,
          0.0,
          0.0,
          0.0,
          1.0
        ],
        [
          -1.0,
          0.0,
          0.0,
          0.0,
          0.0,
          0.003946,
          -0.999992,
          0.365183,
          -0.0,
          -0.999992,
          -0.003946,
          -0.000995,
          0.0,
          0.0,
          0.0,
          1.0
        ]
      ]
    },
    {
      "name": "Shoulder_L",
      "time": [
        0.0,
        1.0
      ],
      "transform": [
        [
          -0.077851,
          -0.936209,
          -0.342712,
          0.0,
          -0.190946,
          -0.32339,
          0.9268,
          0.4,
          -0.978508,
          0.137592,
          -0.153589,
          0.0,
          0.0,
          0.0,
          0.0,
          1.0
        ],
        [
          -0.077851,
          -0.936209,
          -0.342712,
          0.0,
          -0.190946,
          -0.32339,
          0.9268,
          0.4,
          -0.978508,
          0.137592,
          -0.153589,
          0.0,
          0.0,
          0.0,
          0.0,
          1.0
        ]
      ]
    },
    {
      "name": "Arm_L",
      "time": [
        0.0,
        1.0
      ],
      "transform": [
        [
          -0.138173,
          0.712925,
          0.687492,
          0.0,
          -0.822028,
          0.304631,
          -0.481112,
          0.39386,
          -0.552429,
          -0.631615,
          0.543953,
          -0.0,
          0.0,
          0.0,
          0.0,
          1.0
        ],
        [
          -0.138173,
          0.712925,
          0.687492,
          0.0,
          -0.822028,
          0.304631,
          -0.481112,
          0.39386,
          -0.552429,
          -0.631615,
          0.543953,
          -0.0,
          0.0,
          0.0,
          0.0,
          1.0
        ]
      ]
    },
    {
      "name": "Hand_L",
      "time": [
        0.0,
        1.0
      ],
      "transform": [
        [
          1.0,
          -1e-06,
          1e-06,
          -0.0,
          1e-06,
          -0.204933,
          -0.978777,
          0.300002,
          1e-06,
          0.978777,
          -0.204933,
          -0.0,
          0.0,
          0.0,
          0.0,
          1.0
        ],
        [
          1.0,
          -1e-06,
          1e-06,
          -0.0,
          1e-06,
          -0.204933,
          -0.978777,
          0.300002,
          1e-06,
          0.978777,
          -0.204933,
          -0.0,
          0.0,
          0.0,
          0.0,
          1.0
        ]
      ]
    },
    {
      "name": "Tool_L",
      "time": [
        0.0,
        1.0
      ],
      "transform": [
        [
          1.0,
          0.0,
          0.0,
          0.0,
          -0.0,
          -0.999559,
          -0.029689,
          0.271711,
          0.0,
          0.029689,
          -0.999559,
          -0.028915,
          0.0,
          0.0,
          0.0,
          1.0
        ],
        [
          1.0,
          0.0,
          0.0,
          0.0,
          -0.0,
          -0.999559,
          -0.029689,
          0.271711,
          0.0,
          0.029689,
          -0.999559,
          -0.028915,
          0.0,
          0.0,
          0.0,
          1.0
        ]
      ]
    },
    {
      "name": "Elbow_L",
      "time": [
        0.0,
        1.0
      ],
      "transform": [
        [
          -1.0,
          0.0,
          -0.0,
          -0.0,
          0.0,
          0.003946,
          -0.999992,
          0.447206,
          -0.0,
          -0.999993,
          -0.003946,
          -0.000671,
          0.0,
          0.0,
          0.0,
          1.0
        ],
        [
          -1.0,
          0.0,
          -0.0,
          -0.0,
          0.0,
          0.003946,
          -0.999992,
          0.447206,
          -0.0,
          -0.999993,
          -0.003946,
          -0.000671,
          0.0,
          0.0,
          0.0,
          1.0
        ]
      ]
    },
    {
      "name": "IK-Thigh_R",
      "time": [
        0.0,
        1.0
      ],
      "transform": [
        [
          0.961964,
          0.242167,
          0.126412,
          0.124994,
          0.251545,
          -0.965716,
          -0.064169,
          -0.002831,
          0.106539,
          0.093527,
          -0.9899,
          -1.2e-05,
          0.0,
          0.0,
          0.0,
          1.0
        ],
        [
          0.961964,
          0.242167,
          0.126412,
          0.124994,
          0.251545,
          -0.965716,
          -0.064169,
          -0.002831,
          0.106539,
          0.093527,
          -0.9899,
          -1.2e-05,
          0.0,
          0.0,
          0.0,
          1.0
        ]
      ]
    },
    {
      "name": "IK-Leg_R",
      "time": [
        0.0,
        1.0
      ],
      "transform": [
        [
          1.0,
          3e-06,
          1e-06,
          -0.0,
          -3e-06,
          0.99211,
          0.125373,
          0.374726,
          -1e-06,
          -0.125373,
          0.99211,
          -0.0,
          0.0,
          0.0,
          0.0,
          1.0
        ],
        [
          1.0,
          3e-06,
          1e-06,
          -0.0,
          -3e-06,
          0.99211,
          0.125373,
          0.374726,
          -1e-06,
          -0.125373,
          0.99211,
          -0.0,
          0.0,
          0.0,
          0.0,
          1.0
        ]
      ]
    },
    {
      "name": "IK-Thigh_L",
      "time": [
        0.0,
        1.0
      ],
      "transform": [
        [
          0.897554,
          -0.23847,
          -0.370847,
          -0.125006,
          -0.089829,
          -0.922373,
          0.375712,
          -0.002831,
          -0.431656,
          -0.303909,
          -0.849301,
          -1.2e-05,
          0.0,
          0.0,
          0.0,
          1.0
        ],
        [
          0.897554,
          -0.23847,
          -0.370847,
          -0.125006,
          -0.089829,
          -0.922373,
          0.375712,
          -0.002831,
          -0.431656,
          -0.303909,
          -0.849301,
          -1.2e-05,
          0.0,
          0.0,
          0.0,
          1.0
        ]
      ]
    }
  ]
}